0 0.20072115384615385 0.20432692307692307 0.20432692307692307 0.23076923076923078
0 0.10096153846153846 0.109375 0.15384615384615385 0.052884615384615384
0 0.036057692307692304 0.17067307692307693 0.06490384615384616 0.18269230769230768
0 0.36899038461538464 0.13341346153846154 0.1466346153846154 0.0889423076923077
0 0.6274038461538461 0.23076923076923078 0.17067307692307693 0.1875
0 0.6778846153846154 0.17067307692307693 0.15865384615384615 0.10096153846153846
0 0.671875 0.11298076923076923 0.11778846153846154 0.04807692307692308
0 0.5108173076923077 0.1310096153846154 0.15144230769230768 0.10576923076923077
0 0.9639423076923077 0.19230769230769232 0.0673076923076923 0.1346153846153846
0 0.8461538461538461 0.5264423076923077 0.13942307692307693 0.18269230769230768
0 0.7920673076923077 0.20192307692307693 0.16826923076923078 0.11057692307692307
0 0.8509615384615384 0.3269230769230769 0.14903846153846154 0.16346153846153846
0 0.9639423076923077 0.3629807692307692 0.0673076923076923 0.27884615384615385
0 0.9435096153846154 0.5192307692307693 0.10817307692307693 0.14903846153846154
0 0.7764423076923077 0.49759615384615385 0.0673076923076923 0.16826923076923078
0 0.6682692307692307 0.4266826923076923 0.23076923076923078 0.2980769230769231
0 0.5108173076923077 0.3713942307692308 0.0985576923076923 0.11538461538461539
0 0.42427884615384615 0.3737980769230769 0.20432692307692307 0.2980769230769231
0 0.25 0.35336538461538464 0.15865384615384615 0.18269230769230768
0 0.1045673076923077 0.35096153846153844 0.13221153846153846 0.15865384615384615
0 0.056490384615384616 0.4266826923076923 0.10576923076923077 0.12980769230769232
0 0.06971153846153846 0.6201923076923077 0.13221153846153846 0.24519230769230768
0 0.20673076923076922 0.5108173076923077 0.20673076923076922 0.21634615384615385
0 0.109375 0.7644230769230769 0.11538461538461539 0.08413461538461539
0 0.16706730769230768 0.8641826923076923 0.11538461538461539 0.1346153846153846
0 0.23677884615384615 0.9158653846153846 0.11778846153846154 0.0625
0 0.30288461538461536 0.8581730769230769 0.2283653846153846 0.15865384615384615
0 0.27283653846153844 0.8245192307692307 0.12259615384615384 0.11057692307692307
0 0.4206730769230769 0.8293269230769231 0.11538461538461539 0.14182692307692307
0 0.5384615384615384 0.8737980769230769 0.0985576923076923 0.11538461538461539
0 0.6286057692307693 0.8377403846153846 0.07451923076923077 0.11538461538461539
0 0.7043269230769231 0.8245192307692307 0.14423076923076922 0.15144230769230768
0 0.7632211538461539 0.6706730769230769 0.07932692307692307 0.12740384615384615
0 0.8197115384615384 0.7331730769230769 0.11057692307692307 0.15865384615384615
0 0.8221153846153846 0.8197115384615384 0.09134615384615384 0.04807692307692308
0 0.9206730769230769 0.7668269230769231 0.12980769230769232 0.19230769230769232
0 0.9507211538461539 0.9074519230769231 0.09375 0.10817307692307693
0 0.9855769230769231 0.7824519230769231 0.02403846153846154 0.1658653846153846
0 0.9579326923076923 0.6730769230769231 0.08173076923076923 0.13221153846153846
0 0.9735576923076923 0.6430288461538461 0.04807692307692308 0.11298076923076923
0 0.5 0.5600961538461539 0.18990384615384615 0.23076923076923078
0 0.36778846153846156 0.5889423076923077 0.08173076923076923 0.10096153846153846
0 0.49278846153846156 0.7271634615384616 0.15865384615384615 0.1778846153846154
0 0.578125 0.7512019230769231 0.09615384615384616 0.14182692307692307
0 0.6706730769230769 0.6574519230769231 0.20432692307692307 0.20432692307692307
0 0.8293269230769231 0.8221153846153846 0.07692307692307693 0.03125
0 0.7932692307692307 0.8509615384615384 0.06490384615384616 0.0673076923076923