0 0.8377403846153846 0.4387019230769231 0.3173076923076923 0.4951923076923077
0 0.8401442307692307 0.14423076923076922 0.3125 0.27884615384615385
0 0.4651442307692308 0.10576923076923077 0.4423076923076923 0.20192307692307693
0 0.5060096153846154 0.4026442307692308 0.40865384615384615 0.5360576923076923
0 0.12379807692307693 0.11057692307692307 0.24759615384615385 0.21153846153846154
0 0.17548076923076922 0.43509615384615385 0.35096153846153844 0.5
0 0.2283653846153846 0.8413461538461539 0.27884615384615385 0.3125
0 0.5360576923076923 0.8341346153846154 0.34615384615384615 0.3269230769230769
0 0.8185096153846154 0.8389423076923077 0.3581730769230769 0.3173076923076923
0 0.08052884615384616 0.8389423076923077 0.16105769230769232 0.3173076923076923
0 0.4987980769230769 0.5012019230769231 0.9975961538461539 0.9975961538461539