0 0.40024038461538464 0.6430288461538461 0.24519230769230768 0.1658653846153846
0 0.3954326923076923 0.7163461538461539 0.22596153846153846 0.10576923076923077
0 0.5276442307692307 0.7584134615384616 0.16346153846153846 0.04326923076923077
0 0.38221153846153844 0.7716346153846154 0.13942307692307693 0.07692307692307693
0 0.5661057692307693 0.7259615384615384 0.15865384615384615 0.04807692307692308
0 0.5048076923076923 0.6430288461538461 0.30288461538461536 0.14423076923076922
0 0.6586538461538461 0.7235576923076923 0.057692307692307696 0.0673076923076923
0 0.6430288461538461 0.6526442307692307 0.057692307692307696 0.07692307692307693
0 0.5925480769230769 0.5697115384615384 0.12980769230769232 0.11057692307692307
0 0.6081730769230769 0.53125 0.0673076923076923 0.057692307692307696
0 0.6262019230769231 0.515625 0.019230769230769232 0.04326923076923077
0 0.4387019230769231 0.49759615384615385 0.09615384615384616 0.08653846153846154
0 0.47716346153846156 0.5757211538461539 0.11298076923076923 0.09134615384615384
0 0.5384615384615384 0.5036057692307693 0.09134615384615384 0.07211538461538461
0 0.49759615384615385 0.4423076923076923 0.07211538461538461 0.07211538461538461
0 0.5793269230769231 0.4423076923076923 0.10096153846153846 0.09615384615384616
0 0.5516826923076923 0.3605769230769231 0.12980769230769232 0.08173076923076923
0 0.5492788461538461 0.27163461538461536 0.12259615384615384 0.0889423076923077
0 0.42788461538461536 0.34975961538461536 0.08653846153846154 0.10576923076923077
0 0.45913461538461536 0.23918269230769232 0.10817307692307693 0.038461538461538464
0 0.4050480769230769 0.20793269230769232 0.040865384615384616 0.0625
0 0.29447115384615385 0.375 0.08653846153846154 0.1778846153846154
0 0.3329326923076923 0.4050480769230769 0.08173076923076923 0.19230769230769232
0 0.3737980769230769 0.4483173076923077 0.08173076923076923 0.1778846153846154
0 0.4254807692307692 0.4110576923076923 0.0625 0.09615384615384616
0 0.3737980769230769 0.3317307692307692 0.0625 0.07692307692307693
0 0.35697115384615385 0.2860576923076923 0.07692307692307693 0.0625