0 0.6069711538461539 0.8088942307692307 0.1971153846153846 0.12740384615384615
0 0.32572115384615385 0.6887019230769231 0.23557692307692307 0.0985576923076923
0 0.4230769230769231 0.5637019230769231 0.16826923076923078 0.15384615384615385
0 0.15625 0.5168269230769231 0.3004807692307692 0.21153846153846154
0 0.8485576923076923 0.39663461538461536 0.2980769230769231 0.17307692307692307
0 0.7764423076923077 0.6550480769230769 0.16346153846153846 0.11057692307692307
0 0.6826923076923077 0.6658653846153846 0.17307692307692307 0.11538461538461539
0 0.8413461538461539 0.5769230769230769 0.1875 0.0985576923076923
0 0.9014423076923077 0.6814903846153846 0.1875 0.09134615384615384
0 0.8413461538461539 0.7584134615384616 0.17307692307692307 0.08413461538461539
0 0.953125 0.7415865384615384 0.09134615384615384 0.11538461538461539
0 0.5432692307692307 0.23317307692307693 0.8581730769230769 0.46634615384615385