0 0.109375 0.6887019230769231 0.21153846153846154 0.6105769230769231
0 0.4026442307692308 0.8798076923076923 0.7067307692307693 0.22596153846153846
0 0.21153846153846154 0.9314903846153846 0.3317307692307692 0.125
0 0.203125 0.5 0.22115384615384615 0.5913461538461539
0 0.14182692307692307 0.3088942307692308 0.27884615384615385 0.49759615384615385
0 0.07572115384615384 0.23677884615384615 0.14423076923076922 0.36538461538461536
0 0.07091346153846154 0.09014423076923077 0.057692307692307696 0.1778846153846154
0 0.030048076923076924 0.10817307692307693 0.052884615384615384 0.16826923076923078
0 0.14903846153846154 0.054086538461538464 0.13942307692307693 0.10817307692307693
0 0.2439903846153846 0.039663461538461536 0.06009615384615385 0.07932692307692307
0 0.3137019230769231 0.08413461538461539 0.125 0.16826923076923078
0 0.45072115384615385 0.07572115384615384 0.22355769230769232 0.15144230769230768
0 0.3942307692307692 0.12259615384615384 0.15384615384615385 0.07692307692307693
0 0.5408653846153846 0.042067307692307696 0.13942307692307693 0.08413461538461539
0 0.6322115384615384 0.05048076923076923 0.10096153846153846 0.09134615384615384
0 0.7007211538461539 0.140625 0.2548076923076923 0.1971153846153846
0 0.38822115384615385 0.22115384615384615 0.37259615384615385 0.19230769230769232
0 0.40384615384615385 0.4098557692307692 0.3798076923076923 0.3293269230769231
0 0.5324519230769231 0.6141826923076923 0.38461538461538464 0.3894230769230769
0 0.2932692307692308 0.65625 0.125 0.18509615384615385
0 0.6850961538461539 0.7572115384615384 0.22115384615384615 0.16346153846153846
0 0.8497596153846154 0.8112980769230769 0.2956730769230769 0.36778846153846156
0 0.9507211538461539 0.5564903846153846 0.09375 0.1466346153846154
0 0.9603365384615384 0.421875 0.0673076923076923 0.14903846153846154
0 0.9783653846153846 0.3737980769230769 0.038461538461538464 0.11298076923076923
0 0.9206730769230769 0.3473557692307692 0.13221153846153846 0.19230769230769232
0 0.8617788461538461 0.4074519230769231 0.1201923076923077 0.5865384615384616
0 0.7692307692307693 0.4879807692307692 0.1778846153846154 0.5576923076923077
0 0.6069711538461539 0.2860576923076923 0.78125 0.5721153846153846
0 0.5012019230769231 0.49759615384615385 0.9951923076923077 0.9951923076923077