0 0.4891826923076923 0.3112980769230769 0.25240384615384615 0.3269230769230769
0 0.5889423076923077 0.4098557692307692 0.18269230769230768 0.28365384615384615
0 0.5252403846153846 0.5661057692307693 0.15625 0.23557692307692307
0 0.39783653846153844 0.7079326923076923 0.14182692307692307 0.15865384615384615
0 0.41947115384615385 0.8064903846153846 0.28125 0.32211538461538464
0 0.3293269230769231 0.3137019230769231 0.23076923076923078 0.23557692307692307
0 0.3581730769230769 0.48677884615384615 0.052884615384615384 0.11057692307692307
0 0.4050480769230769 0.5216346153846154 0.04807692307692308 0.08173076923076923
0 0.5108173076923077 0.8004807692307693 0.20673076923076922 0.25721153846153844
0 0.5324519230769231 0.8329326923076923 0.15625 0.21153846153846154
0 0.5576923076923077 0.8737980769230769 0.14903846153846154 0.2403846153846154
0 0.5805288461538461 0.8966346153846154 0.12740384615384615 0.1971153846153846
0 0.5685096153846154 0.9759615384615384 0.038461538461538464 0.038461538461538464
0 0.6418269230769231 0.9014423076923077 0.04807692307692308 0.07692307692307693
0 0.6442307692307693 0.9699519230769231 0.05048076923076923 0.04807692307692308
0 0.6850961538461539 0.9399038461538461 0.04807692307692308 0.07692307692307693
0 0.6983173076923077 0.8798076923076923 0.057692307692307696 0.07692307692307693
0 0.6550480769230769 0.8413461538461539 0.04326923076923077 0.0673076923076923
0 0.765625 0.9074519230769231 0.0625 0.07692307692307693
0 0.7403846153846154 0.9615384615384616 0.052884615384615384 0.0673076923076923
0 0.8040865384615384 0.953125 0.06490384615384616 0.08173076923076923
0 0.8725961538461539 0.8774038461538461 0.08173076923076923 0.18028846153846154
0 0.875 0.9867788461538461 0.07692307692307693 0.016826923076923076
0 0.9459134615384616 0.9074519230769231 0.10336538461538461 0.17548076923076922
0 0.40384615384615385 0.16346153846153846 0.057692307692307696 0.0673076923076923
0 0.46875 0.13942307692307693 0.04326923076923077 0.08173076923076923
0 0.4387019230769231 0.09615384615384616 0.04807692307692308 0.08173076923076923
0 0.3894230769230769 0.03125 0.052884615384615384 0.057692307692307696
0 0.44591346153846156 0.027644230769230768 0.038461538461538464 0.052884615384615384
0 0.47596153846153844 0.054086538461538464 0.028846153846153848 0.07692307692307693
0 0.7584134615384616 0.2704326923076923 0.28846153846153844 0.37740384615384615
0 0.7584134615384616 0.6586538461538461 0.28846153846153844 0.4206730769230769
0 0.9435096153846154 0.7307692307692307 0.10817307692307693 0.25
0 0.9495192307692307 0.41225961538461536 0.09615384615384616 0.36778846153846156
0 0.8798076923076923 0.11778846153846154 0.23557692307692307 0.23076923076923078
0 0.6262019230769231 0.09495192307692307 0.2860576923076923 0.18509615384615385