0 0.5709134615384616 0.5 0.40865384615384615 0.38221153846153844
0 0.3557692307692308 0.13221153846153846 0.3389423076923077 0.25961538461538464
0 0.18269230769230768 0.12860576923076922 0.11538461538461539 0.12740384615384615
0 0.2620192307692308 0.3401442307692308 0.1875 0.1778846153846154
0 0.2764423076923077 0.46153846153846156 0.23557692307692307 0.125
0 0.13341346153846154 0.4050480769230769 0.08173076923076923 0.15625
0 0.07932692307692307 0.5324519230769231 0.09134615384615384 0.09134615384615384
0 0.06850961538461539 0.2776442307692308 0.125 0.4831730769230769
0 0.17427884615384615 0.052884615384615384 0.20673076923076922 0.0985576923076923
0 0.3389423076923077 0.7271634615384616 0.6682692307692307 0.4951923076923077
0 0.15384615384615385 0.9783653846153846 0.2980769230769231 0.038461538461538464
0 0.5216346153846154 0.7451923076923077 0.32211538461538464 0.2980769230769231
0 0.328125 0.9278846153846154 0.2764423076923077 0.13942307692307693
0 0.703125 0.9002403846153846 0.21394230769230768 0.19471153846153846
0 0.5625 0.9134615384615384 0.2548076923076923 0.16826923076923078
0 0.46153846153846156 0.25240384615384615 0.14903846153846154 0.20673076923076922
0 0.6262019230769231 0.21634615384615385 0.22355769230769232 0.19230769230769232
0 0.6225961538461539 0.21514423076923078 0.20673076923076922 0.2692307692307692
0 0.6117788461538461 0.042067307692307696 0.20673076923076922 0.07692307692307693
0 0.6694711538461539 0.20192307692307693 0.15865384615384615 0.30288461538461536
0 0.8305288461538461 0.21634615384615385 0.1971153846153846 0.14182692307692307
0 0.8581730769230769 0.17067307692307693 0.2620192307692308 0.30528846153846156
0 0.828125 0.3557692307692308 0.13701923076923078 0.11057692307692307
0 0.8581730769230769 0.4110576923076923 0.1875 0.15865384615384615
0 0.8197115384615384 0.5612980769230769 0.08653846153846154 0.1346153846153846
0 0.8557692307692307 0.6201923076923077 0.13701923076923078 0.25961538461538464
0 0.8665865384615384 0.8725961538461539 0.10336538461538461 0.1971153846153846
0 0.7596153846153846 0.7067307692307693 0.1971153846153846 0.19951923076923078
0 0.9074519230769231 0.8485576923076923 0.11057692307692307 0.19230769230769232
0 0.8473557692307693 0.9699519230769231 0.0889423076923077 0.055288461538461536