0 0.5997596153846154 0.49399038461538464 0.125 0.25
0 0.4855769230769231 0.5144230769230769 0.11538461538461539 0.23076923076923078
0 0.4831730769230769 0.3125 0.10817307692307693 0.20673076923076922
0 0.5072115384615384 0.11658653846153846 0.1346153846153846 0.23076923076923078
0 0.5985576923076923 0.2704326923076923 0.13701923076923078 0.23076923076923078
0 0.6454326923076923 0.1935096153846154 0.11778846153846154 0.20673076923076922
0 0.6838942307692307 0.4699519230769231 0.07211538461538461 0.16826923076923078
0 0.6670673076923077 0.6670673076923077 0.13942307692307693 0.23798076923076922
0 0.5264423076923077 0.6670673076923077 0.06009615384615385 0.10576923076923077
0 0.4963942307692308 0.7524038461538461 0.11298076923076923 0.20673076923076922
0 0.5985576923076923 0.8485576923076923 0.125 0.20673076923076922
0 0.5396634615384616 0.9230769230769231 0.10576923076923077 0.14423076923076922
0 0.6694711538461539 0.8605769230769231 0.0673076923076923 0.16105769230769232
0 0.6177884615384616 0.37259615384615385 0.09134615384615384 0.07692307692307693