0 0.039663461538461536 0.7379807692307693 0.07211538461538461 0.08173076923076923
0 0.021634615384615384 0.7151442307692307 0.036057692307692304 0.036057692307692304
0 0.052884615384615384 0.7644230769230769 0.09615384615384616 0.09615384615384616
0 0.037259615384615384 0.8137019230769231 0.0673076923076923 0.07211538461538461
0 0.0889423076923077 0.8088942307692307 0.10576923076923077 0.11538461538461539
0 0.018028846153846152 0.8617788461538461 0.026442307692307692 0.026442307692307692
0 0.052884615384615384 0.8581730769230769 0.09615384615384616 0.09615384615384616
0 0.09615384615384616 0.8305288461538461 0.18269230769230768 0.1971153846153846
0 0.026442307692307692 0.9447115384615384 0.04326923076923077 0.04807692307692308
0 0.06850961538461539 0.9338942307692307 0.04807692307692308 0.036057692307692304
0 0.1622596153846154 0.8665865384615384 0.10096153846153846 0.22115384615384615
0 0.17307692307692307 0.890625 0.08173076923076923 0.10096153846153846
0 0.16947115384615385 0.90625 0.0625 0.04326923076923077
0 0.018028846153846152 0.6310096153846154 0.026442307692307692 0.1346153846153846
0 0.03365384615384615 0.6358173076923077 0.021634615384615384 0.125
0 0.04927884615384615 0.6262019230769231 0.026442307692307692 0.1346153846153846
0 0.0733173076923077 0.6225961538461539 0.03125 0.14182692307692307
0 0.109375 0.6622596153846154 0.03125 0.15144230769230768
0 0.125 0.625 0.04326923076923077 0.13942307692307693
0 0.1310096153846154 0.7043269230769231 0.03125 0.09375
0 0.14903846153846154 0.6418269230769231 0.03125 0.09375
0 0.15985576923076922 0.6105769230769231 0.036057692307692304 0.07692307692307693
0 0.2247596153846154 0.578125 0.09375 0.11538461538461539
0 0.20192307692307693 0.6694711538461539 0.10096153846153846 0.12980769230769232
0 0.3112980769230769 0.8798076923076923 0.15865384615384615 0.09615384615384616
0 0.25721153846153844 0.8221153846153846 0.10576923076923077 0.08173076923076923
0 0.3605769230769231 0.7980769230769231 0.0889423076923077 0.0673076923076923
0 0.45552884615384615 0.9194711538461539 0.057692307692307696 0.0625
0 0.4026442307692308 0.9086538461538461 0.057692307692307696 0.038461538461538464
0 0.5084134615384616 0.9194711538461539 0.04807692307692308 0.0625
0 0.49278846153846156 0.8581730769230769 0.0889423076923077 0.052884615384615384
0 0.484375 0.7932692307692307 0.0889423076923077 0.08413461538461539
0 0.421875 0.8485576923076923 0.052884615384615384 0.10576923076923077
0 0.4110576923076923 0.7512019230769231 0.09375 0.052884615384615384
0 0.38221153846153844 0.6862980769230769 0.14182692307692307 0.08413461538461539
0 0.2956730769230769 0.7463942307692307 0.11057692307692307 0.08173076923076923
0 0.3112980769230769 0.6598557692307693 0.07211538461538461 0.08413461538461539
0 0.2824519230769231 0.6310096153846154 0.0673076923076923 0.0625
0 0.32211538461538464 0.5913461538461539 0.057692307692307696 0.0625
0 0.3581730769230769 0.5685096153846154 0.09375 0.08173076923076923
0 0.4375 0.5997596153846154 0.08413461538461539 0.08173076923076923
0 0.37740384615384615 0.6262019230769231 0.07211538461538461 0.07211538461538461
0 0.5048076923076923 0.625 0.11057692307692307 0.0673076923076923
0 0.484375 0.6826923076923077 0.0889423076923077 0.08413461538461539
0 0.5024038461538461 0.7271634615384616 0.052884615384615384 0.04807692307692308
0 0.546875 0.9266826923076923 0.1346153846153846 0.13942307692307693
0 0.578125 0.9350961538461539 0.16826923076923078 0.1201923076923077
0 0.6418269230769231 0.9507211538461539 0.10096153846153846 0.0889423076923077
0 0.9759615384615384 0.9014423076923077 0.04326923076923077 0.052884615384615384
0 0.9471153846153846 0.8557692307692307 0.052884615384615384 0.04807692307692308
0 0.9831730769230769 0.8545673076923077 0.028846153846153848 0.055288461538461536
0 0.9290865384615384 0.8221153846153846 0.052884615384615384 0.04326923076923077
0 0.9759615384615384 0.8028846153846154 0.04326923076923077 0.04326923076923077
0 0.9194711538461539 0.7824519230769231 0.04326923076923077 0.026442307692307692
0 0.9375 0.7572115384615384 0.052884615384615384 0.03125
0 0.9483173076923077 0.7307692307692307 0.03125 0.021634615384615384
0 0.9831730769230769 0.7331730769230769 0.028846153846153848 0.04807692307692308
0 0.9879807692307693 0.7752403846153846 0.019230769230769232 0.040865384615384616
0 0.9086538461538461 0.5661057692307693 0.16346153846153846 0.22596153846153846
0 0.8954326923076923 0.36177884615384615 0.13942307692307693 0.0673076923076923
0 0.90625 0.3713942307692308 0.1346153846153846 0.03125
0 0.9194711538461539 0.3894230769230769 0.15865384615384615 0.021634615384615384
0 0.90625 0.41947115384615385 0.0889423076923077 0.038461538461538464
0 0.9483173076923077 0.42908653846153844 0.10096153846153846 0.021634615384615384
0 0.9254807692307693 0.390625 0.14423076923076922 0.11778846153846154
0 0.9290865384615384 0.21995192307692307 0.11538461538461539 0.0673076923076923
0 0.9038461538461539 0.1622596153846154 0.08413461538461539 0.09375
0 0.9663461538461539 0.17307692307692307 0.038461538461538464 0.0625
0 0.9795673076923077 0.1201923076923077 0.038461538461538464 0.14182692307692307
0 0.9879807692307693 0.2247596153846154 0.019230769230769232 0.06971153846153846
0 0.8040865384615384 0.15985576923076922 0.08173076923076923 0.0889423076923077
0 0.7956730769230769 0.2127403846153846 0.052884615384615384 0.052884615384615384
0 0.8305288461538461 0.3137019230769231 0.04326923076923077 0.23557692307692307
0 0.8064903846153846 0.33052884615384615 0.04807692307692308 0.23557692307692307
0 0.7800480769230769 0.3605769230769231 0.07692307692307693 0.2668269230769231
0 0.7512019230769231 0.18269230769230768 0.052884615384615384 0.0889423076923077
0 0.7151442307692307 0.3112980769230769 0.10576923076923077 0.36538461538461536
0 0.7067307692307693 0.38221153846153844 0.052884615384615384 0.22115384615384615
0 0.6538461538461539 0.25600961538461536 0.052884615384615384 0.22596153846153846
0 0.6514423076923077 0.3137019230769231 0.08413461538461539 0.34134615384615385
0 0.625 0.3425480769230769 0.038461538461538464 0.2932692307692308
0 0.5841346153846154 0.3173076923076923 0.057692307692307696 0.3076923076923077
0 0.6574519230769231 0.10216346153846154 0.07211538461538461 0.08173076923076923
0 0.609375 0.11538461538461539 0.04326923076923077 0.07211538461538461
0 0.5889423076923077 0.13581730769230768 0.057692307692307696 0.04807692307692308
0 0.6670673076923077 0.04447115384615385 0.0625 0.052884615384615384
0 0.7247596153846154 0.09735576923076923 0.07211538461538461 0.11538461538461539
0 0.7487980769230769 0.06850961538461539 0.0673076923076923 0.09375
0 0.8449519230769231 0.020432692307692308 0.21153846153846154 0.038461538461538464
0 0.5600961538461539 0.04927884615384615 0.09615384615384616 0.09615384615384616
0 0.37740384615384615 0.08173076923076923 0.14182692307692307 0.13942307692307693
0 0.5492788461538461 0.3329326923076923 0.07692307692307693 0.2932692307692308
0 0.5204326923076923 0.2980769230769231 0.08173076923076923 0.375
0 0.48677884615384615 0.30408653846153844 0.038461538461538464 0.28846153846153844
0 0.4579326923076923 0.2956730769230769 0.052884615384615384 0.37740384615384615
0 0.42908653846153844 0.3161057692307692 0.0673076923076923 0.33653846153846156
0 0.39783653846153844 0.33774038461538464 0.0673076923076923 0.30288461538461536
0 0.36177884615384615 0.32211538461538464 0.0673076923076923 0.3245192307692308
0 0.3329326923076923 0.3293269230769231 0.04326923076923077 0.31971153846153844
0 0.3016826923076923 0.3329326923076923 0.052884615384615384 0.3557692307692308
0 0.2692307692307692 0.3798076923076923 0.038461538461538464 0.21634615384615385
0 0.2956730769230769 0.2980769230769231 0.014423076923076924 0.22115384615384615
0 0.22235576923076922 0.15504807692307693 0.052884615384615384 0.052884615384615384
0 0.2512019230769231 0.09735576923076923 0.0673076923076923 0.052884615384615384
0 0.27524038461538464 0.14423076923076922 0.0625 0.057692307692307696
0 0.19591346153846154 0.06850961538461539 0.04326923076923077 0.04807692307692308
0 0.1622596153846154 0.057692307692307696 0.057692307692307696 0.026442307692307692
0 0.15384615384615385 0.09615384615384616 0.08413461538461539 0.07692307692307693
0 0.20192307692307693 0.11298076923076923 0.038461538461538464 0.038461538461538464
0 0.14182692307692307 0.13341346153846154 0.0625 0.0889423076923077
0 0.09975961538461539 0.1310096153846154 0.03125 0.07692307692307693
0 0.08052884615384616 0.16466346153846154 0.036057692307692304 0.07211538461538461
0 0.06009615384615385 0.19591346153846154 0.03125 0.036057692307692304
0 0.17067307692307693 0.15985576923076922 0.038461538461538464 0.026442307692307692
0 0.018028846153846152 0.06850961538461539 0.026442307692307692 0.08413461538461539
0 0.04927884615384615 0.109375 0.08173076923076923 0.04807692307692308
0 0.03125 0.16706730769230768 0.052884615384615384 0.09375
0 0.20432692307692307 0.24278846153846154 0.0625 0.038461538461538464
0 0.1466346153846154 0.2439903846153846 0.0625 0.036057692307692304
0 0.13942307692307693 0.27524038461538464 0.09375 0.04326923076923077
0 0.2127403846153846 0.27283653846153844 0.036057692307692304 0.021634615384615384
0 0.1622596153846154 0.2848557692307692 0.057692307692307696 0.026442307692307692
0 0.21514423076923078 0.4182692307692308 0.07692307692307693 0.052884615384615384
0 0.1622596153846154 0.41346153846153844 0.038461538461538464 0.04326923076923077
0 0.15384615384615385 0.44711538461538464 0.04807692307692308 0.03125
0 0.1310096153846154 0.47115384615384615 0.057692307692307696 0.036057692307692304
0 0.18870192307692307 0.4639423076923077 0.057692307692307696 0.038461538461538464
0 0.18269230769230768 0.3713942307692308 0.10576923076923077 0.04807692307692308
0 0.09975961538461539 0.4375 0.07692307692307693 0.09375
0 0.036057692307692304 0.44471153846153844 0.0625 0.07211538461538461
0 0.026442307692307692 0.40384615384615385 0.04326923076923077 0.0625
0 0.03365384615384615 0.34615384615384615 0.04807692307692308 0.052884615384615384
0 0.0733173076923077 0.3713942307692308 0.04807692307692308 0.057692307692307696
0 0.10697115384615384 0.38461538461538464 0.04326923076923077 0.057692307692307696
0 0.1310096153846154 0.3581730769230769 0.07692307692307693 0.038461538461538464
0 0.078125 0.3293269230769231 0.04807692307692308 0.026442307692307692
0 0.6490384615384616 0.59375 0.052884615384615384 0.04807692307692308
0 0.6911057692307693 0.5997596153846154 0.03125 0.036057692307692304
0 0.6598557692307693 0.6225961538461539 0.03125 0.052884615384615384
0 0.7151442307692307 0.6105769230769231 0.052884615384615384 0.021634615384615384
0 0.7776442307692307 0.6129807692307693 0.0625 0.026442307692307692
0 0.7307692307692307 0.7644230769230769 0.09375 0.1346153846153846
0 0.6514423076923077 0.8221153846153846 0.0673076923076923 0.11538461538461539
0 0.6262019230769231 0.8088942307692307 0.08173076923076923 0.0625
0 0.6262019230769231 0.7872596153846154 0.0625 0.026442307692307692
0 0.5649038461538461 0.7824519230769231 0.08173076923076923 0.08173076923076923
0 0.5516826923076923 0.7536057692307693 0.052884615384615384 0.0673076923076923
0 0.7283653846153846 0.8377403846153846 0.04326923076923077 0.08413461538461539
0 0.7800480769230769 0.8329326923076923 0.04807692307692308 0.038461538461538464
0 0.8040865384615384 0.7956730769230769 0.026442307692307692 0.0625
0 0.8557692307692307 0.8088942307692307 0.0673076923076923 0.0889423076923077
0 0.8713942307692307 0.8713942307692307 0.026442307692307692 0.026442307692307692
0 0.8485576923076923 0.8978365384615384 0.04326923076923077 0.036057692307692304
0 0.7884615384615384 0.8894230769230769 0.07692307692307693 0.026442307692307692
0 0.7487980769230769 0.8870192307692307 0.07692307692307693 0.03125
0 0.7752403846153846 0.8461538461538461 0.0673076923076923 0.057692307692307696
0 0.8137019230769231 0.7283653846153846 0.0625 0.0625
0 0.875 0.7151442307692307 0.11538461538461539 0.026442307692307692
0 0.8713942307692307 0.7427884615384616 0.026442307692307692 0.026442307692307692
0 0.8978365384615384 0.7512019230769231 0.036057692307692304 0.036057692307692304
0 0.7932692307692307 0.6778846153846154 0.021634615384615384 0.03125
0 0.7728365384615384 0.6730769230769231 0.0625 0.0673076923076923
0 0.7355769230769231 0.6959134615384616 0.057692307692307696 0.057692307692307696
0 0.7271634615384616 0.7668269230769231 0.09375 0.1201923076923077
0 0.6334134615384616 0.7331730769230769 0.07692307692307693 0.0625
0 0.6887019230769231 0.6514423076923077 0.25 0.15384615384615385
0 0.625 0.7752403846153846 0.17307692307692307 0.2091346153846154
0 0.7716346153846154 0.7956730769230769 0.22596153846153846 0.1971153846153846