0 0.6274038461538461 0.5396634615384616 0.32211538461538464 0.3798076923076923
0 0.46634615384615385 0.4110576923076923 0.375 0.36538461538461536
0 0.1502403846153846 0.24278846153846154 0.22115384615384615 0.1346153846153846
0 0.17668269230769232 0.15384615384615385 0.15865384615384615 0.09615384615384616
0 0.34134615384615385 0.7451923076923077 0.125 0.0625
0 0.25600961538461536 0.6586538461538461 0.1346153846153846 0.12259615384615384
0 0.1502403846153846 0.5721153846153846 0.09615384615384616 0.07211538461538461
0 0.15625 0.4423076923076923 0.09615384615384616 0.08653846153846154
0 0.36658653846153844 0.6526442307692307 0.12980769230769232 0.12259615384615384
0 0.2439903846153846 0.5504807692307693 0.19230769230769232 0.10817307692307693
0 0.15384615384615385 0.515625 0.11538461538461539 0.052884615384615384
0 0.23918269230769232 0.4495192307692308 0.11538461538461539 0.10817307692307693
0 0.25600961538461536 0.5048076923076923 0.5 0.6466346153846154
0 0.3918269230769231 0.11538461538461539 0.34134615384615385 0.22355769230769232
0 0.6850961538461539 0.3317307692307692 0.30288461538461536 0.33653846153846156
0 0.6045673076923077 0.15384615384615385 0.15384615384615385 0.11057692307692307
0 0.6850961538461539 0.30288461538461536 0.21153846153846154 0.10096153846153846
0 0.78125 0.3545673076923077 0.0625 0.0673076923076923
0 0.7331730769230769 0.2536057692307692 0.28365384615384615 0.12980769230769232
0 0.6478365384615384 0.09975961538461539 0.25961538461538464 0.19230769230769232
3 0.6478365384615384 0.7644230769230769 0.6850961538461539 0.46634615384615385
3 0.6586538461538461 0.7512019230769231 0.35096153846153844 0.4951923076923077