0 0.36899038461538464 0.7608173076923077 0.32211538461538464 0.3894230769230769
0 0.3954326923076923 0.7764423076923077 0.2403846153846154 0.38461538461538464
0 0.4254807692307692 0.7764423076923077 0.1346153846153846 0.17548076923076922
0 0.46634615384615385 0.8245192307692307 0.0625 0.15865384615384615
0 0.3641826923076923 0.6682692307692307 0.3485576923076923 0.3557692307692308
0 0.10576923076923077 0.7307692307692307 0.12259615384615384 0.08173076923076923
0 0.08173076923076923 0.6298076923076923 0.10096153846153846 0.11057692307692307
0 0.13581730769230768 0.5216346153846154 0.18269230769230768 0.18269230769230768
0 0.2403846153846154 0.5240384615384616 0.11778846153846154 0.18028846153846154
0 0.16706730769230768 0.36899038461538464 0.16346153846153846 0.14903846153846154
0 0.11538461538461539 0.39302884615384615 0.07692307692307693 0.09134615384615384
0 0.0673076923076923 0.40625 0.0625 0.11057692307692307
0 0.2127403846153846 0.16466346153846154 0.08173076923076923 0.12740384615384615
0 0.22115384615384615 0.17548076923076922 0.23557692307692307 0.2644230769230769
0 0.16947115384615385 0.2764423076923077 0.04807692307692308 0.06971153846153846
0 0.140625 0.2283653846153846 0.028846153846153848 0.03365384615384615
0 0.1201923076923077 0.25600961538461536 0.040865384615384616 0.04807692307692308
0 0.1201923076923077 0.2932692307692308 0.040865384615384616 0.03365384615384615
0 0.10216346153846154 0.20432692307692307 0.040865384615384616 0.057692307692307696
0 0.0673076923076923 0.234375 0.04567307692307692 0.038461538461538464
0 0.06971153846153846 0.28125 0.04807692307692308 0.052884615384615384
0 0.08173076923076923 0.32211538461538464 0.04567307692307692 0.038461538461538464
0 0.1045673076923077 0.1778846153846154 0.04567307692307692 0.057692307692307696
0 0.14903846153846154 0.6598557692307693 0.0625 0.04807692307692308
0 0.171875 0.6165865384615384 0.052884615384615384 0.03125
0 0.21033653846153846 0.6538461538461539 0.057692307692307696 0.0625
0 0.20793269230769232 0.7079326923076923 0.04567307692307692 0.057692307692307696
0 0.20192307692307693 0.7680288461538461 0.057692307692307696 0.052884615384615384
0 0.14423076923076922 0.7584134615384616 0.08173076923076923 0.07932692307692307
0 0.16105769230769232 0.8137019230769231 0.057692307692307696 0.0673076923076923
0 0.37740384615384615 0.36899038461538464 0.2668269230769231 0.2644230769230769
0 0.7199519230769231 0.36899038461538464 0.49038461538461536 0.38461538461538464
0 0.48677884615384615 0.4807692307692308 0.04807692307692308 0.038461538461538464
0 0.5072115384615384 0.515625 0.052884615384615384 0.057692307692307696
0 0.5637019230769231 0.515625 0.057692307692307696 0.038461538461538464
0 0.5721153846153846 0.5324519230769231 0.057692307692307696 0.038461538461538464
0 0.5540865384615384 0.5552884615384616 0.03125 0.03125
0 0.5540865384615384 0.5901442307692307 0.040865384615384616 0.038461538461538464
0 0.5384615384615384 0.609375 0.036057692307692304 0.04326923076923077
0 0.5276442307692307 0.6189903846153846 0.03125 0.03365384615384615
0 0.49278846153846156 0.640625 0.052884615384615384 0.0625
0 0.5048076923076923 0.6670673076923077 0.040865384615384616 0.04326923076923077
0 0.45913461538461536 0.6730769230769231 0.040865384615384616 0.038461538461538464
0 0.44591346153846156 0.21875 0.12259615384615384 0.09615384615384616
0 0.38221153846153844 0.13822115384615385 0.13942307692307693 0.18028846153846154
0 0.2403846153846154 0.056490384615384616 0.09134615384615384 0.07932692307692307