0 0.29086538461538464 0.2764423076923077 0.4807692307692308 0.3269230769230769
0 0.3473557692307692 0.38461538461538464 0.5408653846153846 0.28846153846153844
0 0.3870192307692308 0.4879807692307692 0.5144230769230769 0.28365384615384615
0 0.41466346153846156 0.5600961538461539 0.44711538461538464 0.2403846153846154
0 0.3870192307692308 0.6935096153846154 0.2692307692307692 0.3894230769230769
0 0.5649038461538461 0.7355769230769231 0.24278846153846154 0.42788461538461536
0 0.7007211538461539 0.7139423076923077 0.23557692307692307 0.3701923076923077
0 0.78125 0.6538461538461539 0.2932692307692308 0.24278846153846154
0 0.8233173076923077 0.5757211538461539 0.3485576923076923 0.1658653846153846
0 0.7548076923076923 0.3112980769230769 0.375 0.375
0 0.5901442307692307 0.28966346153846156 0.27403846153846156 0.4326923076923077
0 0.75 0.4110576923076923 0.15865384615384615 0.20432692307692307
0 0.78125 0.23798076923076922 0.33653846153846156 0.2980769230769231
0 0.8221153846153846 0.3112980769230769 0.23076923076923078 0.33653846153846156