0 0.8497596153846154 0.7620192307692307 0.28846153846153844 0.21634615384615385
0 0.7427884615384616 0.9290865384615384 0.5024038461538461 0.1346153846153846
0 0.8389423076923077 0.8762019230769231 0.3125 0.11778846153846154
0 0.546875 0.7668269230769231 0.3269230769230769 0.21875
0 0.3737980769230769 0.8689903846153846 0.2692307692307692 0.2548076923076923
0 0.15264423076923078 0.8762019230769231 0.21875 0.2403846153846154
0 0.2512019230769231 0.6742788461538461 0.40384615384615385 0.25
0 0.4675480769230769 0.5817307692307693 0.27884615384615385 0.15384615384615385
0 0.5625 0.5288461538461539 0.25 0.20673076923076922
0 0.828125 0.5432692307692307 0.3317307692307692 0.21634615384615385
0 0.7427884615384616 0.6358173076923077 0.1875 0.10096153846153846
0 0.7788461538461539 0.3293269230769231 0.37740384615384615 0.25
0 0.4675480769230769 0.28966346153846156 0.2692307692307692 0.35096153846153844
0 0.24278846153846154 0.4579326923076923 0.40865384615384615 0.21153846153846154
0 0.2764423076923077 0.2980769230769231 0.18028846153846154 0.15865384615384615
0 0.11778846153846154 0.3401442307692308 0.15865384615384615 0.12740384615384615
0 0.11658653846153846 0.14423076923076922 0.2283653846153846 0.28846153846153844
0 0.2980769230769231 0.12259615384615384 0.2692307692307692 0.24519230769230768
0 0.1141826923076923 0.027644230769230768 0.08653846153846154 0.052884615384615384
0 0.5769230769230769 0.0625 0.2932692307692308 0.125
0 0.7463942307692307 0.12860576923076922 0.36538461538461536 0.23076923076923078
0 0.9182692307692307 0.2692307692307692 0.15384615384615385 0.1875
0 0.9158653846153846 0.41586538461538464 0.15865384615384615 0.1201923076923077
0 0.8557692307692307 0.08533653846153846 0.27884615384615385 0.17067307692307693