0 0.4987980769230769 0.7524038461538461 0.1971153846153846 0.35096153846153844
0 0.6586538461538461 0.6310096153846154 0.16346153846153846 0.3557692307692308
0 0.7055288461538461 0.3605769230769231 0.11057692307692307 0.24519230769230768
0 0.578125 0.47596153846153844 0.22355769230769232 0.32211538461538464
0 0.6117788461538461 0.19591346153846154 0.18509615384615385 0.2620192307692308
0 0.5372596153846154 0.2800480769230769 0.10096153846153846 0.14423076923076922
0 0.3954326923076923 0.22956730769230768 0.22355769230769232 0.3629807692307692
0 0.36778846153846156 0.5384615384615384 0.18990384615384615 0.3269230769230769
0 0.20673076923076922 0.47596153846153844 0.18028846153846154 0.3317307692307692
0 0.31009615384615385 0.30649038461538464 0.10817307692307693 0.16105769230769232
0 0.3786057692307692 0.7704326923076923 0.057692307692307696 0.10096153846153846