0 0.14903846153846154 0.7283653846153846 0.2860576923076923 0.2644230769230769
0 0.16105769230769232 0.9134615384615384 0.31009615384615385 0.16826923076923078
0 0.4675480769230769 0.8569711538461539 0.3629807692307692 0.24519230769230768
0 0.41947115384615385 0.9855769230769231 0.22115384615384615 0.02403846153846154
0 0.7475961538461539 0.7572115384615384 0.31490384615384615 0.19230769230769232
0 0.8617788461538461 0.9182692307692307 0.27163461538461536 0.16346153846153846
0 0.9543269230769231 0.7716346153846154 0.08653846153846154 0.16346153846153846
0 0.8990384615384616 0.6430288461538461 0.16826923076923078 0.1346153846153846
0 0.7740384615384616 0.6117788461538461 0.1778846153846154 0.11538461538461539
0 0.5300480769230769 0.6634615384615384 0.22596153846153846 0.10576923076923077
0 0.3485576923076923 0.6850961538461539 0.13701923076923078 0.125
0 0.2980769230769231 0.7512019230769231 0.14423076923076922 0.057692307692307696
0 0.8725961538461539 0.5264423076923077 0.16105769230769232 0.10576923076923077
0 0.9603365384615384 0.546875 0.07451923076923077 0.0889423076923077
0 0.9807692307692307 0.49278846153846156 0.03365384615384615 0.0625
0 0.9747596153846154 0.6346153846153846 0.04567307692307692 0.09615384615384616
0 0.7079326923076923 0.5228365384615384 0.18990384615384615 0.10096153846153846
0 0.6105769230769231 0.5817307692307693 0.17307692307692307 0.11538461538461539
0 0.4855769230769231 0.49158653846153844 0.23076923076923078 0.125
0 0.4230769230769231 0.5588942307692307 0.20192307692307693 0.12980769230769232
0 0.24759615384615385 0.5216346153846154 0.2692307692307692 0.14423076923076922
0 0.10096153846153846 0.5745192307692307 0.18990384615384615 0.08173076923076923
0 0.0985576923076923 0.47836538461538464 0.18509615384615385 0.10336538461538461
0 0.03245192307692308 0.5204326923076923 0.052884615384615384 0.08173076923076923
0 0.38341346153846156 0.4182692307692308 0.2692307692307692 0.11057692307692307
0 0.16346153846153846 0.4230769230769231 0.22115384615384615 0.1201923076923077
0 0.06009615384615385 0.3269230769230769 0.10576923076923077 0.16826923076923078
0 0.21995192307692307 0.28365384615384615 0.2620192307692308 0.18028846153846154
0 0.11899038461538461 0.10336538461538461 0.22596153846153846 0.18028846153846154
0 0.030048076923076924 0.18509615384615385 0.04807692307692308 0.07692307692307693
0 0.19591346153846154 0.019230769230769232 0.20432692307692307 0.038461538461538464
0 0.2620192307692308 0.07451923076923077 0.18990384615384615 0.07692307692307693
0 0.31009615384615385 0.16947115384615385 0.18990384615384615 0.125
0 0.4495192307692308 0.3401442307692308 0.20673076923076922 0.125
0 0.3894230769230769 0.4182692307692308 0.2692307692307692 0.11057692307692307
0 0.5540865384615384 0.2980769230769231 0.10576923076923077 0.11057692307692307
0 0.4230769230769231 0.24879807692307693 0.16826923076923078 0.0625
0 0.6370192307692307 0.40625 0.21394230769230768 0.125
0 0.3954326923076923 0.040865384615384616 0.2091346153846154 0.08173076923076923
0 0.3894230769230769 0.13942307692307693 0.0889423076923077 0.09375
0 0.5300480769230769 0.15985576923076922 0.25 0.1875
0 0.6899038461538461 0.25721153846153844 0.18990384615384615 0.17307692307692307
0 0.7259615384615384 0.3269230769230769 0.12980769230769232 0.08653846153846154
0 0.7055288461538461 0.14543269230769232 0.11298076923076923 0.05048076923076923
0 0.6634615384615384 0.06490384615384616 0.30288461538461536 0.12980769230769232
0 0.8245192307692307 0.21995192307692307 0.13701923076923078 0.11298076923076923
0 0.8930288461538461 0.32211538461538464 0.1778846153846154 0.11538461538461539
0 0.8185096153846154 0.4182692307692308 0.14903846153846154 0.10336538461538461
0 0.9387019230769231 0.41947115384615385 0.11778846153846154 0.12259615384615384
0 0.9771634615384616 0.27283653846153844 0.040865384615384616 0.0985576923076923
0 0.8930288461538461 0.23557692307692307 0.14423076923076922 0.05048076923076923
0 0.9711538461538461 0.20432692307692307 0.052884615384615384 0.04807692307692308
0 0.8689903846153846 0.1622596153846154 0.16826923076923078 0.09134615384615384
0 0.9459134615384616 0.06850961538461539 0.10576923076923077 0.12980769230769232
0 0.875 0.06490384615384616 0.1201923076923077 0.12980769230769232
0 0.8569711538461539 0.09615384615384616 0.16826923076923078 0.0673076923076923
0 0.7824519230769231 0.03365384615384615 0.125 0.0673076923076923