0 0.3641826923076923 0.2848557692307692 0.2403846153846154 0.2692307692307692
0 0.28365384615384615 0.09495192307692307 0.21394230769230768 0.18269230769230768
0 0.578125 0.2764423076923077 0.4182692307692308 0.4375
0 0.59375 0.45552884615384615 0.1346153846153846 0.10336538461538461
0 0.7007211538461539 0.4735576923076923 0.3798076923076923 0.30528846153846156
0 0.5228365384615384 0.5120192307692307 0.3605769230769231 0.30528846153846156
0 0.28365384615384615 0.3449519230769231 0.17307692307692307 0.1346153846153846
0 0.6670673076923077 0.7139423076923077 0.08173076923076923 0.0673076923076923
0 0.7704326923076923 0.6923076923076923 0.1346153846153846 0.1346153846153846
0 0.7524038461538461 0.7103365384615384 0.15144230769230768 0.28846153846153844
0 0.75 0.859375 0.0625 0.06971153846153846
0 0.8088942307692307 0.8377403846153846 0.18028846153846154 0.31971153846153844
0 0.44711538461538464 0.5 0.8942307692307693 0.9951923076923077