0 0.09975961538461539 0.47596153846153844 0.14182692307692307 0.1971153846153846
0 0.19591346153846154 0.5709134615384616 0.10096153846153846 0.125
0 0.27403846153846156 0.6971153846153846 0.11298076923076923 0.15865384615384615
0 0.3449519230769231 0.6911057692307693 0.04326923076923077 0.11538461538461539
0 0.390625 0.8064903846153846 0.0985576923076923 0.125
0 0.4723557692307692 0.7704326923076923 0.08173076923076923 0.08653846153846154
0 0.5036057692307693 0.6887019230769231 0.0985576923076923 0.16346153846153846
0 0.4110576923076923 0.7211538461538461 0.08173076923076923 0.08653846153846154
0 0.41225961538461536 0.6177884615384616 0.12740384615384615 0.16346153846153846
0 0.48677884615384615 0.5793269230769231 0.036057692307692304 0.052884615384615384
0 0.37259615384615385 0.5600961538461539 0.0673076923076923 0.16826923076923078
0 0.2980769230769231 0.5709134615384616 0.11057692307692307 0.15865384615384615
0 0.25240384615384615 0.4723557692307692 0.14903846153846154 0.20192307692307693
0 0.17668269230769232 0.32211538461538464 0.1201923076923077 0.21875
0 0.09254807692307693 0.34375 0.06971153846153846 0.0985576923076923
0 0.26322115384615385 0.23197115384615385 0.15625 0.22355769230769232
0 0.390625 0.109375 0.15625 0.20673076923076922
0 0.5360576923076923 0.046875 0.14182692307692307 0.08173076923076923
0 0.6442307692307693 0.08774038461538461 0.1466346153846154 0.16346153846153846
0 0.7836538461538461 0.0733173076923077 0.12740384615384615 0.13701923076923078
0 0.796875 0.1935096153846154 0.13942307692307693 0.17067307692307693
0 0.8521634615384616 0.3581730769230769 0.10576923076923077 0.19230769230769232
0 0.8269230769230769 0.5216346153846154 0.1346153846153846 0.15865384615384615
0 0.7512019230769231 0.5901442307692307 0.0673076923076923 0.13221153846153846
0 0.7451923076923077 0.3713942307692308 0.13942307692307693 0.21875
0 0.6634615384615384 0.2536057692307692 0.15625 0.23557692307692307
0 0.5841346153846154 0.1935096153846154 0.0625 0.10336538461538461
0 0.5036057692307693 0.16346153846153846 0.1346153846153846 0.1875
0 0.5432692307692307 0.31971153846153844 0.12740384615384615 0.18028846153846154
0 0.6213942307692307 0.4423076923076923 0.11057692307692307 0.17307692307692307
0 0.7259615384615384 0.4675480769230769 0.0985576923076923 0.11538461538461539
0 0.6658653846153846 0.5985576923076923 0.11538461538461539 0.16826923076923078
0 0.6213942307692307 0.6394230769230769 0.07211538461538461 0.11057692307692307
0 0.5685096153846154 0.6826923076923077 0.052884615384615384 0.08653846153846154
0 0.5600961538461539 0.5576923076923077 0.10096153846153846 0.15384615384615385
0 0.5432692307692307 0.46153846153846156 0.052884615384615384 0.11538461538461539
0 0.46875 0.45913461538461536 0.12980769230769232 0.1971153846153846
0 0.3798076923076923 0.4266826923076923 0.07692307692307693 0.0985576923076923
0 0.40024038461538464 0.2956730769230769 0.1466346153846154 0.16346153846153846
0 0.29086538461538464 0.3581730769230769 0.11778846153846154 0.10336538461538461
0 0.3449519230769231 0.4567307692307692 0.05048076923076923 0.125
1 0.796875 0.8485576923076923 0.4014423076923077 0.2980769230769231
1 0.9254807692307693 0.13341346153846154 0.14182692307692307 0.25721153846153844
1 0.9495192307692307 0.47836538461538464 0.09615384615384616 0.4326923076923077
1 0.8413461538461539 0.6442307692307693 0.1201923076923077 0.0985576923076923
1 0.4987980769230769 0.9278846153846154 0.21394230769230768 0.13942307692307693
1 0.5360576923076923 0.8257211538461539 0.12740384615384615 0.052884615384615384
1 0.5637019230769231 0.7620192307692307 0.07451923076923077 0.07211538461538461
1 0.11778846153846154 0.8569711538461539 0.23076923076923078 0.28125
1 0.2848557692307692 0.8701923076923077 0.11298076923076923 0.2548076923076923
1 0.3641826923076923 0.9302884615384616 0.06009615384615385 0.1346153846153846
1 0.07572115384615384 0.6394230769230769 0.1466346153846154 0.15384615384615385
1 0.1814903846153846 0.6742788461538461 0.06490384615384616 0.08173076923076923
1 0.09735576923076923 0.10697115384615384 0.18990384615384615 0.20432692307692307
1 0.2512019230769231 0.04927884615384615 0.11538461538461539 0.0889423076923077
1 0.3233173076923077 0.030048076923076924 0.021634615384615384 0.04807692307692308
1 0.3485576923076923 0.016826923076923076 0.028846153846153848 0.021634615384615384
1 0.21033653846153846 0.12860576923076922 0.036057692307692304 0.08173076923076923
1 0.24759615384615385 0.109375 0.036057692307692304 0.03365384615384615
1 0.042067307692307696 0.2668269230769231 0.07932692307692307 0.125
1 0.10576923076923077 0.23798076923076922 0.04326923076923077 0.07211538461538461
1 0.14182692307692307 0.22355769230769232 0.028846153846153848 0.03365384615384615
1 0.019230769230769232 0.35216346153846156 0.03365384615384615 0.040865384615384616
1 0.01201923076923077 0.3870192307692308 0.019230769230769232 0.02403846153846154
1 0.015625 0.4723557692307692 0.026442307692307692 0.17067307692307693