0 0.23197115384615385 0.42908653846153844 0.2548076923076923 0.3317307692307692
0 0.28125 0.7019230769230769 0.3557692307692308 0.2668269230769231
0 0.22596153846153846 0.8822115384615384 0.24519230769230768 0.23076923076923078
0 0.5336538461538461 0.8305288461538461 0.6201923076923077 0.3317307692307692
0 0.48197115384615385 0.7307692307692307 0.2548076923076923 0.1346153846153846
0 0.45072115384615385 0.5516826923076923 0.2644230769230769 0.21153846153846154
0 0.19831730769230768 0.125 0.19951923076923078 0.24519230769230768
0 0.20552884615384615 0.21754807692307693 0.07692307692307693 0.07692307692307693
0 0.12980769230769232 0.23076923076923078 0.0625 0.04807692307692308
0 0.27403846153846156 0.27283653846153844 0.0889423076923077 0.07211538461538461
0 0.43028846153846156 0.06009615384615385 0.28846153846153844 0.11538461538461539
0 0.38822115384615385 0.18870192307692307 0.3485576923076923 0.3173076923076923
0 0.6045673076923077 0.08533653846153846 0.2956730769230769 0.1658653846153846
0 0.7391826923076923 0.10336538461538461 0.36538461538461536 0.20673076923076922
0 0.421875 0.20552884615384615 0.39663461538461536 0.40625
0 0.8737980769230769 0.12139423076923077 0.24759615384615385 0.23798076923076922
0 0.9459134615384616 0.3329326923076923 0.10336538461538461 0.17067307692307693
0 0.8521634615384616 0.4423076923076923 0.29086538461538464 0.17307692307692307
0 0.8870192307692307 0.5612980769230769 0.22115384615384615 0.15144230769230768
0 0.78125 0.6646634615384616 0.28125 0.18269230769230768
0 0.8257211538461539 0.8569711538461539 0.21394230769230768 0.21875
0 0.6358173076923077 0.6201923076923077 0.2692307692307692 0.3173076923076923
0 0.8810096153846154 0.9711538461538461 0.23317307692307693 0.052884615384615384
0 0.9459134615384616 0.8954326923076923 0.10336538461538461 0.20432692307692307
0 0.9435096153846154 0.7151442307692307 0.10817307692307693 0.19951923076923078
0 0.4110576923076923 0.390625 0.10576923076923077 0.08173076923076923
0 0.4579326923076923 0.4423076923076923 0.08173076923076923 0.0673076923076923
0 0.5204326923076923 0.39903846153846156 0.10576923076923077 0.07211538461538461
0 0.5600961538461539 0.43509615384615385 0.0985576923076923 0.0625
0 0.46875 0.3317307692307692 0.10576923076923077 0.08413461538461539
0 0.5697115384615384 0.2920673076923077 0.11057692307692307 0.07211538461538461
0 0.5913461538461539 0.35096153846153844 0.0889423076923077 0.0673076923076923
0 0.6274038461538461 0.39903846153846156 0.07692307692307693 0.057692307692307696
0 0.5336538461538461 0.265625 0.0889423076923077 0.057692307692307696
0 0.6225961538461539 0.22716346153846154 0.0673076923076923 0.03365384615384615
0 0.6586538461538461 0.265625 0.0985576923076923 0.08173076923076923
0 0.6923076923076923 0.33774038461538464 0.11538461538461539 0.07211538461538461
0 0.7079326923076923 0.39302884615384615 0.08173076923076923 0.0625
0 0.7920673076923077 0.39302884615384615 0.09375 0.0625
0 0.8016826923076923 0.33533653846153844 0.10576923076923077 0.0673076923076923
0 0.8617788461538461 0.3401442307692308 0.036057692307692304 0.052884615384615384
0 0.8822115384615384 0.3173076923076923 0.07692307692307693 0.0673076923076923
0 0.8365384615384616 0.265625 0.0985576923076923 0.08653846153846154
0 0.7572115384615384 0.2403846153846154 0.0889423076923077 0.07692307692307693
0 0.8197115384615384 0.20432692307692307 0.07692307692307693 0.057692307692307696
0 0.7319711538461539 0.18509615384615385 0.0889423076923077 0.08173076923076923
0 0.9555288461538461 0.13581730769230768 0.0673076923076923 0.06490384615384616
0 0.953125 0.19831730769230768 0.04326923076923077 0.052884615384615384
0 0.8954326923076923 0.22115384615384615 0.0625 0.0673076923076923
0 0.546875 0.5 0.9014423076923077 0.9951923076923077