0 0.04927884615384615 0.42427884615384615 0.09134615384615384 0.2548076923076923
0 0.01201923076923077 0.16947115384615385 0.016826923076923076 0.12980769230769232
0 0.02283653846153846 0.6069711538461539 0.038461538461538464 0.15144230769230768
0 0.12740384615384615 0.5600961538461539 0.18028846153846154 0.24519230769230768
0 0.19471153846153846 0.671875 0.15384615384615385 0.1875
0 0.33774038461538464 0.4795673076923077 0.1875 0.25961538461538464
0 0.4411057692307692 0.5757211538461539 0.16346153846153846 0.22355769230769232
0 0.46033653846153844 0.28365384615384615 0.20192307692307693 0.3076923076923077
0 0.6887019230769231 0.2920673076923077 0.22596153846153846 0.30288461538461536
0 0.6550480769230769 0.5516826923076923 0.22596153846153846 0.20673076923076922
0 0.6923076923076923 0.6141826923076923 0.1778846153846154 0.23076923076923078
0 0.6177884615384616 0.7271634615384616 0.17548076923076922 0.17307692307692307
0 0.4795673076923077 0.7632211538461539 0.14182692307692307 0.17307692307692307
0 0.5420673076923077 0.8930288461538461 0.13701923076923078 0.13942307692307693
0 0.6334134615384616 0.8389423076923077 0.12980769230769232 0.125
0 0.6778846153846154 0.9362980769230769 0.1201923076923077 0.12259615384615384
0 0.8269230769230769 0.8990384615384616 0.125 0.13942307692307693
0 0.828125 0.7632211538461539 0.22115384615384615 0.12980769230769232
0 0.859375 0.9675480769230769 0.10817307692307693 0.06009615384615385
0 0.21995192307692307 0.9591346153846154 0.10817307692307693 0.07692307692307693
0 0.26322115384615385 0.9038461538461539 0.19230769230769232 0.0985576923076923
0 0.13341346153846154 0.9495192307692307 0.08413461538461539 0.09615384615384616
0 0.28966346153846156 0.9651442307692307 0.06490384615384616 0.06490384615384616
0 0.5252403846153846 0.9807692307692307 0.13701923076923078 0.03365384615384615