0 0.84375 0.2860576923076923 0.0889423076923077 0.15384615384615385
0 0.765625 0.2283653846153846 0.10576923076923077 0.13221153846153846
0 0.7211538461538461 0.31850961538461536 0.08413461538461539 0.16826923076923078
0 0.6622596153846154 0.2644230769230769 0.09615384615384616 0.2644230769230769
0 0.5576923076923077 0.1875 0.12980769230769232 0.13701923076923078
0 0.6141826923076923 0.27163461538461536 0.08413461538461539 0.11538461538461539
0 0.49038461538461536 0.25841346153846156 0.2932692307692308 0.30288461538461536
0 0.5300480769230769 0.4014423076923077 0.20432692307692307 0.16346153846153846
0 0.5144230769230769 0.4206730769230769 0.17307692307692307 0.22596153846153846
0 0.34615384615384615 0.25 0.17307692307692307 0.32211538461538464
0 0.16105769230769232 0.2824519230769231 0.27403846153846156 0.14423076923076922
0 0.23918269230769232 0.25240384615384615 0.23557692307692307 0.4951923076923077
0 0.13221153846153846 0.3545673076923077 0.1346153846153846 0.08653846153846154
0 0.10216346153846154 0.8846153846153846 0.20432692307692307 0.22115384615384615
0 0.2980769230769231 0.9146634615384616 0.2403846153846154 0.16346153846153846
0 0.703125 0.6995192307692307 0.5889423076923077 0.5961538461538461
0 0.41586538461538464 0.6213942307692307 0.2091346153846154 0.4326923076923077
3 0.2536057692307692 0.7115384615384616 0.15384615384615385 0.15865384615384615