0 0.03245192307692308 0.7620192307692307 0.06009615384615385 0.04326923076923077
0 0.03245192307692308 0.7680288461538461 0.06009615384615385 0.055288461538461536
0 0.014423076923076924 0.8557692307692307 0.02403846153846154 0.04326923076923077
0 0.875 0.2620192307692308 0.11538461538461539 0.31971153846153844
0 0.8004807692307693 0.18389423076923078 0.10576923076923077 0.17307692307692307
0 0.9290865384615384 0.3401442307692308 0.036057692307692304 0.17307692307692307
0 0.7908653846153846 0.3161057692307692 0.3293269230769231 0.38221153846153844
0 0.8221153846153846 0.40384615384615385 0.1778846153846154 0.2860576923076923
0 0.6069711538461539 0.2668269230769231 0.41346153846153844 0.43509615384615385
0 0.6213942307692307 0.15985576923076922 0.19951923076923078 0.31490384615384615
0 0.3737980769230769 0.39783653846153844 0.3557692307692308 0.40384615384615385
0 0.3581730769230769 0.5997596153846154 0.47596153846153844 0.5144230769230769
0 0.5516826923076923 0.8221153846153846 0.30288461538461536 0.1875
0 0.7379807692307693 0.7872596153846154 0.30288461538461536 0.1875
0 0.6995192307692307 0.6442307692307693 0.2980769230769231 0.25
0 0.8641826923076923 0.5973557692307693 0.2620192307692308 0.28125
0 0.6358173076923077 0.4951923076923077 0.46153846153846156 0.4326923076923077
0 0.5444711538461539 0.45552884615384615 0.9038461538461539 0.9038461538461539
3 0.2536057692307692 0.8533653846153846 0.09615384615384616 0.08173076923076923