0 0.9362980769230769 0.2127403846153846 0.09134615384615384 0.057692307692307696
0 0.9362980769230769 0.296875 0.09134615384615384 0.1201923076923077
0 0.9435096153846154 0.46274038461538464 0.08173076923076923 0.125
0 0.9266826923076923 0.4182692307692308 0.04807692307692308 0.07932692307692307
0 0.9579326923076923 0.38461538461538464 0.052884615384615384 0.04326923076923077
0 0.9038461538461539 0.3737980769230769 0.057692307692307696 0.0625
0 0.8966346153846154 0.4362980769230769 0.04326923076923077 0.07211538461538461
0 0.8485576923076923 0.46875 0.07692307692307693 0.10576923076923077
0 0.8930288461538461 0.515625 0.03365384615384615 0.07211538461538461
0 0.8677884615384616 0.5733173076923077 0.08173076923076923 0.08413461538461539
0 0.890625 0.6442307692307693 0.06009615384615385 0.07932692307692307
0 0.9038461538461539 0.7055288461538461 0.0625 0.0625
0 0.9495192307692307 0.6129807692307693 0.07211538461538461 0.15384615384615385
0 0.9603365384615384 0.7235576923076923 0.04326923076923077 0.057692307692307696
0 0.9230769230769231 0.8449519230769231 0.11538461538461539 0.23557692307692307
0 0.8016826923076923 0.7680288461538461 0.16346153846153846 0.21153846153846154
0 0.8641826923076923 0.6947115384615384 0.052884615384615384 0.0625
0 0.8341346153846154 0.6394230769230769 0.052884615384615384 0.06971153846153846
0 0.7920673076923077 0.6370192307692307 0.06009615384615385 0.052884615384615384
0 0.7644230769230769 0.5637019230769231 0.11538461538461539 0.13701923076923078
0 0.7944711538461539 0.46274038461538464 0.057692307692307696 0.06490384615384616
0 0.71875 0.4579326923076923 0.11057692307692307 0.22115384615384615
0 0.8533653846153846 0.36538461538461536 0.04567307692307692 0.057692307692307696
0 0.8341346153846154 0.2764423076923077 0.0985576923076923 0.17307692307692307
0 0.7608173076923077 0.24519230769230768 0.125 0.13221153846153846
0 0.6382211538461539 0.48197115384615385 0.0985576923076923 0.1201923076923077
0 0.625 0.5973557692307693 0.04807692307692308 0.04807692307692308
0 0.6550480769230769 0.6370192307692307 0.09375 0.18990384615384615
0 0.7223557692307693 0.6706730769230769 0.07932692307692307 0.0889423076923077
0 0.5456730769230769 0.796875 0.21634615384615385 0.1201923076923077
0 0.6995192307692307 0.7716346153846154 0.09375 0.14182692307692307
0 0.7439903846153846 0.8449519230769231 0.038461538461538464 0.038461538461538464
0 0.8317307692307693 0.8846153846153846 0.07932692307692307 0.08413461538461539
0 0.7824519230769231 0.9206730769230769 0.19951923076923078 0.07211538461538461
0 0.6826923076923077 0.9447115384615384 0.07692307692307693 0.04807692307692308
0 0.5769230769230769 0.8978365384615384 0.14182692307692307 0.15384615384615385
0 0.46634615384615385 0.8786057692307693 0.125 0.16826923076923078
0 0.4735576923076923 0.9663461538461539 0.04807692307692308 0.026442307692307692
0 0.2956730769230769 0.8317307692307693 0.2980769230769231 0.3173076923076923
0 0.0829326923076923 0.8473557692307693 0.07692307692307693 0.09615384615384616
0 0.08173076923076923 0.9206730769230769 0.04807692307692308 0.0625
0 0.125 0.8653846153846154 0.038461538461538464 0.057692307692307696
0 0.12860576923076922 0.7103365384615384 0.1658653846153846 0.09615384615384616
0 0.15264423076923078 0.7716346153846154 0.0625 0.04807692307692308
0 0.1201923076923077 0.6153846153846154 0.15865384615384615 0.16826923076923078
0 0.23798076923076922 0.6081730769230769 0.1658653846153846 0.14182692307692307
0 0.18870192307692307 0.34975961538461536 0.2956730769230769 0.3629807692307692
0 0.20192307692307693 0.22115384615384615 0.15384615384615385 0.10576923076923077
0 0.0985576923076923 0.28125 0.10576923076923077 0.18269230769230768
0 0.3798076923076923 0.4182692307692308 0.0625 0.07932692307692307
0 0.27403846153846156 0.5709134615384616 0.08653846153846154 0.1201923076923077
0 0.109375 0.4951923076923077 0.08173076923076923 0.09615384615384616
0 0.3701923076923077 0.21033653846153846 0.08413461538461539 0.09615384615384616
0 0.5324519230769231 0.28365384615384615 0.38461538461538464 0.22115384615384615
0 0.5985576923076923 0.4206730769230769 0.04807692307692308 0.0625
0 0.6298076923076923 0.3762019230769231 0.06009615384615385 0.07932692307692307
0 0.6778846153846154 0.4362980769230769 0.04807692307692308 0.0625
0 0.5685096153846154 0.4579326923076923 0.0625 0.125
0 0.5564903846153846 0.546875 0.07211538461538461 0.08413461538461539
0 0.5721153846153846 0.6057692307692307 0.07932692307692307 0.11538461538461539
0 0.546875 0.7211538461538461 0.15144230769230768 0.14903846153846154
0 0.5661057692307693 0.8076923076923077 0.15865384615384615 0.10096153846153846
0 0.6189903846153846 0.7127403846153846 0.052884615384615384 0.057692307692307696