0 0.9615384615384616 0.9002403846153846 0.0673076923076923 0.11298076923076923
0 0.7403846153846154 0.7776442307692307 0.21153846153846154 0.13221153846153846
0 0.5492788461538461 0.7379807692307693 0.21153846153846154 0.12980769230769232
0 0.3858173076923077 0.6742788461538461 0.06009615384615385 0.04807692307692308
0 0.28365384615384615 0.7127403846153846 0.17307692307692307 0.11538461538461539
0 0.42908653846153844 0.9314903846153846 0.15865384615384615 0.10336538461538461
0 0.7247596153846154 0.9747596153846154 0.16105769230769232 0.04567307692307692
0 0.6225961538461539 0.4579326923076923 0.20673076923076922 0.12980769230769232
0 0.7235576923076923 0.3449519230769231 0.08173076923076923 0.11057692307692307
0 0.6742788461538461 0.234375 0.18028846153846154 0.14182692307692307
0 0.6802884615384616 0.11658653846153846 0.11538461538461539 0.11538461538461539
0 0.5276442307692307 0.039663461538461536 0.23557692307692307 0.07211538461538461
0 0.5192307692307693 0.14783653846153846 0.28365384615384615 0.17067307692307693
0 0.36658653846153844 0.09615384615384616 0.15384615384615385 0.10576923076923077
0 0.20793269230769232 0.15264423076923078 0.12980769230769232 0.10096153846153846
0 0.328125 0.19230769230769232 0.1875 0.13942307692307693
0 0.36899038461538464 0.3125 0.18028846153846154 0.15865384615384615
0 0.5625 0.32572115384615385 0.23076923076923078 0.17067307692307693
0 0.43990384615384615 0.4495192307692308 0.19230769230769232 0.14182692307692307
0 0.5216346153846154 0.5456730769230769 0.21153846153846154 0.16826923076923078
0 0.3858173076923077 0.5576923076923077 0.08173076923076923 0.12740384615384615
0 0.3088942307692308 0.48677884615384615 0.11538461538461539 0.10096153846153846
0 0.265625 0.375 0.19230769230769232 0.125
0 0.16105769230769232 0.30528846153846156 0.18028846153846154 0.13942307692307693
0 0.24639423076923078 0.2439903846153846 0.08653846153846154 0.08653846153846154
0 0.16346153846153846 0.43149038461538464 0.16346153846153846 0.11298076923076923