0 0.2644230769230769 0.24278846153846154 0.2620192307692308 0.39903846153846156
0 0.33052884615384615 0.2824519230769231 0.36538461538461536 0.31009615384615385
0 0.5877403846153846 0.2824519230769231 0.22115384615384615 0.13942307692307693
0 0.7644230769230769 0.3125 0.16346153846153846 0.12740384615384615
0 0.7560096153846154 0.44591346153846156 0.16826923076923078 0.13221153846153846
0 0.7800480769230769 0.6201923076923077 0.3389423076923077 0.3870192307692308
0 0.6382211538461539 0.6081730769230769 0.27163461538461536 0.3485576923076923
0 0.45072115384615385 0.3954326923076923 0.17307692307692307 0.13221153846153846
0 0.6225961538461539 0.3762019230769231 0.1778846153846154 0.10096153846153846
0 0.38221153846153844 0.3545673076923077 0.14903846153846154 0.1201923076923077
0 0.27163461538461536 0.5384615384615384 0.28846153846153844 0.2548076923076923
0 0.48677884615384615 0.5288461538461539 0.22596153846153846 0.15865384615384615
0 0.6021634615384616 0.5060096153846154 0.13942307692307693 0.14423076923076922
0 0.5276442307692307 0.6334134615384616 0.20673076923076922 0.09615384615384616
0 0.6490384615384616 0.6430288461538461 0.04567307692307692 0.11538461538461539
0 0.5492788461538461 0.7367788461538461 0.17307692307692307 0.10096153846153846
0 0.38221153846153844 0.7019230769230769 0.15865384615384615 0.125
4 0.5721153846153846 0.4651442307692308 0.8509615384615384 0.9254807692307693