0 0.9507211538461539 0.06850961538461539 0.09375 0.13221153846153846
0 0.9831730769230769 0.49038461538461536 0.028846153846153848 0.09615384615384616
0 0.8894230769230769 0.5072115384615384 0.055288461538461536 0.06009615384615385
0 0.8617788461538461 0.5709134615384616 0.07211538461538461 0.07692307692307693
0 0.8149038461538461 0.6286057692307693 0.07211538461538461 0.11057692307692307
0 0.8798076923076923 0.26322115384615385 0.11538461538461539 0.14423076923076922
0 0.8617788461538461 0.35697115384615385 0.07932692307692307 0.10096153846153846
0 0.7752403846153846 0.359375 0.09615384615384616 0.10576923076923077
0 0.6850961538461539 0.27884615384615385 0.09615384615384616 0.1346153846153846
0 0.7584134615384616 0.25600961538461536 0.07451923076923077 0.09134615384615384
0 0.7151442307692307 0.43509615384615385 0.0985576923076923 0.15625
0 0.6117788461538461 0.46274038461538464 0.10576923076923077 0.13942307692307693
0 0.6225961538461539 0.3389423076923077 0.11057692307692307 0.11538461538461539
0 0.5552884615384616 0.27403846153846156 0.055288461538461536 0.09615384615384616
0 0.6081730769230769 0.19831730769230768 0.11538461538461539 0.09615384615384616
0 0.765625 0.46033653846153844 0.07451923076923077 0.125
0 0.734375 0.5324519230769231 0.07451923076923077 0.10096153846153846
0 0.6634615384615384 0.5372596153846154 0.08173076923076923 0.11057692307692307
0 0.6057692307692307 0.7235576923076923 0.10096153846153846 0.11057692307692307
0 0.6225961538461539 0.6225961538461539 0.07211538461538461 0.10096153846153846
0 0.5733173076923077 0.5853365384615384 0.07451923076923077 0.125
0 0.5216346153846154 0.5048076923076923 0.09134615384615384 0.125
0 0.43149038461538464 0.5949519230769231 0.08173076923076923 0.11538461538461539
0 0.3641826923076923 0.5396634615384616 0.08173076923076923 0.10576923076923077
0 0.4266826923076923 0.5120192307692307 0.0673076923076923 0.07211538461538461
0 0.5 0.6754807692307693 0.09615384615384616 0.09615384615384616
0 0.53125 0.796875 0.07932692307692307 0.11538461538461539
0 0.47596153846153844 0.8341346153846154 0.055288461538461536 0.09134615384615384
0 0.41346153846153844 0.7512019230769231 0.0625 0.09615384615384616
0 0.265625 0.6382211538461539 0.2644230769230769 0.3125
0 0.35216346153846156 0.27884615384615385 0.40384615384615385 0.46634615384615385
0 0.14423076923076922 0.15865384615384615 0.057692307692307696 0.11538461538461539
0 0.20673076923076922 0.09495192307692307 0.08173076923076923 0.06009615384615385
0 0.13822115384615385 0.09254807692307693 0.04807692307692308 0.055288461538461536
0 0.6550480769230769 0.7115384615384616 0.23076923076923078 0.3269230769230769
0 0.9963942307692307 0.41346153846153844 0.002403846153846154 0.052884615384615384
0 0.17067307692307693 0.5072115384615384 0.33413461538461536 0.5721153846153846