0 0.4639423076923077 0.21634615384615385 0.20673076923076922 0.36538461538461536
0 0.34375 0.42908653846153844 0.19230769230769232 0.28846153846153844
0 0.12139423076923077 0.5192307692307693 0.18509615384615385 0.3076923076923077
0 0.021634615384615384 0.5877403846153846 0.036057692307692304 0.14903846153846154
0 0.046875 0.35216346153846156 0.08653846153846154 0.3004807692307692
0 0.009615384615384616 0.08173076923076923 0.009615384615384616 0.15384615384615385
0 0.6802884615384616 0.22355769230769232 0.23317307692307693 0.3269230769230769
0 0.6887019230769231 0.5793269230769231 0.17067307692307693 0.2620192307692308
0 0.6550480769230769 0.5192307692307693 0.21875 0.21875
0 0.31850961538461536 0.6069711538461539 0.08413461538461539 0.08653846153846154
0 0.44350961538461536 0.546875 0.15865384615384615 0.2403846153846154
0 0.25961538461538464 0.8882211538461539 0.19230769230769232 0.11538461538461539
0 0.24639423076923078 0.9495192307692307 0.15144230769230768 0.09615384615384616
0 0.1346153846153846 0.9471153846153846 0.09134615384615384 0.10096153846153846
0 0.4795673076923077 0.7271634615384616 0.14423076923076922 0.17307692307692307
0 0.6177884615384616 0.6911057692307693 0.15865384615384615 0.20192307692307693
0 0.6418269230769231 0.828125 0.1201923076923077 0.14903846153846154
0 0.5360576923076923 0.8822115384615384 0.12740384615384615 0.14903846153846154
0 0.6706730769230769 0.9338942307692307 0.11298076923076923 0.12980769230769232
0 0.8233173076923077 0.8798076923076923 0.1201923076923077 0.17307692307692307
0 0.8677884615384616 0.9735576923076923 0.11057692307692307 0.04807692307692308
0 0.8473557692307693 0.7211538461538461 0.17307692307692307 0.15384615384615385