0 0.9266826923076923 0.2848557692307692 0.13701923076923078 0.21394230769230768
0 0.7211538461538461 0.2848557692307692 0.38221153846153844 0.18509615384615385
0 0.7079326923076923 0.1310096153846154 0.19230769230769232 0.10096153846153846
0 0.6478365384615384 0.23918269230769232 0.23557692307692307 0.12980769230769232
0 0.7512019230769231 0.5360576923076923 0.4855769230769231 0.5649038461538461
0 0.9038461538461539 0.5504807692307693 0.18028846153846154 0.3269230769230769
0 0.8605769230769231 0.8786057692307693 0.19230769230769232 0.15625
0 0.7872596153846154 0.8882211538461539 0.2091346153846154 0.21875
0 0.6262019230769231 0.6814903846153846 0.27884615384615385 0.43509615384615385
0 0.5192307692307693 0.35697115384615385 0.1875 0.21394230769230768
0 0.49158653846153844 0.1935096153846154 0.2620192307692308 0.18509615384615385
0 0.5492788461538461 0.08653846153846154 0.21153846153846154 0.16826923076923078
0 0.4375 0.057692307692307696 0.25 0.10817307692307693
0 0.33653846153846156 0.19591346153846154 0.23557692307692307 0.1971153846153846
0 0.35216346153846156 0.30649038461538464 0.21153846153846154 0.09615384615384616
0 0.3737980769230769 0.4182692307692308 0.28846153846153844 0.12740384615384615
0 0.390625 0.5721153846153846 0.25721153846153844 0.11538461538461539
0 0.4723557692307692 0.5420673076923077 0.3004807692307692 0.1778846153846154
0 0.4807692307692308 0.6754807692307693 0.21875 0.09134615384615384
0 0.5108173076923077 0.7716346153846154 0.3894230769230769 0.12980769230769232
0 0.4723557692307692 0.8317307692307693 0.19230769230769232 0.0625
0 0.609375 0.8810096153846154 0.125 0.12980769230769232
0 0.6586538461538461 0.9483173076923077 0.09615384615384616 0.0985576923076923
0 0.5420673076923077 0.9290865384615384 0.18509615384615385 0.13701923076923078
0 0.4266826923076923 0.9098557692307693 0.15384615384615385 0.13942307692307693
0 0.13942307692307693 0.6790865384615384 0.19230769230769232 0.47596153846153844
0 0.06129807692307692 0.5144230769230769 0.11778846153846154 0.18269230769230768
0 0.20793269230769232 0.6418269230769231 0.1201923076923077 0.2980769230769231
0 0.25961538461538464 0.4543269230769231 0.21153846153846154 0.14903846153846154
0 0.06490384615384616 0.42908653846153844 0.125 0.36778846153846156
0 0.026442307692307692 0.25841346153846156 0.04807692307692308 0.11298076923076923
0 0.10697115384615384 0.12740384615384615 0.21153846153846154 0.10817307692307693
0 0.10216346153846154 0.046875 0.19951923076923078 0.0889423076923077
0 0.18870192307692307 0.16826923076923078 0.27884615384615385 0.14903846153846154
0 0.20192307692307693 0.27163461538461536 0.14182692307692307 0.22596153846153846