0 0.5901442307692307 0.3786057692307692 0.22596153846153846 0.32211538461538464
0 0.4807692307692308 0.31009615384615385 0.10576923076923077 0.14423076923076922
0 0.6670673076923077 0.5637019230769231 0.040865384615384616 0.07932692307692307
0 0.5036057692307693 0.4230769230769231 0.23317307692307693 0.3389423076923077
0 0.6370192307692307 0.5709134615384616 0.0625 0.11538461538461539
0 0.5637019230769231 0.6634615384615384 0.11298076923076923 0.17307692307692307
0 0.4963942307692308 0.5841346153846154 0.1346153846153846 0.18509615384615385
0 0.36658653846153844 0.39663461538461536 0.19951923076923078 0.2860576923076923
0 0.3858173076923077 0.23557692307692307 0.08653846153846154 0.16346153846153846
0 0.3641826923076923 0.5348557692307693 0.18028846153846154 0.3389423076923077
0 0.27403846153846156 0.35216346153846156 0.028846153846153848 0.0673076923076923
0 0.4699519230769231 0.6370192307692307 0.07692307692307693 0.15384615384615385
5 0.49038461538461536 0.49759615384615385 0.5240384615384616 0.6875