0 0.796875 0.36177884615384615 0.21153846153846154 0.23557692307692307
0 0.8064903846153846 0.3713942307692308 0.11057692307692307 0.11298076923076923
0 0.9326923076923077 0.43149038461538464 0.125 0.28125
0 0.8822115384615384 0.5396634615384616 0.1778846153846154 0.10336538461538461
0 0.8329326923076923 0.5709134615384616 0.10576923076923077 0.0625
0 0.8882211538461539 0.5985576923076923 0.0625 0.0625
0 0.9519230769230769 0.6850961538461539 0.0889423076923077 0.20673076923076922
0 0.7548076923076923 0.15985576923076922 0.27884615384615385 0.2644230769230769
0 0.7463942307692307 0.1875 0.49759615384615385 0.375
0 0.31850961538461536 0.12860576923076922 0.3581730769230769 0.22115384615384615
0 0.26802884615384615 0.16706730769230768 0.46153846153846156 0.3245192307692308
0 0.35216346153846156 0.056490384615384616 0.38461538461538464 0.11298076923076923
0 0.3293269230769231 0.06850961538461539 0.5144230769230769 0.1346153846153846
0 0.038461538461538464 0.0889423076923077 0.07692307692307693 0.1778846153846154
0 0.027644230769230768 0.23677884615384615 0.055288461538461536 0.10817307692307693
0 0.06129807692307692 0.2956730769230769 0.10576923076923077 0.11298076923076923
0 0.08052884615384616 0.4110576923076923 0.15865384615384615 0.15384615384615385
0 0.07572115384615384 0.5637019230769231 0.15144230769230768 0.1971153846153846
0 0.20432692307692307 0.49278846153846156 0.10576923076923077 0.20673076923076922
0 0.21153846153846154 0.29086538461538464 0.125 0.1875
0 0.3233173076923077 0.2439903846153846 0.13942307692307693 0.16826923076923078
0 0.6646634615384616 0.46033653846153844 0.25721153846153844 0.6298076923076923
0 0.5504807692307693 0.6225961538461539 0.25 0.2764423076923077
0 0.3942307692307692 0.5372596153846154 0.12980769230769232 0.125
0 0.33533653846153844 0.4675480769230769 0.0889423076923077 0.1346153846153846
0 0.2800480769230769 0.4387019230769231 0.055288461538461536 0.07211538461538461
0 0.27163461538461536 0.5324519230769231 0.09615384615384616 0.125
0 0.2091346153846154 0.5444711538461539 0.0889423076923077 0.10336538461538461
0 0.3269230769230769 0.38221153846153844 0.12980769230769232 0.07932692307692307
0 0.45552884615384615 0.4338942307692308 0.1778846153846154 0.18269230769230768
0 0.5132211538461539 0.2512019230769231 0.04807692307692308 0.0625
0 0.5084134615384616 0.33052884615384615 0.0625 0.052884615384615384
0 0.44350961538461536 0.29086538461538464 0.11057692307692307 0.12259615384615384
0 0.9074519230769231 0.7560096153846154 0.07692307692307693 0.09375
0 0.8834134615384616 0.6754807692307693 0.0625 0.0673076923076923
0 0.8329326923076923 0.6382211538461539 0.0625 0.057692307692307696
0 0.8317307692307693 0.7043269230769231 0.0673076923076923 0.0673076923076923
0 0.8798076923076923 0.8942307692307693 0.0625 0.19230769230769232
0 0.9471153846153846 0.8870192307692307 0.09615384615384616 0.20673076923076922
0 0.8125 0.8149038461538461 0.13942307692307693 0.14423076923076922
0 0.7788461538461539 0.9362980769230769 0.12980769230769232 0.11778846153846154
0 0.6875 0.8521634615384616 0.11057692307692307 0.0985576923076923
0 0.19230769230769232 0.6850961538461539 0.08173076923076923 0.14903846153846154
0 0.08052884615384616 0.7752403846153846 0.15865384615384615 0.21634615384615385
0 0.3293269230769231 0.7091346153846154 0.2283653846153846 0.2548076923076923
0 0.6983173076923077 0.9110576923076923 0.04807692307692308 0.07451923076923077
0 0.7199519230769231 0.9723557692307693 0.07211538461538461 0.04807692307692308
0 0.65625 0.9290865384615384 0.038461538461538464 0.09375
0 0.6165865384615384 0.8353365384615384 0.04326923076923077 0.07451923076923077
0 0.5276442307692307 0.859375 0.057692307692307696 0.08413461538461539
0 0.6033653846153846 0.8004807692307693 0.04326923076923077 0.052884615384615384
0 0.5612980769230769 0.7908653846153846 0.04326923076923077 0.052884615384615384
0 0.4639423076923077 0.7536057692307693 0.03365384615384615 0.02403846153846154
0 0.4326923076923077 0.7463942307692307 0.038461538461538464 0.04807692307692308
0 0.3798076923076923 0.7415865384615384 0.05048076923076923 0.057692307692307696
0 0.3713942307692308 0.8004807692307693 0.04326923076923077 0.07932692307692307
0 0.41346153846153844 0.7956730769230769 0.05048076923076923 0.07211538461538461
0 0.46634615384615385 0.7752403846153846 0.04807692307692308 0.07451923076923077
0 0.2764423076923077 0.9675480769230769 0.07211538461538461 0.057692307692307696
0 0.2800480769230769 0.9206730769230769 0.038461538461538464 0.057692307692307696
0 0.3233173076923077 0.9110576923076923 0.055288461538461536 0.07451923076923077
0 0.30408653846153844 0.8641826923076923 0.05048076923076923 0.057692307692307696
0 0.3269230769230769 0.8221153846153846 0.04807692307692308 0.04807692307692308
0 0.35697115384615385 0.8713942307692307 0.0625 0.07211538461538461
0 0.41947115384615385 0.8545673076923077 0.0625 0.0673076923076923
0 0.45552884615384615 0.8870192307692307 0.05048076923076923 0.057692307692307696
0 0.4098557692307692 0.9206730769230769 0.05048076923076923 0.07451923076923077
0 0.4050480769230769 0.9747596153846154 0.05048076923076923 0.04326923076923077
0 0.4495192307692308 0.9507211538461539 0.04807692307692308 0.07211538461538461
0 0.3485576923076923 0.9459134615384616 0.0625 0.07211538461538461
0 0.5612980769230769 0.9459134615384616 0.04326923076923077 0.0985576923076923
0 0.53125 0.9435096153846154 0.02403846153846154 0.057692307692307696
0 0.6117788461538461 0.9579326923076923 0.057692307692307696 0.0673076923076923
0 0.6117788461538461 0.9014423076923077 0.057692307692307696 0.057692307692307696