0 0.9026442307692307 0.5240384615384616 0.1875 0.40865384615384615
0 0.8365384615384616 0.7776442307692307 0.32211538461538464 0.21875
0 0.8257211538461539 0.8701923076923077 0.34134615384615385 0.14182692307692307
0 0.8449519230769231 0.9471153846153846 0.30288461538461536 0.09615384615384616
0 0.3076923076923077 0.8461538461538461 0.12740384615384615 0.2956730769230769
0 0.44350961538461536 0.8485576923076923 0.13701923076923078 0.28846153846153844
0 0.4567307692307692 0.9350961538461539 0.4326923076923077 0.11778846153846154
0 0.359375 0.9795673076923077 0.06971153846153846 0.028846153846153848
0 0.6322115384615384 0.7223557692307693 0.3605769230769231 0.4375
0 0.13822115384615385 0.8341346153846154 0.23798076923076922 0.12980769230769232
0 0.09254807692307693 0.7872596153846154 0.18509615384615385 0.36538461538461536
0 0.17908653846153846 0.6129807692307693 0.0985576923076923 0.06490384615384616
0 0.22716346153846154 0.5709134615384616 0.06009615384615385 0.125
0 0.28125 0.6069711538461539 0.026442307692307692 0.07692307692307693
0 0.20432692307692307 0.6682692307692307 0.40865384615384615 0.1778846153846154
0 0.2512019230769231 0.6033653846153846 0.5 0.20192307692307693
0 0.43990384615384615 0.4795673076923077 0.1971153846153846 0.28365384615384615
0 0.5817307692307693 0.44711538461538464 0.1466346153846154 0.27884615384615385
0 0.6310096153846154 0.5588942307692307 0.09134615384615384 0.125
0 0.7223557692307693 0.4639423076923077 0.10576923076923077 0.23076923076923078
0 0.78125 0.5709134615384616 0.057692307692307696 0.19471153846153846
0 0.7295673076923077 0.2283653846153846 0.23557692307692307 0.37259615384615385
0 0.90625 0.10697115384615384 0.12740384615384615 0.21153846153846154
0 0.9663461538461539 0.036057692307692304 0.06009615384615385 0.07211538461538461
0 0.8016826923076923 0.027644230769230768 0.0889423076923077 0.05048076923076923
0 0.039663461538461536 0.4230769230769231 0.07451923076923077 0.1971153846153846
0 0.020432692307692308 0.2668269230769231 0.036057692307692304 0.1346153846153846
0 0.054086538461538464 0.1622596153846154 0.10817307692307693 0.23076923076923078
0 0.13341346153846154 0.2608173076923077 0.08173076923076923 0.3557692307692308
0 0.19951923076923078 0.29927884615384615 0.09134615384615384 0.14903846153846154
0 0.30288461538461536 0.24519230769230768 0.0985576923076923 0.11298076923076923
0 0.34615384615384615 0.20673076923076922 0.11057692307692307 0.14182692307692307
0 0.1502403846153846 0.09375 0.0985576923076923 0.18269230769230768
0 0.22596153846153846 0.0625 0.06490384615384616 0.0889423076923077
0 0.2512019230769231 0.14783653846153846 0.08653846153846154 0.09615384615384616
0 0.24639423076923078 0.21634615384615385 0.028846153846153848 0.11298076923076923
0 0.3233173076923077 0.11298076923076923 0.06971153846153846 0.07211538461538461
0 0.2824519230769231 0.0889423076923077 0.05048076923076923 0.057692307692307696
0 0.3641826923076923 0.052884615384615384 0.052884615384615384 0.09615384615384616
0 0.33653846153846156 0.039663461538461536 0.03365384615384615 0.07451923076923077
0 0.30528846153846156 0.016826923076923076 0.028846153846153848 0.028846153846153848
0 0.46274038461538464 0.15625 0.10336538461538461 0.14903846153846154
0 0.4326923076923077 0.28365384615384615 0.06971153846153846 0.12980769230769232
0 0.4411057692307692 0.10697115384615384 0.11538461538461539 0.10576923076923077
0 0.5168269230769231 0.10697115384615384 0.11538461538461539 0.1658653846153846
0 0.6478365384615384 0.15504807692307693 0.2764423076923077 0.30528846153846156
0 0.48197115384615385 0.010817307692307692 0.12259615384615384 0.016826923076923076