0 0.49038461538461536 0.5721153846153846 0.13942307692307693 0.18509615384615385
0 0.5709134615384616 0.3942307692307692 0.12980769230769232 0.19230769230769232
0 0.6850961538461539 0.46634615384615385 0.1346153846153846 0.18028846153846154
0 0.8088942307692307 0.4074519230769231 0.14903846153846154 0.1971153846153846
0 0.7524038461538461 0.23918269230769232 0.12980769230769232 0.17067307692307693
0 0.6790865384615384 0.3473557692307692 0.11538461538461539 0.12980769230769232
0 0.6370192307692307 0.21875 0.10817307692307693 0.14903846153846154
0 0.546875 0.17307692307692307 0.10576923076923077 0.15865384615384615
0 0.5516826923076923 0.27524038461538464 0.04807692307692308 0.0673076923076923
0 0.4651442307692308 0.27524038461538464 0.14423076923076922 0.20192307692307693
0 0.45913461538461536 0.08533653846153846 0.13942307692307693 0.14903846153846154
0 0.4230769230769231 0.18870192307692307 0.0889423076923077 0.09615384615384616
0 0.3858173076923077 0.296875 0.0625 0.08653846153846154
0 0.3894230769230769 0.4230769230769231 0.12980769230769232 0.17548076923076922
0 0.3112980769230769 0.234375 0.15865384615384615 0.18028846153846154
0 0.296875 0.4050480769230769 0.07692307692307693 0.15865384615384615
0 0.2548076923076923 0.515625 0.07692307692307693 0.09134615384615384
0 0.3317307692307692 0.5901442307692307 0.15384615384615385 0.19230769230769232
0 0.18870192307692307 0.4026442307692308 0.1466346153846154 0.16346153846153846
0 0.0889423076923077 0.4795673076923077 0.10817307692307693 0.14423076923076922
0 0.16466346153846154 0.546875 0.09615384615384616 0.11298076923076923
0 0.21394230769230768 0.6262019230769231 0.1201923076923077 0.14903846153846154
0 0.2956730769230769 0.6826923076923077 0.08173076923076923 0.08653846153846154
0 0.33774038461538464 0.78125 0.12740384615384615 0.14903846153846154
0 0.21754807692307693 0.7548076923076923 0.1201923076923077 0.13942307692307693
0 0.125 0.6730769230769231 0.11057692307692307 0.15865384615384615
0 0.5132211538461539 0.8449519230769231 0.10817307692307693 0.15384615384615385
0 0.5961538461538461 0.7788461538461539 0.0889423076923077 0.09134615384615384
0 0.6502403846153846 0.6670673076923077 0.1201923076923077 0.15865384615384615
0 0.7175480769230769 0.546875 0.11538461538461539 0.125
0 0.7896634615384616 0.6081730769230769 0.10576923076923077 0.14423076923076922
0 0.828125 0.75 0.12740384615384615 0.13942307692307693
0 0.7331730769230769 0.6550480769230769 0.052884615384615384 0.07211538461538461
0 0.7175480769230769 0.7728365384615384 0.125 0.15384615384615385
0 0.7680288461538461 0.8473557692307693 0.11538461538461539 0.10817307692307693
0 0.7355769230769231 0.9507211538461539 0.09615384615384616 0.09615384615384616
0 0.6310096153846154 0.8713942307692307 0.1201923076923077 0.17548076923076922
0 0.6430288461538461 0.9783653846153846 0.10817307692307693 0.038461538461538464
0 0.5612980769230769 0.9483173076923077 0.0673076923076923 0.07211538461538461
0 0.5012019230769231 0.9699519230769231 0.10817307692307693 0.055288461538461536
0 0.4423076923076923 0.8966346153846154 0.0889423076923077 0.14423076923076922
0 0.38100961538461536 0.9651442307692307 0.12259615384615384 0.06490384615384616
0 0.30408653846153844 0.9242788461538461 0.12259615384615384 0.1466346153846154