0 0.1346153846153846 0.7536057692307693 0.25961538461538464 0.3557692307692308
0 0.078125 0.953125 0.14903846153846154 0.08173076923076923
0 0.20072115384615385 0.9098557692307693 0.1201923076923077 0.17067307692307693
0 0.10336538461538461 0.5540865384615384 0.19951923076923078 0.20673076923076922
0 0.25721153846153844 0.38100961538461536 0.46153846153846156 0.46153846153846156
0 0.3894230769230769 0.39903846153846156 0.08653846153846154 0.125
0 0.32572115384615385 0.5048076923076923 0.10096153846153846 0.1201923076923077
0 0.2776442307692308 0.6009615384615384 0.08653846153846154 0.11538461538461539
0 0.24519230769230768 0.6682692307692307 0.0625 0.08173076923076923
0 0.36778846153846156 0.5901442307692307 0.09134615384615384 0.11538461538461539
0 0.41586538461538464 0.4951923076923077 0.08653846153846154 0.11057692307692307
0 0.3545673076923077 0.6887019230769231 0.08173076923076923 0.0625
0 0.30408653846153844 0.7379807692307693 0.08173076923076923 0.07692307692307693
0 0.421875 0.8185096153846154 0.5288461538461539 0.35096153846153844
0 0.2644230769230769 0.9711538461538461 0.15384615384615385 0.04807692307692308
0 0.7259615384615384 0.7379807692307693 0.23317307692307693 0.3173076923076923
0 0.5168269230769231 0.6009615384615384 0.24519230769230768 0.1971153846153846
0 0.6971153846153846 0.45072115384615385 0.19951923076923078 0.35096153846153844
0 0.609375 0.3137019230769231 0.35096153846153844 0.3798076923076923
0 0.9519230769230769 0.28725961538461536 0.09134615384615384 0.36778846153846156
0 0.9350961538461539 0.1502403846153846 0.052884615384615384 0.07211538461538461
0 0.8617788461538461 0.14302884615384615 0.07692307692307693 0.08653846153846154
0 0.8233173076923077 0.21754807692307693 0.07692307692307693 0.10336538461538461
0 0.7800480769230769 0.21995192307692307 0.026442307692307692 0.0673076923076923
0 0.8028846153846154 0.2776442307692308 0.06490384615384616 0.04807692307692308
0 0.8617788461538461 0.32091346153846156 0.07692307692307693 0.10336538461538461
0 0.8834134615384616 0.22235576923076922 0.057692307692307696 0.09375
0 0.8629807692307693 0.4891826923076923 0.2692307692307692 0.4110576923076923
0 0.8846153846153846 0.8233173076923077 0.09134615384615384 0.125
0 0.7740384615384616 0.8990384615384616 0.21634615384615385 0.19230769230769232
0 0.9411057692307693 0.9507211538461539 0.11298076923076923 0.0889423076923077
0 0.9290865384615384 0.8221153846153846 0.13701923076923078 0.35096153846153844