0 0.8774038461538461 0.9483173076923077 0.16105769230769232 0.09134615384615384
0 0.9615384615384616 0.9302884615384616 0.06971153846153846 0.12980769230769232
0 0.8918269230769231 0.7427884615384616 0.20673076923076922 0.35096153846153844
0 0.9483173076923077 0.5973557692307693 0.09615384615384616 0.20673076923076922
0 0.984375 0.7932692307692307 0.02403846153846154 0.17548076923076922
0 0.8040865384615384 0.5228365384615384 0.1778846153846154 0.3245192307692308
0 0.9098557692307693 0.4074519230769231 0.17307692307692307 0.25721153846153844
0 0.7596153846153846 0.3713942307692308 0.15865384615384615 0.22596153846153846
0 0.7860576923076923 0.1935096153846154 0.15865384615384615 0.18028846153846154
0 0.8942307692307693 0.21875 0.12740384615384615 0.22115384615384615
0 0.9519230769230769 0.1466346153846154 0.0889423076923077 0.14903846153846154
0 0.96875 0.2608173076923077 0.052884615384615384 0.17067307692307693
0 0.8365384615384616 0.06009615384615385 0.1201923076923077 0.1201923076923077
0 0.9158653846153846 0.07932692307692307 0.052884615384615384 0.0673076923076923
0 0.7379807692307693 0.07692307692307693 0.09134615384615384 0.1346153846153846
0 0.6129807692307693 0.12620192307692307 0.1201923076923077 0.15865384615384615
0 0.6225961538461539 0.26802884615384615 0.16826923076923078 0.31971153846153844
0 0.6514423076923077 0.46634615384615385 0.0889423076923077 0.12980769230769232
0 0.6658653846153846 0.6189903846153846 0.16105769230769232 0.18509615384615385
0 0.6670673076923077 0.8269230769230769 0.31971153846153844 0.33653846153846156
0 0.49759615384615385 0.9278846153846154 0.1201923076923077 0.1346153846153846
0 0.5120192307692307 0.7548076923076923 0.13942307692307693 0.23076923076923078
0 0.34975961538461536 0.7992788461538461 0.19951923076923078 0.21634615384615385
0 0.38461538461538464 0.9254807692307693 0.3076923076923077 0.13942307692307693
0 0.11778846153846154 0.8533653846153846 0.23557692307692307 0.28365384615384615
0 0.18990384615384615 0.6310096153846154 0.22596153846153846 0.2644230769230769
0 0.40625 0.5745192307692307 0.20432692307692307 0.2644230769230769
0 0.4362980769230769 0.2932692307692308 0.21153846153846154 0.28846153846153844
0 0.26322115384615385 0.4074519230769231 0.21875 0.25721153846153844
0 0.2668269230769231 0.1935096153846154 0.1658653846153846 0.17067307692307693
0 0.14182692307692307 0.30408653846153844 0.16826923076923078 0.15384615384615385
0 0.11538461538461539 0.45913461538461536 0.23076923076923078 0.23557692307692307
0 0.051682692307692304 0.6646634615384616 0.10336538461538461 0.17548076923076922