0 0.22956730769230768 0.21153846153846154 0.3269230769230769 0.25
0 0.13701923076923078 0.6237980769230769 0.2620192307692308 0.2668269230769231
0 0.3870192307692308 0.4411057692307692 0.5240384615384616 0.2692307692307692
0 0.7415865384615384 0.3161057692307692 0.3269230769230769 0.18028846153846154
0 0.5120192307692307 0.19471153846153846 0.3557692307692308 0.21153846153846154
0 0.6370192307692307 0.12379807692307693 0.3798076923076923 0.19951923076923078
0 0.8040865384615384 0.4170673076923077 0.34615384615384615 0.21153846153846154
0 0.7668269230769231 0.6021634615384616 0.46153846153846156 0.27163461538461536
0 0.39302884615384615 0.7572115384615384 0.4182692307692308 0.2932692307692308
0 0.7920673076923077 0.7764423076923077 0.40384615384615385 0.20673076923076922
0 0.6045673076923077 0.8545673076923077 0.35096153846153844 0.22355769230769232