0 0.48677884615384615 0.5096153846153846 0.25 0.4375
0 0.25961538461538464 0.5420673076923077 0.23076923076923078 0.3581730769230769
0 0.0985576923076923 0.5817307692307693 0.16346153846153846 0.3870192307692308
0 0.11778846153846154 0.3425480769230769 0.22355769230769232 0.22596153846153846
0 0.14543269230769232 0.19110576923076922 0.20673076923076922 0.25
0 0.36658653846153844 0.23076923076923078 0.18269230769230768 0.39903846153846156
0 0.328125 0.2692307692307692 0.19951923076923078 0.3076923076923077
0 0.5456730769230769 0.15144230769230768 0.2692307692307692 0.2548076923076923
0 0.5492788461538461 0.3641826923076923 0.14903846153846154 0.21875
0 0.6911057692307693 0.40865384615384615 0.20673076923076922 0.33413461538461536
0 0.6262019230769231 0.7115384615384616 0.20673076923076922 0.32211538461538464
0 0.45072115384615385 0.8329326923076923 0.1971153846153846 0.3317307692307692
0 0.27884615384615385 0.7367788461538461 0.1875 0.25
0 0.7692307692307693 0.7632211538461539 0.15384615384615385 0.31490384615384615
0 0.8557692307692307 0.4699519230769231 0.21634615384615385 0.33413461538461536
0 0.7848557692307693 0.1971153846153846 0.22115384615384615 0.25
0 0.9399038461538461 0.26802884615384615 0.11538461538461539 0.2091346153846154