0 0.7475961538461539 0.7728365384615384 0.2980769230769231 0.3701923076923077
0 0.5757211538461539 0.6394230769230769 0.3942307692307692 0.40384615384615385
0 0.45552884615384615 0.7608173076923077 0.1466346153846154 0.14903846153846154
0 0.30649038461538464 0.6850961538461539 0.25 0.22596153846153846
0 0.1622596153846154 0.5588942307692307 0.18509615384615385 0.2932692307692308
0 0.038461538461538464 0.5360576923076923 0.06971153846153846 0.20673076923076922
0 0.11177884615384616 0.22716346153846154 0.21634615384615385 0.4326923076923077
0 0.21995192307692307 0.12139423076923077 0.38461538461538464 0.23076923076923078
0 0.40384615384615385 0.20072115384615385 0.35096153846153844 0.3918269230769231
0 0.31490384615384615 0.42788461538461536 0.3605769230769231 0.3605769230769231
0 0.6971153846153846 0.31490384615384615 0.3125 0.3076923076923077
0 0.7620192307692307 0.13701923076923078 0.3894230769230769 0.2644230769230769
0 0.6274038461538461 0.046875 0.32211538461538464 0.08173076923076923
0 0.8413461538461539 0.41225961538461536 0.21634615384615385 0.3605769230769231
0 0.8762019230769231 0.6490384615384616 0.1466346153846154 0.15384615384615385