0 0.9507211538461539 0.5757211538461539 0.09134615384615384 0.2548076923076923
0 0.9879807692307693 0.8305288461538461 0.014423076923076924 0.12980769230769232
0 0.9771634615384616 0.39302884615384615 0.038461538461538464 0.15144230769230768
0 0.8725961538461539 0.43990384615384615 0.1778846153846154 0.24519230769230768
0 0.8052884615384616 0.328125 0.15384615384615385 0.1875
0 0.6622596153846154 0.5204326923076923 0.1875 0.25961538461538464
0 0.5588942307692307 0.42427884615384615 0.16346153846153846 0.22355769230769232
0 0.5396634615384616 0.7163461538461539 0.20192307692307693 0.3076923076923077
0 0.3112980769230769 0.7079326923076923 0.22596153846153846 0.30288461538461536
0 0.3449519230769231 0.4483173076923077 0.22596153846153846 0.20673076923076922
0 0.3076923076923077 0.3858173076923077 0.1778846153846154 0.23076923076923078
0 0.38221153846153844 0.27283653846153844 0.17548076923076922 0.17307692307692307
0 0.5204326923076923 0.23677884615384615 0.13942307692307693 0.17307692307692307
0 0.4579326923076923 0.10697115384615384 0.13701923076923078 0.13942307692307693
0 0.36658653846153844 0.16105769230769232 0.12980769230769232 0.125
0 0.32211538461538464 0.0625 0.11778846153846154 0.125
0 0.17307692307692307 0.10096153846153846 0.125 0.13942307692307693
0 0.171875 0.23677884615384615 0.22115384615384615 0.12980769230769232
0 0.140625 0.03125 0.10576923076923077 0.0625
0 0.78125 0.039663461538461536 0.10576923076923077 0.07932692307692307
0 0.7367788461538461 0.09615384615384616 0.19230769230769232 0.0985576923076923
0 0.8677884615384616 0.04927884615384615 0.08173076923076923 0.0985576923076923
0 0.7103365384615384 0.03365384615384615 0.0625 0.0673076923076923
0 0.47475961538461536 0.018028846153846152 0.1346153846153846 0.036057692307692304