0 0.9038461538461539 0.21875 0.18509615384615385 0.38221153846153844
0 0.9326923076923077 0.027644230769230768 0.12740384615384615 0.04326923076923077
0 0.9855769230769231 0.4375 0.021634615384615384 0.0985576923076923
0 0.8930288461538461 0.49158653846153844 0.20673076923076922 0.23076923076923078
0 0.9855769230769231 0.6225961538461539 0.021634615384615384 0.13221153846153846
0 0.875 0.6262019230769231 0.1778846153846154 0.18028846153846154
0 0.9290865384615384 0.7019230769230769 0.1346153846153846 0.19230769230769232
0 0.9290865384615384 0.828125 0.1346153846153846 0.20192307692307693
0 0.9831730769230769 0.9230769230769231 0.02403846153846154 0.0985576923076923
0 0.8173076923076923 0.8305288461538461 0.09134615384615384 0.0985576923076923
0 0.8461538461538461 0.7788461538461539 0.038461538461538464 0.09134615384615384
0 0.7896634615384616 0.7163461538461539 0.12259615384615384 0.14182692307692307
0 0.7223557692307693 0.6310096153846154 0.12740384615384615 0.10336538461538461
0 0.7079326923076923 0.5276442307692307 0.16346153846153846 0.18028846153846154
0 0.7403846153846154 0.4074519230769231 0.1778846153846154 0.14903846153846154
0 0.703125 0.19951923076923078 0.2620192307692308 0.3894230769230769
0 0.5709134615384616 0.21875 0.09134615384615384 0.2956730769230769
0 0.45072115384615385 0.22355769230769232 0.2283653846153846 0.35096153846153844
0 0.5168269230769231 0.054086538461538464 0.20673076923076922 0.0985576923076923
0 0.31009615384615385 0.06850961538461539 0.19230769230769232 0.12740384615384615
0 0.3389423076923077 0.1502403846153846 0.02403846153846154 0.04807692307692308
0 0.34975961538461536 0.34134615384615385 0.17067307692307693 0.27884615384615385
0 0.4855769230769231 0.4891826923076923 0.15865384615384615 0.23557692307692307
0 0.59375 0.4206730769230769 0.13942307692307693 0.16346153846153846
0 0.5492788461538461 0.6033653846153846 0.1346153846153846 0.20192307692307693
0 0.49038461538461536 0.7019230769230769 0.10576923076923077 0.09134615384615384
0 0.4387019230769231 0.6033653846153846 0.08653846153846154 0.11538461538461539
0 0.3293269230769231 0.5540865384615384 0.12980769230769232 0.16826923076923078
0 0.6538461538461539 0.6694711538461539 0.1346153846153846 0.19230769230769232
0 0.6033653846153846 0.7427884615384616 0.08173076923076923 0.0985576923076923
0 0.65625 0.7836538461538461 0.028846153846153848 0.04807692307692308
0 0.7223557692307693 0.8064903846153846 0.09615384615384616 0.11538461538461539
0 0.7295673076923077 0.7379807692307693 0.07692307692307693 0.11057692307692307
0 0.13822115384615385 0.3557692307692308 0.16826923076923078 0.1971153846153846
0 0.2608173076923077 0.3004807692307692 0.11538461538461539 0.2403846153846154
0 0.2668269230769231 0.4375 0.03365384615384615 0.052884615384615384
0 0.21754807692307693 0.24278846153846154 0.16826923076923078 0.15865384615384615
0 0.22956730769230768 0.12259615384615384 0.20673076923076922 0.22355769230769232
0 0.08173076923076923 0.09134615384615384 0.15865384615384615 0.16826923076923078
0 0.07451923076923077 0.2091346153846154 0.14423076923076922 0.1971153846153846
0 0.07091346153846154 0.3269230769230769 0.13701923076923078 0.1778846153846154
0 0.12860576923076922 0.4723557692307692 0.1201923076923077 0.07211538461538461
0 0.21875 0.4699519230769231 0.09134615384615384 0.11057692307692307
0 0.24759615384615385 0.5661057692307693 0.0625 0.10336538461538461
0 0.15985576923076922 0.5817307692307693 0.10096153846153846 0.13701923076923078
0 0.04447115384615385 0.49759615384615385 0.08413461538461539 0.057692307692307696
0 0.030048076923076924 0.4483173076923077 0.055288461538461536 0.0889423076923077
0 0.056490384615384616 0.5961538461538461 0.11298076923076923 0.14182692307692307
0 0.08173076923076923 0.6802884615384616 0.0625 0.07211538461538461
0 0.026442307692307692 0.7007211538461539 0.04807692307692308 0.08413461538461539
0 0.15745192307692307 0.7043269230769231 0.08413461538461539 0.0985576923076923
0 0.2247596153846154 0.6442307692307693 0.07932692307692307 0.0985576923076923
0 0.25600961538461536 0.7127403846153846 0.0625 0.07211538461538461
0 0.3137019230769231 0.7019230769230769 0.08173076923076923 0.10336538461538461
0 0.3786057692307692 0.6370192307692307 0.04807692307692308 0.04807692307692308
0 0.4254807692307692 0.7235576923076923 0.07692307692307693 0.11538461538461539
0 0.37259615384615385 0.7163461538461539 0.036057692307692304 0.08653846153846154
0 0.4891826923076923 0.7704326923076923 0.07211538461538461 0.052884615384615384
0 0.5564903846153846 0.7980769230769231 0.06971153846153846 0.11057692307692307
0 0.5889423076923077 0.8882211538461539 0.0673076923076923 0.09134615384615384
0 0.6322115384615384 0.8305288461538461 0.0673076923076923 0.07692307692307693
0 0.5108173076923077 0.8798076923076923 0.06490384615384616 0.0673076923076923
0 0.4795673076923077 0.8365384615384616 0.07692307692307693 0.07692307692307693
0 0.47836538461538464 0.9122596153846154 0.057692307692307696 0.08653846153846154
0 0.4254807692307692 0.8257211538461539 0.0625 0.08653846153846154
0 0.4182692307692308 0.7271634615384616 0.0625 0.11057692307692307
0 0.38221153846153844 0.8004807692307693 0.0625 0.06009615384615385
0 0.3545673076923077 0.8774038461538461 0.09375 0.09134615384615384
0 0.3245192307692308 0.7896634615384616 0.08413461538461539 0.09134615384615384
0 0.2824519230769231 0.8112980769230769 0.04326923076923077 0.06009615384615385
0 0.22235576923076922 0.8064903846153846 0.07692307692307693 0.08173076923076923
0 0.24278846153846154 0.7704326923076923 0.08653846153846154 0.0673076923076923
0 0.1466346153846154 0.7728365384615384 0.07692307692307693 0.06009615384615385
0 0.08533653846153846 0.7271634615384616 0.055288461538461536 0.03365384615384615
0 0.2920673076923077 0.8882211538461539 0.0625 0.09134615384615384
0 0.25961538461538464 0.9266826923076923 0.04807692307692308 0.07211538461538461
0 0.21754807692307693 0.9014423076923077 0.057692307692307696 0.052884615384615384
0 0.22235576923076922 0.8629807692307693 0.07692307692307693 0.04326923076923077
0 0.16105769230769232 0.8774038461538461 0.04807692307692308 0.07211538461538461
0 0.1502403846153846 0.8305288461538461 0.0625 0.03365384615384615
0 0.11057692307692307 0.8521634615384616 0.0625 0.0673076923076923
0 0.09735576923076923 0.8112980769230769 0.057692307692307696 0.038461538461538464
0 0.11057692307692307 0.7728365384615384 0.04807692307692308 0.06009615384615385
0 0.07451923076923077 0.7764423076923077 0.04807692307692308 0.052884615384615384
0 0.03125 0.7896634615384616 0.0625 0.10336538461538461
0 0.06850961538461539 0.8581730769230769 0.05048076923076923 0.04326923076923077