0 0.7175480769230769 0.33774038461538464 0.21634615384615385 0.20192307692307693
0 0.8413461538461539 0.49759615384615385 0.09134615384615384 0.19230769230769232
0 0.7764423076923077 0.453125 0.04807692307692308 0.07211538461538461
0 0.7800480769230769 0.3762019230769231 0.4326923076923077 0.22596153846153846
0 0.7524038461538461 0.4411057692307692 0.3076923076923077 0.24278846153846154
0 0.5793269230769231 0.5360576923076923 0.0625 0.08173076923076923
0 0.6081730769230769 0.5949519230769231 0.05048076923076923 0.04807692307692308
0 0.5516826923076923 0.5925480769230769 0.038461538461538464 0.03125
0 0.5348557692307693 0.5540865384615384 0.03365384615384615 0.04807692307692308
0 0.6346153846153846 0.48677884615384615 0.0673076923076923 0.057692307692307696
0 0.5793269230769231 0.4050480769230769 0.07692307692307693 0.09615384615384616
0 0.5192307692307693 0.43509615384615385 0.10576923076923077 0.15865384615384615
0 0.5829326923076923 0.3293269230769231 0.052884615384615384 0.040865384615384616
0 0.5096153846153846 0.33533653846153844 0.13942307692307693 0.0625
0 0.5 0.36899038461538464 0.12740384615384615 0.0673076923076923
0 0.4230769230769231 0.3581730769230769 0.0673076923076923 0.02403846153846154
0 0.4074519230769231 0.3401442307692308 0.05048076923076923 0.03125
0 0.37259615384615385 0.3557692307692308 0.03365384615384615 0.019230769230769232
0 0.359375 0.3293269230769231 0.038461538461538464 0.03125
0 0.4423076923076923 0.49278846153846156 0.1875 0.17067307692307693
0 0.44350961538461536 0.5769230769230769 0.052884615384615384 0.052884615384615384
0 0.453125 0.5745192307692307 0.18269230769230768 0.09615384615384616
0 0.33052884615384615 0.5901442307692307 0.07211538461538461 0.04807692307692308
0 0.33413461538461536 0.5492788461538461 0.07211538461538461 0.04807692307692308
0 0.3161057692307692 0.5132211538461539 0.08653846153846154 0.07692307692307693
0 0.2704326923076923 0.5673076923076923 0.06971153846153846 0.10336538461538461
0 0.25240384615384615 0.5925480769230769 0.03365384615384615 0.052884615384615384
0 0.22596153846153846 0.5901442307692307 0.05048076923076923 0.0673076923076923
0 0.2932692307692308 0.546875 0.16826923076923078 0.040865384615384616
0 0.2860576923076923 0.47716346153846156 0.09134615384615384 0.0673076923076923
0 0.2668269230769231 0.32211538461538464 0.18509615384615385 0.20192307692307693
0 0.07572115384615384 0.6778846153846154 0.14903846153846154 0.46875
0 0.17908653846153846 0.46875 0.14903846153846154 0.09134615384615384
0 0.34375 0.43509615384615385 0.18509615384615385 0.10817307692307693