0 0.8221153846153846 0.8774038461538461 0.21153846153846154 0.23076923076923078
0 0.8701923076923077 0.7620192307692307 0.25240384615384615 0.12740384615384615
0 0.7427884615384616 0.9098557692307693 0.1346153846153846 0.16826923076923078
0 0.6165865384615384 0.875 0.19471153846153846 0.23798076923076922
0 0.6274038461538461 0.6225961538461539 0.20432692307692307 0.27884615384615385
0 0.8569711538461539 0.6538461538461539 0.2644230769230769 0.12259615384615384
0 0.8725961538461539 0.5925480769230769 0.25 0.2091346153846154
0 0.9158653846153846 0.5552884615384616 0.15865384615384615 0.0625
0 0.8870192307692307 0.48197115384615385 0.21875 0.08173076923076923
0 0.8016826923076923 0.43028846153846156 0.21153846153846154 0.10576923076923077
0 0.25600961538461536 0.8569711538461539 0.09615384615384616 0.27403846153846156
0 0.15985576923076922 0.8870192307692307 0.09615384615384616 0.20192307692307693
0 0.08653846153846154 0.8341346153846154 0.07692307692307693 0.22596153846153846
0 0.06850961538461539 0.9302884615384616 0.07451923076923077 0.11538461538461539
0 0.02403846153846154 0.8954326923076923 0.04807692307692308 0.1875
0 0.8725961538461539 0.20072115384615385 0.10576923076923077 0.14423076923076922
0 0.9194711538461539 0.2644230769230769 0.09134615384615384 0.08653846153846154
0 0.9591346153846154 0.19471153846153846 0.0673076923076923 0.07692307692307693
0 0.9026442307692307 0.12740384615384615 0.08653846153846154 0.06971153846153846
0 0.8449519230769231 0.0985576923076923 0.038461538461538464 0.057692307692307696
0 0.7980769230769231 0.125 0.08173076923076923 0.11057692307692307
0 0.7956730769230769 0.20072115384615385 0.04807692307692308 0.0625
0 0.7355769230769231 0.14543269230769232 0.04326923076923077 0.08173076923076923
0 0.7403846153846154 0.22956730769230768 0.0673076923076923 0.08653846153846154
0 0.8040865384615384 0.25600961538461536 0.08653846153846154 0.09134615384615384
0 0.9014423076923077 0.328125 0.12980769230769232 0.11057692307692307
0 0.7235576923076923 0.028846153846153848 0.08173076923076923 0.057692307692307696
0 0.765625 0.06129807692307692 0.07211538461538461 0.12259615384615384
0 0.6838942307692307 0.046875 0.038461538461538464 0.09134615384615384
0 0.6742788461538461 0.13942307692307693 0.07692307692307693 0.13942307692307693
0 0.921875 0.0733173076923077 0.15144230769230768 0.1466346153846154
0 0.5012019230769231 0.3894230769230769 0.052884615384615384 0.11538461538461539
0 0.44711538461538464 0.3076923076923077 0.0673076923076923 0.11538461538461539
0 0.43149038461538464 0.39783653846153844 0.07211538461538461 0.0985576923076923
0 0.37259615384615385 0.27884615384615385 0.0625 0.08173076923076923
0 0.3701923076923077 0.375 0.057692307692307696 0.11057692307692307
0 0.32091346153846156 0.32211538461538464 0.04807692307692308 0.07692307692307693
0 0.27163461538461536 0.3137019230769231 0.04326923076923077 0.10576923076923077
0 0.12259615384615384 0.17427884615384615 0.0889423076923077 0.13942307692307693
0 0.13942307692307693 0.5985576923076923 0.11538461538461539 0.16346153846153846
0 0.30528846153846156 0.6538461538461539 0.11298076923076923 0.18028846153846154
0 0.296875 0.5024038461538461 0.10096153846153846 0.15865384615384615
0 0.38221153846153844 0.5961538461538461 0.0673076923076923 0.15865384615384615
0 0.4639423076923077 0.6923076923076923 0.10096153846153846 0.13942307692307693
0 0.41346153846153844 0.6478365384615384 0.0673076923076923 0.11057692307692307
0 0.36538461538461536 0.8028846153846154 0.09615384615384616 0.1875
0 0.19591346153846154 0.6887019230769231 0.08653846153846154 0.14423076923076922
0 0.0985576923076923 0.6826923076923077 0.07451923076923077 0.08653846153846154
0 0.027644230769230768 0.7788461538461539 0.052884615384615384 0.10576923076923077
0 0.17548076923076922 0.7848557692307693 0.08653846153846154 0.09134615384615384
0 0.0673076923076923 0.4074519230769231 0.1346153846153846 0.6995192307692307
0 0.25721153846153844 0.4483173076923077 0.5144230769230769 0.8966346153846154
0 0.40625 0.8725961538461539 0.14903846153846154 0.23076923076923078
0 0.4963942307692308 0.8954326923076923 0.1346153846153846 0.1971153846153846
0 0.5252403846153846 0.49399038461538464 0.43028846153846156 0.1971153846153846
0 0.32211538461538464 0.14302884615384615 0.3798076923076923 0.28365384615384615
0 0.6069711538461539 0.038461538461538464 0.31490384615384615 0.07692307692307693
0 0.625 0.14302884615384615 0.11057692307692307 0.1346153846153846
0 0.5456730769230769 0.13341346153846154 0.0625 0.1971153846153846
0 0.49278846153846156 0.20673076923076922 0.04326923076923077 0.08653846153846154
0 0.6213942307692307 0.26802884615384615 0.14903846153846154 0.10576923076923077
0 0.6334134615384616 0.33413461538461536 0.19471153846153846 0.14423076923076922
0 0.7439903846153846 0.3076923076923077 0.12259615384615384 0.10576923076923077