0 0.08653846153846154 0.15625 0.16346153846153846 0.1778846153846154
0 0.19831730769230768 0.07091346153846154 0.2620192307692308 0.1346153846153846
0 0.04807692307692308 0.03365384615384615 0.08413461538461539 0.06009615384615385
0 0.42788461538461536 0.12620192307692307 0.2620192307692308 0.21634615384615385
0 0.2091346153846154 0.2692307692307692 0.2403846153846154 0.14182692307692307
0 0.24278846153846154 0.16466346153846154 0.17307692307692307 0.10336538461538461
0 0.3858173076923077 0.030048076923076924 0.1346153846153846 0.052884615384615384
0 0.6478365384615384 0.040865384615384616 0.33653846153846156 0.07451923076923077
0 0.9002403846153846 0.09375 0.19471153846153846 0.13942307692307693
0 0.6502403846153846 0.15264423076923078 0.6971153846153846 0.2980769230769231
0 0.12259615384615384 0.3545673076923077 0.11057692307692307 0.07211538461538461
0 0.06370192307692307 0.34975961538461536 0.07211538461538461 0.052884615384615384
0 0.039663461538461536 0.29927884615384615 0.0673076923076923 0.0673076923076923
0 0.05889423076923077 0.27163461538461536 0.09615384615384616 0.052884615384615384
0 0.03125 0.36899038461538464 0.05048076923076923 0.057692307692307696
0 0.10096153846153846 0.4026442307692308 0.0889423076923077 0.04567307692307692
0 0.05048076923076923 0.4254807692307692 0.0889423076923077 0.057692307692307696
0 0.10336538461538461 0.4519230769230769 0.08413461538461539 0.052884615384615384
0 0.039663461538461536 0.4807692307692308 0.0673076923076923 0.04567307692307692
0 0.06370192307692307 0.5324519230769231 0.10576923076923077 0.07692307692307693
0 0.11177884615384616 0.5120192307692307 0.0889423076923077 0.0673076923076923
0 0.20072115384615385 0.5264423076923077 0.10096153846153846 0.07451923076923077
0 0.38822115384615385 0.5252403846153846 0.28365384615384615 0.19230769230769232
0 0.4362980769230769 0.36899038461538464 0.22355769230769232 0.14182692307692307
0 0.2704326923076923 0.41466346153846156 0.2620192307692308 0.16346153846153846
0 0.6370192307692307 0.33533653846153844 0.27884615384615385 0.17307692307692307
0 0.8016826923076923 0.22716346153846154 0.21634615384615385 0.14182692307692307
0 0.9567307692307693 0.24639423076923078 0.08173076923076923 0.2091346153846154
0 0.8774038461538461 0.35697115384615385 0.22355769230769232 0.14423076923076922
0 0.9459134615384616 0.4254807692307692 0.10336538461538461 0.17307692307692307
0 0.8293269230769231 0.47115384615384615 0.12980769230769232 0.11298076923076923
0 0.6838942307692307 0.5072115384615384 0.3076923076923077 0.1971153846153846
0 0.5697115384615384 0.6045673076923077 0.1778846153846154 0.0889423076923077
0 0.7704326923076923 0.6237980769230769 0.21153846153846154 0.11298076923076923
0 0.6622596153846154 0.6574519230769231 0.07211538461538461 0.052884615384615384
0 0.9206730769230769 0.5805288461538461 0.15384615384615385 0.17067307692307693
0 0.84375 0.7019230769230769 0.23557692307692307 0.12740384615384615
0 0.9483173076923077 0.7283653846153846 0.0985576923076923 0.1201923076923077
0 0.7079326923076923 0.7355769230769231 0.5793269230769231 0.22596153846153846
0 0.3545673076923077 0.6574519230769231 0.11778846153846154 0.07451923076923077
0 0.2620192307692308 0.6201923076923077 0.10096153846153846 0.07692307692307693
0 0.20432692307692307 0.5673076923076923 0.11778846153846154 0.04326923076923077
0 0.16706730769230768 0.6201923076923077 0.1346153846153846 0.08653846153846154
0 0.0889423076923077 0.5793269230769231 0.10096153846153846 0.0673076923076923
0 0.02283653846153846 0.5865384615384616 0.03365384615384615 0.0673076923076923
0 0.0673076923076923 0.6382211538461539 0.12259615384615384 0.0625
0 0.08413461538461539 0.7091346153846154 0.15625 0.0985576923076923
0 0.027644230769230768 0.7139423076923077 0.04326923076923077 0.10817307692307693
0 0.22115384615384615 0.6947115384615384 0.11778846153846154 0.07211538461538461
0 0.22115384615384615 0.7692307692307693 0.13942307692307693 0.09375
0 0.2764423076923077 0.7451923076923077 0.05048076923076923 0.04326923076923077
0 0.2932692307692308 0.6947115384615384 0.05048076923076923 0.057692307692307696
0 0.15384615384615385 0.6670673076923077 0.05048076923076923 0.021634615384615384
0 0.07572115384615384 0.8137019230769231 0.13942307692307693 0.11778846153846154
0 0.17307692307692307 0.8569711538461539 0.14423076923076922 0.0889423076923077
0 0.1502403846153846 0.9362980769230769 0.15625 0.10096153846153846
0 0.05889423076923077 0.9206730769230769 0.10576923076923077 0.08173076923076923
0 0.042067307692307696 0.9771634615384616 0.06490384615384616 0.040865384615384616
0 0.15504807692307693 0.9819711538461539 0.17067307692307693 0.03125
0 0.2764423076923077 0.8293269230769231 0.09615384615384616 0.04807692307692308
0 0.3545673076923077 0.8317307692307693 0.07211538461538461 0.052884615384615384
0 0.4326923076923077 0.8365384615384616 0.09615384615384616 0.04326923076923077
0 0.4855769230769231 0.7271634615384616 0.0673076923076923 0.036057692307692304
0 0.42788461538461536 0.6983173076923077 0.0625 0.04807692307692308
0 0.37740384615384615 0.7115384615384616 0.0625 0.02403846153846154
0 0.8209134615384616 0.8257211538461539 0.3557692307692308 0.15625
0 0.71875 0.8221153846153846 0.5576923076923077 0.27884615384615385
0 0.7764423076923077 0.8725961538461539 0.3701923076923077 0.1346153846153846
0 0.6262019230769231 0.7944711538461539 0.29086538461538464 0.10096153846153846
0 0.6526442307692307 0.8521634615384616 0.6899038461538461 0.2956730769230769
0 0.4362980769230769 0.7860576923076923 0.25721153846153844 0.08173076923076923
0 0.46875 0.8209134615384616 0.3557692307692308 0.125
0 0.6478365384615384 0.8990384615384616 0.07692307692307693 0.04567307692307692
0 0.6923076923076923 0.9146634615384616 0.02403846153846154 0.021634615384615384
0 0.6923076923076923 0.9399038461538461 0.055288461538461536 0.036057692307692304
0 0.7427884615384616 0.9591346153846154 0.055288461538461536 0.052884615384615384
0 0.7872596153846154 0.9699519230769231 0.0673076923076923 0.052884615384615384
0 0.828125 0.9819711538461539 0.06490384615384616 0.03125
0 0.7127403846153846 0.9759615384615384 0.06490384615384616 0.04326923076923077
0 0.6730769230769231 0.9627403846153846 0.05048076923076923 0.04567307692307692
0 0.34375 0.8834134615384616 0.0625 0.06490384615384616
0 0.41346153846153844 0.8798076923076923 0.0673076923076923 0.057692307692307696
0 0.46033653846153844 0.8990384615384616 0.07211538461538461 0.038461538461538464
0 0.49759615384615385 0.8774038461538461 0.055288461538461536 0.052884615384615384
0 0.5637019230769231 0.9026442307692307 0.0673076923076923 0.04567307692307692
0 0.5841346153846154 0.9411057692307693 0.05048076923076923 0.04567307692307692
0 0.6262019230769231 0.9771634615384616 0.055288461538461536 0.038461538461538464
0 0.5600961538461539 0.9927884615384616 0.0673076923076923 0.009615384615384616
0 0.5252403846153846 0.9447115384615384 0.07692307692307693 0.0673076923076923
0 0.47716346153846156 0.9663461538461539 0.08413461538461539 0.038461538461538464
0 0.4495192307692308 0.9326923076923077 0.0625 0.036057692307692304
0 0.4050480769230769 0.9543269230769231 0.07211538461538461 0.036057692307692304
0 0.41947115384615385 0.9819711538461539 0.0889423076923077 0.03125
0 0.3605769230769231 0.9447115384615384 0.038461538461538464 0.052884615384615384
0 0.31009615384615385 0.9362980769230769 0.08413461538461539 0.057692307692307696
0 0.27403846153846156 0.9483173076923077 0.07692307692307693 0.0673076923076923