0 0.9326923076923077 0.13942307692307693 0.12740384615384615 0.2692307692307692
0 0.9086538461538461 0.3088942307692308 0.17307692307692307 0.4519230769230769
0 0.8725961538461539 0.3088942307692308 0.24759615384615385 0.4543269230769231
0 0.8401442307692307 0.04927884615384615 0.10096153846153846 0.08653846153846154
0 0.9711538461538461 0.6418269230769231 0.05048076923076923 0.25721153846153844
0 0.8341346153846154 0.6634615384615384 0.24519230769230768 0.37740384615384615
0 0.6995192307692307 0.47836538461538464 0.19951923076923078 0.29086538461538464
0 0.6947115384615384 0.17427884615384615 0.21875 0.3389423076923077
0 0.5204326923076923 0.19951923076923078 0.24759615384615385 0.3894230769230769
0 0.41466346153846156 0.03245192307692308 0.16826923076923078 0.052884615384615384
0 0.2704326923076923 0.20432692307692307 0.2668269230769231 0.39903846153846156
0 0.10096153846153846 0.06610576923076923 0.1971153846153846 0.12259615384615384
0 0.07692307692307693 0.2536057692307692 0.15384615384615385 0.32211538461538464
0 0.11778846153846154 0.4795673076923077 0.23076923076923078 0.40625
0 0.390625 0.5576923076923077 0.25961538461538464 0.41586538461538464
0 0.24158653846153846 0.5132211538461539 0.0673076923076923 0.25
0 0.6322115384615384 0.5817307692307693 0.3125 0.3894230769230769
0 0.6694711538461539 0.8293269230769231 0.2283653846153846 0.33653846153846156
0 0.4326923076923077 0.8173076923076923 0.2403846153846154 0.27884615384615385
0 0.19471153846153846 0.8173076923076923 0.25240384615384615 0.3557692307692308
0 0.09975961538461539 0.8137019230769231 0.11298076923076923 0.27403846153846156
0 0.030048076923076924 0.6622596153846154 0.055288461538461536 0.16105769230769232
0 0.025240384615384616 0.859375 0.05048076923076923 0.2764423076923077
1 0.8858173076923077 0.9194711538461539 0.22355769230769232 0.15625
1 0.44591346153846156 0.9723557692307693 0.2644230769230769 0.052884615384615384
1 0.3173076923076923 0.9495192307692307 0.09134615384615384 0.09615384615384616
1 0.07932692307692307 0.9735576923076923 0.08173076923076923 0.04807692307692308