0 0.9435096153846154 0.08533653846153846 0.10576923076923077 0.15865384615384615
0 0.9495192307692307 0.23076923076923078 0.09375 0.13221153846153846
0 0.9567307692307693 0.4014423076923077 0.07932692307692307 0.1201923076923077
0 0.9387019230769231 0.359375 0.04326923076923077 0.06009615384615385
0 0.9579326923076923 0.5637019230769231 0.07692307692307693 0.17067307692307693
0 0.9278846153846154 0.4483173076923077 0.036057692307692304 0.07211538461538461
0 0.9026442307692307 0.3786057692307692 0.028846153846153848 0.0673076923076923
0 0.9170673076923077 0.31850961538461536 0.05048076923076923 0.04326923076923077
0 0.9098557692307693 0.27163461538461536 0.028846153846153848 0.028846153846153848
0 0.859375 0.29927884615384615 0.036057692307692304 0.04807692307692308
0 0.8497596153846154 0.19471153846153846 0.09615384615384616 0.18269230769230768
0 0.78125 0.15384615384615385 0.1201923076923077 0.17548076923076922
0 0.9759615384615384 0.6814903846153846 0.038461538461538464 0.0673076923076923
0 0.9387019230769231 0.8293269230769231 0.11538461538461539 0.3173076923076923
0 0.9182692307692307 0.6622596153846154 0.0673076923076923 0.08173076923076923
0 0.9026442307692307 0.5961538461538461 0.057692307692307696 0.08413461538461539
0 0.8737980769230769 0.6478365384615384 0.04326923076923077 0.07692307692307693
0 0.8269230769230769 0.5961538461538461 0.10096153846153846 0.07211538461538461
0 0.8125 0.5793269230769231 0.036057692307692304 0.038461538461538464
0 0.7836538461538461 0.5084134615384616 0.12259615384615384 0.16105769230769232
0 0.8665865384615384 0.43990384615384615 0.06490384615384616 0.07692307692307693
0 0.8930288461538461 0.5132211538461539 0.0625 0.07211538461538461
0 0.8569711538461539 0.39302884615384615 0.052884615384615384 0.08173076923076923
0 0.8100961538461539 0.4014423076923077 0.04807692307692308 0.0673076923076923
0 0.8425480769230769 0.3245192307692308 0.11057692307692307 0.07692307692307693
0 0.8197115384615384 0.7199519230769231 0.15865384615384615 0.23076923076923078
0 0.8425480769230769 0.8485576923076923 0.07692307692307693 0.08173076923076923
0 0.8449519230769231 0.9038461538461539 0.12980769230769232 0.11538461538461539
0 0.7487980769230769 0.8762019230769231 0.07692307692307693 0.09375
0 0.7524038461538461 0.9483173076923077 0.038461538461538464 0.04807692307692308
0 0.7451923076923077 0.9627403846153846 0.038461538461538464 0.06971153846153846
0 0.7800480769230769 0.9939903846153846 0.036057692307692304 0.009615384615384616
0 0.8834134615384616 0.9266826923076923 0.23317307692307693 0.14182692307692307
0 0.7367788461538461 0.7475961538461539 0.05048076923076923 0.0673076923076923
0 0.765625 0.796875 0.036057692307692304 0.055288461538461536
0 0.7259615384615384 0.7223557692307693 0.09375 0.15865384615384615
0 0.7403846153846154 0.609375 0.05048076923076923 0.07692307692307693
0 0.6754807692307693 0.5769230769230769 0.10096153846153846 0.2091346153846154
0 0.6466346153846154 0.6622596153846154 0.04326923076923077 0.06009615384615385
0 0.6550480769230769 0.5516826923076923 0.038461538461538464 0.04807692307692308
0 0.5997596153846154 0.5600961538461539 0.07211538461538461 0.0985576923076923
0 0.59375 0.47475961538461536 0.0673076923076923 0.10576923076923077
0 0.6622596153846154 0.4206730769230769 0.09134615384615384 0.125
0 0.7007211538461539 0.36538461538461536 0.036057692307692304 0.06009615384615385
0 0.6286057692307693 0.35697115384615385 0.04326923076923077 0.0673076923076923
0 0.6610576923076923 0.32091346153846156 0.04326923076923077 0.07211538461538461
0 0.5889423076923077 0.39783653846153844 0.057692307692307696 0.11538461538461539
0 0.6538461538461539 0.2283653846153846 0.07932692307692307 0.10576923076923077
0 0.5997596153846154 0.7560096153846154 0.14423076923076922 0.11538461538461539
0 0.5144230769230769 0.703125 0.038461538461538464 0.04326923076923077
0 0.5108173076923077 0.7367788461538461 0.03365384615384615 0.021634615384615384
0 0.4891826923076923 0.7223557692307693 0.02403846153846154 0.028846153846153848
0 0.6069711538461539 0.8713942307692307 0.12980769230769232 0.20192307692307693
0 0.6983173076923077 0.7884615384615384 0.07692307692307693 0.13701923076923078
0 0.5024038461538461 0.8293269230769231 0.10096153846153846 0.16346153846153846
0 0.3605769230769231 0.796875 0.25240384615384615 0.35096153846153844
0 0.43149038461538464 0.9507211538461539 0.09615384615384616 0.07692307692307693
0 0.49278846153846156 0.9555288461538461 0.08173076923076923 0.08653846153846154
0 0.546875 0.9567307692307693 0.040865384615384616 0.08173076923076923
0 0.6009615384615384 0.9795673076923077 0.08173076923076923 0.036057692307692304
0 0.7043269230769231 0.9362980769230769 0.12259615384615384 0.125
0 0.38100961538461536 0.9819711538461539 0.09375 0.03125
0 0.22355769230769232 0.9326923076923077 0.2403846153846154 0.12980769230769232
0 0.11057692307692307 0.859375 0.22115384615384615 0.27884615384615385
0 0.078125 0.7692307692307693 0.15384615384615385 0.2091346153846154
0 0.013221153846153846 0.7391826923076923 0.026442307692307692 0.17067307692307693
0 0.03485576923076923 0.5276442307692307 0.06971153846153846 0.2403846153846154
0 0.10096153846153846 0.6430288461538461 0.12980769230769232 0.2860576923076923
0 0.10697115384615384 0.7992788461538461 0.11057692307692307 0.14903846153846154
0 0.22596153846153846 0.59375 0.10576923076923077 0.1201923076923077
0 0.17307692307692307 0.5360576923076923 0.057692307692307696 0.13701923076923078
0 0.27283653846153844 0.4723557692307692 0.13942307692307693 0.12259615384615384
0 0.31009615384615385 0.5324519230769231 0.12980769230769232 0.17548076923076922
0 0.22355769230769232 0.6646634615384616 0.13701923076923078 0.1201923076923077
0 0.21514423076923078 0.7475961538461539 0.08173076923076923 0.0985576923076923
0 0.2439903846153846 0.28846153846153844 0.3004807692307692 0.3798076923076923
0 0.28365384615384615 0.1346153846153846 0.1346153846153846 0.16105769230769232
0 0.2127403846153846 0.2692307692307692 0.057692307692307696 0.0889423076923077
0 0.12980769230769232 0.26322115384615385 0.18028846153846154 0.25240384615384615
0 0.1466346153846154 0.04927884615384615 0.09134615384615384 0.08653846153846154
0 0.31009615384615385 0.021634615384615384 0.09375 0.03365384615384615
0 0.421875 0.14302884615384615 0.07211538461538461 0.0985576923076923
0 0.7439903846153846 0.39302884615384615 0.09375 0.22596153846153846
0 0.6514423076923077 0.15384615384615385 0.5096153846153846 0.2980769230769231
0 0.43990384615384615 0.04927884615384615 0.19471153846153846 0.08653846153846154
0 0.013221153846153846 0.4483173076923077 0.026442307692307692 0.07211538461538461
0 0.030048076923076924 0.18509615384615385 0.055288461538461536 0.36538461538461536
0 0.09615384615384616 0.11778846153846154 0.1201923076923077 0.22596153846153846