0 0.515625 0.25 0.16105769230769232 0.12259615384615384
0 0.5432692307692307 0.08533653846153846 0.14903846153846154 0.10336538461538461
0 0.32572115384615385 0.1201923076923077 0.125 0.10576923076923077
0 0.2127403846153846 0.0625 0.1875 0.10336538461538461
0 0.12860576923076922 0.021634615384615384 0.17307692307692307 0.038461538461538464
0 0.14783653846153846 0.16706730769230768 0.09134615384615384 0.08173076923076923
0 0.25240384615384615 0.21514423076923078 0.08653846153846154 0.0889423076923077
0 0.3545673076923077 0.22355769230769232 0.06490384615384616 0.04807692307692308
0 0.4519230769230769 0.1814903846153846 0.09615384615384616 0.052884615384615384
0 0.6430288461538461 0.28725961538461536 0.125 0.11538461538461539
0 0.5264423076923077 0.3329326923076923 0.08653846153846154 0.11057692307692307
0 0.8497596153846154 0.10336538461538461 0.13942307692307693 0.08173076923076923
0 0.9194711538461539 0.03485576923076923 0.14903846153846154 0.0625
0 0.953125 0.10697115384615384 0.0889423076923077 0.11778846153846154
0 0.9795673076923077 0.390625 0.036057692307692304 0.055288461538461536
0 0.9663461538461539 0.3449519230769231 0.0625 0.06971153846153846
0 0.9795673076923077 0.2824519230769231 0.036057692307692304 0.055288461538461536
0 0.9699519230769231 0.22596153846153846 0.057692307692307696 0.057692307692307696
0 0.4026442307692308 0.3737980769230769 0.08653846153846154 0.07451923076923077
0 0.36538461538461536 0.4338942307692308 0.09615384615384616 0.10336538461538461
0 0.2764423076923077 0.39302884615384615 0.06971153846153846 0.07451923076923077
0 0.265625 0.6538461538461539 0.08173076923076923 0.0625
0 0.2091346153846154 0.703125 0.09615384615384616 0.125
0 0.11538461538461539 0.6478365384615384 0.10096153846153846 0.0673076923076923
0 0.07572115384615384 0.5 0.07692307692307693 0.08173076923076923
0 0.40024038461538464 0.6850961538461539 0.09134615384615384 0.0889423076923077
0 0.48677884615384615 0.7427884615384616 0.11298076923076923 0.07211538461538461
0 0.36778846153846156 0.7475961538461539 0.06971153846153846 0.07451923076923077
0 0.30408653846153844 0.6995192307692307 0.057692307692307696 0.0673076923076923
0 0.7956730769230769 0.7079326923076923 0.10576923076923077 0.08173076923076923
0 0.7908653846153846 0.7704326923076923 0.09615384615384616 0.0673076923076923
0 0.6586538461538461 0.7848557692307693 0.11298076923076923 0.07451923076923077
0 0.59375 0.7776442307692307 0.04807692307692308 0.052884615384615384
0 0.6610576923076923 0.8521634615384616 0.09615384615384616 0.0889423076923077
0 0.8040865384615384 0.8221153846153846 0.08173076923076923 0.0673076923076923
0 0.9134615384615384 0.7920673076923077 0.07692307692307693 0.0889423076923077
0 0.9663461538461539 0.7512019230769231 0.0625 0.05048076923076923
0 0.9603365384615384 0.7019230769230769 0.07451923076923077 0.0673076923076923
0 0.953125 0.6262019230769231 0.0889423076923077 0.08413461538461539
0 0.8786057692307693 0.9350961538461539 0.06971153846153846 0.07211538461538461
0 0.7764423076923077 0.9314903846153846 0.11298076923076923 0.07692307692307693
0 0.671875 0.890625 0.07692307692307693 0.07932692307692307
0 0.5504807692307693 0.9879807692307693 0.0625 0.019230769230769232
0 0.4675480769230769 0.9579326923076923 0.08653846153846154 0.040865384615384616
0 0.4206730769230769 0.9795673076923077 0.0625 0.036057692307692304
0 0.39302884615384615 0.9350961538461539 0.052884615384615384 0.07211538461538461
0 0.33052884615384615 0.8966346153846154 0.125 0.07451923076923077
0 0.08533653846153846 0.9795673076923077 0.11298076923076923 0.036057692307692304
0 0.9350961538461539 0.9579326923076923 0.125 0.08413461538461539
0 0.9711538461538461 0.8161057692307693 0.052884615384615384 0.040865384615384616
0 0.9579326923076923 0.8930288461538461 0.07932692307692307 0.04567307692307692
0 0.8677884615384616 0.6947115384615384 0.04807692307692308 0.055288461538461536
0 0.054086538461538464 0.0625 0.09615384615384616 0.07451923076923077
0 0.6778846153846154 0.02403846153846154 0.09615384615384616 0.040865384615384616
0 0.6502403846153846 0.15504807692307693 0.08653846153846154 0.10336538461538461