0 0.02283653846153846 0.02403846153846154 0.040865384615384616 0.04807692307692308
0 0.04567307692307692 0.06850961538461539 0.08653846153846154 0.10336538461538461
0 0.052884615384615384 0.16105769230769232 0.10096153846153846 0.09134615384615384
0 0.042067307692307696 0.25 0.07932692307692307 0.08173076923076923
0 0.036057692307692304 0.3004807692307692 0.07211538461538461 0.05048076923076923
0 0.016826923076923076 0.3605769230769231 0.03365384615384615 0.0673076923076923
0 0.06490384615384616 0.41586538461538464 0.125 0.0673076923076923
0 0.09975961538461539 0.4362980769230769 0.19471153846153846 0.10817307692307693
0 0.14423076923076922 0.5096153846153846 0.24519230769230768 0.09615384615384616
0 0.3581730769230769 0.6358173076923077 0.14903846153846154 0.10576923076923077
0 0.109375 0.057692307692307696 0.08653846153846154 0.11538461538461539
0 0.16706730769230768 0.12740384615384615 0.11538461538461539 0.10817307692307693
0 0.11778846153846154 0.2247596153846154 0.08173076923076923 0.11538461538461539
0 0.16346153846153846 0.24639423076923078 0.11057692307692307 0.07932692307692307
0 0.22355769230769232 0.2776442307692308 0.1201923076923077 0.08173076923076923
0 0.28365384615384615 0.03485576923076923 0.1201923076923077 0.0673076923076923
0 0.24278846153846154 0.08533653846153846 0.08173076923076923 0.08173076923076923
0 0.18028846153846154 0.036057692307692304 0.07692307692307693 0.05048076923076923
0 0.18629807692307693 0.010817307692307692 0.0985576923076923 0.021634615384615384
0 0.30288461538461536 0.18509615384615385 0.13701923076923078 0.09375
0 0.35216346153846156 0.28966346153846156 0.13701923076923078 0.09375
0 0.42908653846153844 0.36778846153846156 0.11538461538461539 0.08173076923076923
0 0.328125 0.38221153846153844 0.11057692307692307 0.07692307692307693
0 0.2920673076923077 0.35336538461538464 0.13701923076923078 0.09134615384615384
0 0.19110576923076922 0.34615384615384615 0.0673076923076923 0.0673076923076923
0 0.28125 0.1346153846153846 0.08173076923076923 0.036057692307692304
0 0.3557692307692308 0.025240384615384616 0.04326923076923077 0.05048076923076923
0 0.33653846153846156 0.06490384615384616 0.07211538461538461 0.057692307692307696
0 0.4074519230769231 0.11778846153846154 0.14903846153846154 0.1201923076923077
0 0.4375 0.03485576923076923 0.12980769230769232 0.0673076923076923
0 0.43149038461538464 0.21514423076923078 0.14182692307692307 0.09134615384615384
0 0.4831730769230769 0.2860576923076923 0.14903846153846154 0.09375
0 0.4206730769230769 0.4495192307692308 0.12980769230769232 0.07932692307692307
0 0.33052884615384615 0.48197115384615385 0.08173076923076923 0.08653846153846154
0 0.2512019230769231 0.44350961538461536 0.11057692307692307 0.11057692307692307
0 0.34134615384615385 0.5600961538461539 0.125 0.07692307692307693
0 0.4266826923076923 0.5252403846153846 0.11057692307692307 0.07211538461538461
0 0.44591346153846156 0.5637019230769231 0.07211538461538461 0.04807692307692308
0 0.5192307692307693 0.5612980769230769 0.08653846153846154 0.057692307692307696
0 0.5408653846153846 0.5276442307692307 0.1201923076923077 0.0673076923076923
0 0.6310096153846154 0.5576923076923077 0.10336538461538461 0.07211538461538461
0 0.5817307692307693 0.5889423076923077 0.07211538461538461 0.038461538461538464
0 0.7079326923076923 0.5288461538461539 0.10336538461538461 0.057692307692307696
0 0.6418269230769231 0.4963942307692308 0.13701923076923078 0.057692307692307696
0 0.7487980769230769 0.4675480769230769 0.12980769230769232 0.07932692307692307
0 0.6370192307692307 0.43990384615384615 0.125 0.07692307692307693
0 0.5360576923076923 0.4651442307692308 0.0985576923076923 0.052884615384615384
0 0.5384615384615384 0.39663461538461536 0.13701923076923078 0.09615384615384616
0 0.6634615384615384 0.36899038461538464 0.15865384615384615 0.07932692307692307
0 0.7536057692307693 0.3918269230769231 0.1201923076923077 0.06490384615384616
0 0.765625 0.3112980769230769 0.1875 0.10096153846153846
0 0.6069711538461539 0.3076923076923077 0.15384615384615385 0.07932692307692307
0 0.6442307692307693 0.23317307692307693 0.14182692307692307 0.07692307692307693
0 0.5877403846153846 0.19951923076923078 0.14903846153846154 0.12980769230769232
0 0.546875 0.12259615384615384 0.15384615384615385 0.14423076923076922
0 0.5576923076923077 0.028846153846153848 0.12980769230769232 0.057692307692307696
0 0.65625 0.06009615384615385 0.15384615384615385 0.1201923076923077
0 0.6935096153846154 0.1466346153846154 0.0985576923076923 0.09134615384615384
0 0.7512019230769231 0.20793269230769232 0.11538461538461539 0.11057692307692307
0 0.7596153846153846 0.11057692307692307 0.0985576923076923 0.1346153846153846