0 0.13942307692307693 0.8449519230769231 0.2692307692307692 0.2980769230769231
0 0.10216346153846154 0.6310096153846154 0.1971153846153846 0.24278846153846154
0 0.20432692307692307 0.4230769230769231 0.34134615384615385 0.2692307692307692
0 0.12980769230769232 0.20673076923076922 0.1658653846153846 0.23557692307692307
0 0.2764423076923077 0.08533653846153846 0.18269230769230768 0.17067307692307693
0 0.24519230769230768 0.22716346153846154 0.0889423076923077 0.17548076923076922
0 0.32572115384615385 0.24278846153846154 0.14423076923076922 0.1971153846153846
0 0.39783653846153844 0.14182692307692307 0.12980769230769232 0.10817307692307693
0 0.4519230769230769 0.234375 0.10817307692307693 0.10817307692307693
0 0.4579326923076923 0.1346153846153846 0.05048076923076923 0.052884615384615384
0 0.4963942307692308 0.1466346153846154 0.0673076923076923 0.08653846153846154
0 0.5420673076923077 0.20673076923076922 0.09615384615384616 0.16346153846153846
0 0.5540865384615384 0.11057692307692307 0.0889423076923077 0.08653846153846154
0 0.6370192307692307 0.12620192307692307 0.08653846153846154 0.0673076923076923
0 0.6370192307692307 0.20072115384615385 0.10096153846153846 0.1346153846153846
0 0.4362980769230769 0.36899038461538464 0.15384615384615385 0.19230769230769232
0 0.3942307692307692 0.6730769230769231 0.38461538461538464 0.49038461538461536
0 0.4735576923076923 0.9591346153846154 0.23557692307692307 0.07211538461538461
0 0.7235576923076923 0.8197115384615384 0.33653846153846156 0.35096153846153844
0 0.6586538461538461 0.5384615384615384 0.1971153846153846 0.25240384615384615
0 0.8665865384615384 0.5673076923076923 0.2283653846153846 0.31971153846153844
0 0.9338942307692307 0.7211538461538461 0.12980769230769232 0.5360576923076923
0 0.7103365384615384 0.39663461538461536 0.4182692307692308 0.27884615384615385
0 0.8112980769230769 0.28125 0.125 0.1201923076923077
0 0.8365384615384616 0.22596153846153846 0.32211538461538464 0.3894230769230769