0 0.8245192307692307 0.9675480769230769 0.12740384615384615 0.052884615384615384
0 0.8810096153846154 0.9459134615384616 0.09375 0.0985576923076923
0 0.9459134615384616 0.9675480769230769 0.07211538461538461 0.052884615384615384
0 0.9170673076923077 0.9074519230769231 0.15865384615384615 0.17307692307692307
0 0.9675480769230769 0.8966346153846154 0.057692307692307696 0.1201923076923077
0 0.9651442307692307 0.8221153846153846 0.0625 0.08173076923076923
0 0.9242788461538461 0.8112980769230769 0.036057692307692304 0.06009615384615385
0 0.9350961538461539 0.7463942307692307 0.06490384615384616 0.06009615384615385
0 0.9831730769230769 0.6394230769230769 0.02403846153846154 0.0673076923076923
0 0.8137019230769231 0.7872596153846154 0.09615384615384616 0.15384615384615385
0 0.7848557692307693 0.8882211538461539 0.07692307692307693 0.10336538461538461
0 0.7175480769230769 0.7788461538461539 0.10096153846153846 0.16826923076923078
0 0.6225961538461539 0.9591346153846154 0.12259615384615384 0.07211538461538461
0 0.6971153846153846 0.9567307692307693 0.0625 0.07692307692307693
0 0.8713942307692307 0.4098557692307692 0.21394230769230768 0.21875
0 0.8966346153846154 0.3088942307692308 0.1778846153846154 0.09134615384615384
0 0.9639423076923077 0.40384615384615385 0.06490384615384616 0.1875
0 0.7331730769230769 0.39302884615384615 0.038461538461538464 0.04326923076923077
0 0.7524038461538461 0.4098557692307692 0.038461538461538464 0.052884615384615384
0 0.7848557692307693 0.39663461538461536 0.02403846153846154 0.016826923076923076
0 0.7896634615384616 0.4375 0.04326923076923077 0.04326923076923077
0 0.8209134615384616 0.4182692307692308 0.03365384615384615 0.038461538461538464
0 0.8257211538461539 0.46153846153846156 0.05048076923076923 0.038461538461538464
0 0.8545673076923077 0.43990384615384615 0.036057692307692304 0.038461538461538464
0 0.8918269230769231 0.46153846153846156 0.036057692307692304 0.038461538461538464
0 0.8677884615384616 0.5024038461538461 0.038461538461538464 0.052884615384615384
0 0.9002403846153846 0.5168269230769231 0.03365384615384615 0.04807692307692308
0 0.9242788461538461 0.5084134615384616 0.036057692307692304 0.04326923076923077
0 0.6754807692307693 0.4182692307692308 0.04807692307692308 0.06009615384615385
0 0.7211538461538461 0.4423076923076923 0.05048076923076923 0.04326923076923077
0 0.7524038461538461 0.4723557692307692 0.052884615384615384 0.04807692307692308
0 0.8185096153846154 0.5024038461538461 0.05048076923076923 0.07692307692307693
0 0.8245192307692307 0.5661057692307693 0.0625 0.06009615384615385
0 0.78125 0.5300480769230769 0.04807692307692308 0.0673076923076923
0 0.7367788461538461 0.5661057692307693 0.04807692307692308 0.038461538461538464
0 0.7788461538461539 0.6009615384615384 0.057692307692307696 0.04326923076923077
0 0.7247596153846154 0.5084134615384616 0.06490384615384616 0.0673076923076923
0 0.6862980769230769 0.47836538461538464 0.052884615384615384 0.07211538461538461
0 0.6358173076923077 0.4639423076923077 0.052884615384615384 0.07692307692307693
0 0.9507211538461539 0.2403846153846154 0.09134615384615384 0.0985576923076923
0 0.5817307692307693 0.5793269230769231 0.27884615384615385 0.23076923076923078
0 0.4495192307692308 0.5685096153846154 0.057692307692307696 0.11057692307692307
0 0.4831730769230769 0.5817307692307693 0.038461538461538464 0.09134615384615384
0 0.5024038461538461 0.5793269230769231 0.02403846153846154 0.021634615384615384
0 0.42427884615384615 0.5733173076923077 0.06490384615384616 0.11057692307692307
0 0.45072115384615385 0.5793269230769231 0.038461538461538464 0.07692307692307693
0 0.41466346153846156 0.5901442307692307 0.0673076923076923 0.14182692307692307
0 0.40625 0.6009615384615384 0.07932692307692307 0.12980769230769232
0 0.3858173076923077 0.6033653846153846 0.0673076923076923 0.13701923076923078
0 0.35697115384615385 0.6069711538461539 0.04807692307692308 0.1201923076923077
0 0.328125 0.5793269230769231 0.03365384615384615 0.052884615384615384
0 0.5709134615384616 0.6670673076923077 0.07692307692307693 0.08653846153846154
0 0.5673076923076923 0.6742788461538461 0.11057692307692307 0.11538461538461539
0 0.5108173076923077 0.671875 0.07211538461538461 0.11057692307692307
0 0.578125 0.7211538461538461 0.052884615384615384 0.04326923076923077
0 0.4963942307692308 0.6742788461538461 0.07211538461538461 0.10336538461538461
0 0.47475961538461536 0.6935096153846154 0.08653846153846154 0.0985576923076923
0 0.5600961538461539 0.7463942307692307 0.10576923076923077 0.04807692307692308
0 0.5492788461538461 0.7572115384615384 0.10576923076923077 0.038461538461538464
0 0.44591346153846156 0.7127403846153846 0.10096153846153846 0.10336538461538461
0 0.42908653846153844 0.734375 0.12740384615384615 0.13701923076923078
0 0.5036057692307693 0.7872596153846154 0.06490384615384616 0.052884615384615384
0 0.28846153846153844 0.5985576923076923 0.0673076923076923 0.038461538461538464
0 0.2920673076923077 0.6502403846153846 0.0673076923076923 0.08653846153846154
0 0.3425480769230769 0.6526442307692307 0.04807692307692308 0.09134615384615384
0 0.32091346153846156 0.6935096153846154 0.038461538461538464 0.03365384615384615
0 0.3786057692307692 0.7427884615384616 0.038461538461538464 0.0985576923076923
0 0.4098557692307692 0.7596153846153846 0.036057692307692304 0.0673076923076923
0 0.4170673076923077 0.8305288461538461 0.04326923076923077 0.0673076923076923
0 0.44591346153846156 0.8257211538461539 0.021634615384615384 0.03365384615384615
0 0.38100961538461536 0.8413461538461539 0.057692307692307696 0.0673076923076923
0 0.35697115384615385 0.8774038461538461 0.038461538461538464 0.04807692307692308
0 0.3329326923076923 0.8473557692307693 0.04326923076923077 0.052884615384615384
0 0.28966346153846156 0.8305288461538461 0.05048076923076923 0.07692307692307693
0 0.34375 0.9206730769230769 0.07211538461538461 0.06009615384615385
0 0.2776442307692308 0.78125 0.09615384615384616 0.07692307692307693
0 0.296875 0.7319711538461539 0.05048076923076923 0.052884615384615384
0 0.21754807692307693 0.6778846153846154 0.14423076923076922 0.14182692307692307
0 0.22956730769230768 0.6262019230769231 0.0625 0.07211538461538461
0 0.21875 0.7403846153846154 0.0625 0.06009615384615385
0 0.19951923076923078 0.765625 0.22596153846153846 0.27403846153846156
0 0.203125 0.8137019230769231 0.17307692307692307 0.2403846153846154
0 0.24639423076923078 0.9038461538461539 0.05048076923076923 0.10336538461538461
0 0.2247596153846154 0.8822115384615384 0.07211538461538461 0.13701923076923078
0 0.13581730769230768 0.8581730769230769 0.27163461538461536 0.27403846153846156
0 0.9711538461538461 0.15625 0.05048076923076923 0.06009615384615385
0 0.036057692307692304 0.5408653846153846 0.04326923076923077 0.0673076923076923
0 0.014423076923076924 0.5 0.028846153846153848 0.09134615384615384
0 0.010817307692307692 0.5661057692307693 0.021634615384615384 0.04807692307692308
0 0.04927884615384615 0.16947115384615385 0.052884615384615384 0.08653846153846154
0 0.016826923076923076 0.18028846153846154 0.03365384615384615 0.08653846153846154
0 0.018028846153846152 0.10697115384615384 0.036057692307692304 0.09134615384615384
0 0.028846153846153848 0.06610576923076923 0.036057692307692304 0.04326923076923077
0 0.0673076923076923 0.06009615384615385 0.038461538461538464 0.07692307692307693
0 0.1045673076923077 0.04927884615384615 0.036057692307692304 0.07692307692307693
0 0.1310096153846154 0.054086538461538464 0.021634615384615384 0.03365384615384615
0 0.15985576923076922 0.051682692307692304 0.036057692307692304 0.06009615384615385
0 0.1814903846153846 0.06850961538461539 0.021634615384615384 0.038461538461538464
0 0.1971153846153846 0.10096153846153846 0.03365384615384615 0.06009615384615385
0 0.13221153846153846 0.1201923076923077 0.03365384615384615 0.0673076923076923
0 0.16706730769230768 0.1141826923076923 0.036057692307692304 0.052884615384615384
0 0.19951923076923078 0.15625 0.04326923076923077 0.04807692307692308
0 0.22596153846153846 0.1502403846153846 0.03365384615384615 0.04807692307692308
0 0.16105769230769232 0.16346153846153846 0.03365384615384615 0.04326923076923077
0 0.125 0.16947115384615385 0.038461538461538464 0.03365384615384615
0 0.09975961538461539 0.1502403846153846 0.038461538461538464 0.04807692307692308
0 0.0673076923076923 0.1141826923076923 0.04807692307692308 0.04326923076923077
0 0.10336538461538461 0.10697115384615384 0.02403846153846154 0.028846153846153848
0 0.7596153846153846 0.23197115384615385 0.03365384615384615 0.06009615384615385
0 0.7776442307692307 0.2704326923076923 0.02403846153846154 0.016826923076923076
0 0.7596153846153846 0.2704326923076923 0.019230769230769232 0.028846153846153848
0 0.7355769230769231 0.2704326923076923 0.021634615384615384 0.028846153846153848
0 0.7247596153846154 0.22716346153846154 0.028846153846153848 0.04807692307692308
0 0.7463942307692307 0.23197115384615385 0.014423076923076924 0.038461538461538464
0 0.7319711538461539 0.18870192307692307 0.028846153846153848 0.028846153846153848
0 0.7043269230769231 0.19951923076923078 0.019230769230769232 0.028846153846153848
0 0.703125 0.17427884615384615 0.028846153846153848 0.021634615384615384
0 0.6790865384615384 0.1935096153846154 0.03365384615384615 0.038461538461538464
0 0.6706730769230769 0.16346153846153846 0.028846153846153848 0.03365384615384615
0 0.6826923076923077 0.2536057692307692 0.0673076923076923 0.08173076923076923
0 0.6346153846153846 0.2920673076923077 0.07932692307692307 0.10336538461538461
0 0.5384615384615384 0.28966346153846156 0.09134615384615384 0.0985576923076923
0 0.5564903846153846 0.171875 0.09134615384615384 0.10336538461538461
0 0.6189903846153846 0.18269230769230768 0.06490384615384616 0.10336538461538461
0 0.47596153846153844 0.21875 0.07692307692307693 0.11057692307692307
0 0.12740384615384615 0.4230769230769231 0.2548076923076923 0.23557692307692307
0 0.18870192307692307 0.32211538461538464 0.07211538461538461 0.0985576923076923
0 0.25600961538461536 0.37740384615384615 0.0673076923076923 0.08653846153846154
0 0.28846153846153844 0.4375 0.0673076923076923 0.0673076923076923
0 0.30649038461538464 0.36658653846153844 0.052884615384615384 0.07692307692307693
0 0.34615384615384615 0.3581730769230769 0.03365384615384615 0.07211538461538461
0 0.3894230769230769 0.3629807692307692 0.0625 0.06009615384615385
0 0.3894230769230769 0.4098557692307692 0.04807692307692308 0.052884615384615384
0 0.34615384615384615 0.4266826923076923 0.0625 0.052884615384615384
0 0.35697115384615385 0.2620192307692308 0.0625 0.1201923076923077
0 0.4170673076923077 0.2620192307692308 0.04326923076923077 0.052884615384615384
0 0.4026442307692308 0.30288461538461536 0.021634615384615384 0.04807692307692308
0 0.42427884615384615 0.3004807692307692 0.028846153846153848 0.0673076923076923
0 0.4639423076923077 0.28125 0.06490384615384616 0.04807692307692308
0 0.4639423076923077 0.31971153846153844 0.057692307692307696 0.06009615384615385
0 0.43990384615384615 0.3557692307692308 0.02403846153846154 0.0673076923076923
0 0.4651442307692308 0.3605769230769231 0.03365384615384615 0.03365384615384615
0 0.4723557692307692 0.39302884615384615 0.03365384615384615 0.04326923076923077
0 0.453125 0.39903846153846156 0.028846153846153848 0.04326923076923077
0 0.5096153846153846 0.36899038461538464 0.038461538461538464 0.04807692307692308
0 0.53125 0.3581730769230769 0.03365384615384615 0.028846153846153848
0 0.22115384615384615 0.2764423076923077 0.04326923076923077 0.038461538461538464
0 0.26322115384615385 0.26802884615384615 0.038461538461538464 0.04326923076923077
0 0.28846153846153844 0.25721153846153844 0.019230769230769232 0.03365384615384615
0 0.22956730769230768 0.3173076923076923 0.03365384615384615 0.04326923076923077
0 0.2608173076923077 0.30288461538461536 0.036057692307692304 0.038461538461538464
0 0.29927884615384615 0.2980769230769231 0.038461538461538464 0.028846153846153848
0 0.2776442307692308 0.3173076923076923 0.02403846153846154 0.03365384615384615
0 0.6177884615384616 0.11778846153846154 0.038461538461538464 0.038461538461538464
0 0.6526442307692307 0.12259615384615384 0.04326923076923077 0.04807692307692308
0 0.6814903846153846 0.11778846153846154 0.021634615384615384 0.06009615384615385
0 0.7079326923076923 0.14182692307692307 0.02403846153846154 0.052884615384615384
0 0.7319711538461539 0.12620192307692307 0.028846153846153848 0.04326923076923077
0 0.7463942307692307 0.16346153846153846 0.028846153846153848 0.052884615384615384
0 0.7283653846153846 0.16947115384615385 0.028846153846153848 0.03365384615384615
0 0.7596153846153846 0.11177884615384616 0.02403846153846154 0.028846153846153848
0 0.7752403846153846 0.16105769230769232 0.036057692307692304 0.06009615384615385
0 0.8028846153846154 0.15264423076923078 0.02403846153846154 0.04326923076923077
0 0.8076923076923077 0.19110576923076922 0.036057692307692304 0.04326923076923077
0 0.8389423076923077 0.18870192307692307 0.019230769230769232 0.038461538461538464
0 0.8569711538461539 0.22115384615384615 0.019230769230769232 0.038461538461538464
0 0.8365384615384616 0.22716346153846154 0.021634615384615384 0.038461538461538464
0 0.8076923076923077 0.22956730769230768 0.036057692307692304 0.03365384615384615
0 0.78125 0.20793269230769232 0.02403846153846154 0.04326923076923077
0 0.9387019230769231 0.12259615384615384 0.028846153846153848 0.04807692307692308
0 0.9795673076923077 0.08774038461538461 0.03365384615384615 0.08653846153846154
0 0.9435096153846154 0.055288461538461536 0.05048076923076923 0.11057692307692307
0 0.9254807692307693 0.0625 0.038461538461538464 0.10336538461538461
0 0.8882211538461539 0.1201923076923077 0.028846153846153848 0.03365384615384615
0 0.8509615384615384 0.10096153846153846 0.028846153846153848 0.016826923076923076
0 0.8677884615384616 0.12259615384615384 0.02403846153846154 0.038461538461538464
0 0.9110576923076923 0.12259615384615384 0.019230769230769232 0.028846153846153848
0 0.9170673076923077 0.16706730769230768 0.014423076923076924 0.038461538461538464
0 0.9326923076923077 0.17427884615384615 0.019230769230769232 0.04326923076923077
0 0.8918269230769231 0.15865384615384615 0.028846153846153848 0.021634615384615384
0 0.8930288461538461 0.2127403846153846 0.038461538461538464 0.04326923076923077
0 0.8810096153846154 0.18870192307692307 0.04326923076923077 0.04807692307692308
0 0.8509615384615384 0.12259615384615384 0.05048076923076923 0.06009615384615385
0 0.8533653846153846 0.014423076923076924 0.0625 0.028846153846153848
0 0.7824519230769231 0.021634615384615384 0.08653846153846154 0.04326923076923077
0 0.7355769230769231 0.046875 0.021634615384615384 0.028846153846153848
0 0.7115384615384616 0.014423076923076924 0.057692307692307696 0.028846153846153848
0 0.6778846153846154 0.014423076923076924 0.02403846153846154 0.028846153846153848
0 0.6706730769230769 0.04927884615384615 0.036057692307692304 0.03365384615384615
0 0.6995192307692307 0.04326923076923077 0.021634615384615384 0.03365384615384615
0 0.7139423076923077 0.046875 0.014423076923076924 0.038461538461538464
0 0.6490384615384616 0.019230769230769232 0.04326923076923077 0.038461538461538464
0 0.6069711538461539 0.016826923076923076 0.04807692307692308 0.03365384615384615
0 0.6286057692307693 0.057692307692307696 0.04807692307692308 0.04807692307692308
0 0.5889423076923077 0.057692307692307696 0.04807692307692308 0.04807692307692308
0 0.5600961538461539 0.025240384615384616 0.057692307692307696 0.05048076923076923
0 0.5384615384615384 0.0625 0.04807692307692308 0.09134615384615384
0 0.5060096153846154 0.027644230769230768 0.0625 0.052884615384615384
0 0.49038461538461536 0.0733173076923077 0.04807692307692308 0.08173076923076923
0 0.44350961538461536 0.08413461538461539 0.052884615384615384 0.07211538461538461
0 0.453125 0.027644230769230768 0.05048076923076923 0.052884615384615384
0 0.39903846153846156 0.054086538461538464 0.057692307692307696 0.07692307692307693
0 0.40625 0.021634615384615384 0.04326923076923077 0.04326923076923077
0 0.34615384615384615 0.025240384615384616 0.07692307692307693 0.05048076923076923
0 0.38100961538461536 0.09615384615384616 0.06490384615384616 0.07211538461538461
0 0.33653846153846156 0.10096153846153846 0.057692307692307696 0.07211538461538461
0 0.2848557692307692 0.11778846153846154 0.0673076923076923 0.06009615384615385
0 0.2439903846153846 0.09014423076923077 0.04807692307692308 0.04807692307692308
0 0.20432692307692307 0.054086538461538464 0.03365384615384615 0.03365384615384615
0 0.2403846153846154 0.03365384615384615 0.0625 0.0673076923076923
0 0.2860576923076923 0.054086538461538464 0.06490384615384616 0.07692307692307693
0 0.2956730769230769 0.010817307692307692 0.04807692307692308 0.021634615384615384
0 0.1935096153846154 0.021634615384615384 0.038461538461538464 0.04326923076923077
0 0.12379807692307693 0.014423076923076924 0.10336538461538461 0.028846153846153848