0 0.055288461538461536 0.35697115384615385 0.11057692307692307 0.23798076923076922
0 0.030048076923076924 0.22956730769230768 0.06009615384615385 0.0889423076923077
0 0.01201923076923077 0.4519230769230769 0.02403846153846154 0.15384615384615385
0 0.07451923076923077 0.4795673076923077 0.08173076923076923 0.13701923076923078
0 0.5588942307692307 0.11057692307692307 0.14423076923076922 0.22115384615384615
0 0.6850961538461539 0.13942307692307693 0.11057692307692307 0.11298076923076923
0 0.8016826923076923 0.21153846153846154 0.11538461538461539 0.22115384615384615
0 0.7512019230769231 0.3004807692307692 0.125 0.18509615384615385
0 0.8269230769230769 0.38100961538461536 0.0673076923076923 0.14423076923076922
0 0.7367788461538461 0.4170673076923077 0.09375 0.08173076923076923
0 0.7980769230769231 0.4170673076923077 0.04326923076923077 0.04807692307692308
0 0.6454326923076923 0.38341346153846156 0.11057692307692307 0.13701923076923078
0 0.6622596153846154 0.2764423076923077 0.08173076923076923 0.11298076923076923
0 0.5877403846153846 0.23197115384615385 0.13701923076923078 0.21394230769230768
0 0.5733173076923077 0.3389423076923077 0.06009615384615385 0.1201923076923077
0 0.5 0.3245192307692308 0.10096153846153846 0.11298076923076923
0 0.5264423076923077 0.41346153846153844 0.1466346153846154 0.125
0 0.4254807692307692 0.43149038461538464 0.057692307692307696 0.0889423076923077
0 0.41947115384615385 0.3545673076923077 0.10576923076923077 0.1971153846153846
0 0.43149038461538464 0.25600961538461536 0.10336538461538461 0.07211538461538461
0 0.44471153846153844 0.18509615384615385 0.09134615384615384 0.14423076923076922
0 0.36177884615384615 0.22596153846153846 0.08173076923076923 0.1201923076923077
0 0.3233173076923077 0.3485576923076923 0.09375 0.16105769230769232
0 0.3112980769230769 0.24158653846153846 0.04326923076923077 0.07692307692307693
0 0.2764423076923077 0.28846153846153844 0.038461538461538464 0.028846153846153848
0 0.2548076923076923 0.3329326923076923 0.04326923076923077 0.06009615384615385
0 0.2403846153846154 0.3954326923076923 0.026442307692307692 0.06490384615384616
0 0.2668269230769231 0.4074519230769231 0.038461538461538464 0.06490384615384616
0 0.16826923076923078 0.38100961538461536 0.06971153846153846 0.07211538461538461
0 0.21875 0.4014423076923077 0.038461538461538464 0.06490384615384616
0 0.11658653846153846 0.375 0.019230769230769232 0.06009615384615385
0 0.15144230769230768 0.4230769230769231 0.0625 0.07211538461538461
0 0.8305288461538461 0.9194711538461539 0.06009615384615385 0.14903846153846154
0 0.8161057692307693 0.8185096153846154 0.08653846153846154 0.2932692307692308
0 0.8137019230769231 0.5889423076923077 0.09375 0.27403846153846156
0 0.671875 0.8545673076923077 0.1971153846153846 0.27884615384615385
0 0.7548076923076923 0.7115384615384616 0.08173076923076923 0.13701923076923078
0 0.7512019230769231 0.5769230769230769 0.10336538461538461 0.23798076923076922
0 0.6394230769230769 0.5805288461538461 0.16826923076923078 0.2548076923076923
0 0.6466346153846154 0.7439903846153846 0.1466346153846154 0.16826923076923078
0 0.6766826923076923 0.4795673076923077 0.08173076923076923 0.07692307692307693
0 0.7920673076923077 0.47596153846153844 0.0625 0.06009615384615385
0 0.5348557692307693 0.5600961538461539 0.11538461538461539 0.21394230769230768
0 0.5204326923076923 0.8004807692307693 0.1346153846153846 0.2932692307692308
0 0.5264423076923077 0.9639423076923077 0.1346153846153846 0.06009615384615385
0 0.42788461538461536 0.9314903846153846 0.11538461538461539 0.125
0 0.4338942307692308 0.7800480769230769 0.10576923076923077 0.23798076923076922
0 0.44711538461538464 0.5685096153846154 0.1201923076923077 0.2548076923076923
0 0.3449519230769231 0.5504807692307693 0.09134615384615384 0.20673076923076922
0 0.38221153846153844 0.6959134615384616 0.0625 0.08173076923076923
0 0.296875 0.7644230769230769 0.16826923076923078 0.27884615384615385
0 0.2800480769230769 0.9230769230769231 0.17307692307692307 0.14423076923076922
0 0.18389423076923078 0.9110576923076923 0.09375 0.16826923076923078
0 0.19951923076923078 0.7319711538461539 0.09375 0.21394230769230768
0 0.0985576923076923 0.9014423076923077 0.11057692307692307 0.18509615384615385
0 0.03125 0.9254807692307693 0.038461538461538464 0.13701923076923078
0 0.13822115384615385 0.7584134615384616 0.0625 0.18509615384615385
0 0.24639423076923078 0.5985576923076923 0.1201923076923077 0.0889423076923077
0 0.2980769230769231 0.49759615384615385 0.13701923076923078 0.125
0 0.15144230769230768 0.6310096153846154 0.0625 0.10576923076923077
0 0.21033653846153846 0.49759615384615385 0.11298076923076923 0.14903846153846154
0 0.12139423076923077 0.5084134615384616 0.06971153846153846 0.125
0 0.055288461538461536 0.6634615384615384 0.11057692307692307 0.24519230769230768
0 0.07211538461538461 0.7355769230769231 0.125 0.24519230769230768
0 0.020432692307692308 0.8894230769230769 0.038461538461538464 0.20673076923076922