0 0.44711538461538464 0.21514423076923078 0.2548076923076923 0.1346153846153846
0 0.23197115384615385 0.23798076923076922 0.28846153846153844 0.15384615384615385
0 0.13581730769230768 0.14302884615384615 0.0985576923076923 0.1201923076923077
0 0.12620192307692307 0.2860576923076923 0.10576923076923077 0.057692307692307696
0 0.13221153846153846 0.33774038461538464 0.10576923076923077 0.04326923076923077
0 0.21634615384615385 0.42788461538461536 0.23557692307692307 0.16105769230769232
0 0.3641826923076923 0.5348557692307693 0.24519230769230768 0.13221153846153846
0 0.6694711538461539 0.6466346153846154 0.2283653846153846 0.16826923076923078
0 0.19471153846153846 0.5817307692307693 0.2403846153846154 0.21875
0 0.09615384615384616 0.7139423076923077 0.08173076923076923 0.14903846153846154
0 0.20673076923076922 0.7379807692307693 0.1778846153846154 0.08653846153846154
0 0.13581730769230768 0.8052884615384616 0.08653846153846154 0.0673076923076923
0 0.17307692307692307 0.8677884615384616 0.16105769230769232 0.11538461538461539
0 0.14783653846153846 0.9459134615384616 0.0625 0.052884615384615384
0 0.3737980769230769 0.3485576923076923 0.19230769230769232 0.10096153846153846
0 0.3389423076923077 0.40865384615384615 0.08653846153846154 0.04326923076923077
0 0.4567307692307692 0.4483173076923077 0.22115384615384615 0.11298076923076923
0 0.5276442307692307 0.5396634615384616 0.08173076923076923 0.04326923076923077
0 0.5649038461538461 0.4855769230769231 0.08173076923076923 0.052884615384615384
0 0.5769230769230769 0.40865384615384615 0.11778846153846154 0.07692307692307693
0 0.5036057692307693 0.3485576923076923 0.08173076923076923 0.04807692307692308
0 0.6754807692307693 0.8798076923076923 0.27884615384615385 0.16346153846153846
0 0.6826923076923077 0.8221153846153846 0.14182692307692307 0.052884615384615384
0 0.7620192307692307 0.8389423076923077 0.09134615384615384 0.09134615384615384
0 0.703125 0.9747596153846154 0.11057692307692307 0.03365384615384615
0 0.8245192307692307 0.6899038461538461 0.09134615384615384 0.0625
0 0.7680288461538461 0.5709134615384616 0.10576923076923077 0.07451923076923077
0 0.9014423076923077 0.5324519230769231 0.08653846153846154 0.0673076923076923
0 0.8701923076923077 0.44350961538461536 0.07451923076923077 0.057692307692307696
0 0.75 0.40024038461538464 0.11778846153846154 0.08173076923076923
0 0.7620192307692307 0.5384615384615384 0.36538461538461536 0.3557692307692308
0 0.515625 0.3317307692307692 0.10576923076923077 0.07211538461538461
0 0.7163461538461539 0.2764423076923077 0.3942307692307692 0.25721153846153844