0 0.7247596153846154 0.22956730769230768 0.3125 0.40865384615384615
0 0.7860576923076923 0.8161057692307693 0.18269230769230768 0.3629807692307692
0 0.8762019230769231 0.8161057692307693 0.17067307692307693 0.3629807692307692
0 0.44591346153846156 0.7776442307692307 0.09134615384615384 0.11538461538461539
0 0.5432692307692307 0.7668269230769231 0.08413461538461539 0.11538461538461539
0 0.5901442307692307 0.8233173076923077 0.08653846153846154 0.10096153846153846
0 0.6274038461538461 0.8701923076923077 0.06971153846153846 0.09134615384615384
0 0.6033653846153846 0.9182692307692307 0.0673076923076923 0.07932692307692307
0 0.5372596153846154 0.9230769230769231 0.07692307692307693 0.11057692307692307
0 0.5108173076923077 0.96875 0.057692307692307696 0.052884615384615384
0 0.4723557692307692 0.9026442307692307 0.052884615384615384 0.0673076923076923
0 0.5 0.8497596153846154 0.07211538461538461 0.07932692307692307
0 0.2247596153846154 0.8004807692307693 0.31009615384615385 0.3942307692307692
0 0.24519230769230768 0.2704326923076923 0.3798076923076923 0.5288461538461539
0 0.4807692307692308 0.14543269230769232 0.19230769230769232 0.2692307692307692
0 0.49038461538461536 0.39663461538461536 0.1875 0.2548076923076923
0 0.6177884615384616 0.5949519230769231 0.22596153846153846 0.22596153846153846
0 0.5841346153846154 0.5769230769230769 0.12740384615384615 0.10576923076923077
0 0.5901442307692307 0.515625 0.28846153846153844 0.22596153846153846
0 0.5360576923076923 0.45552884615384615 0.23076923076923078 0.18028846153846154
0 0.5 0.39663461538461536 0.22115384615384615 0.13701923076923078