0 0.21995192307692307 0.5132211538461539 0.10817307692307693 0.0673076923076923
0 0.14423076923076922 0.4951923076923077 0.05048076923076923 0.019230769230769232
0 0.140625 0.453125 0.057692307692307696 0.0625
0 0.22355769230769232 0.44350961538461536 0.07692307692307693 0.052884615384615384
0 0.21394230769230768 0.49759615384615385 0.08173076923076923 0.057692307692307696
0 0.1201923076923077 0.4170673076923077 0.07692307692307693 0.08173076923076923
0 0.08653846153846154 0.47115384615384615 0.05048076923076923 0.0673076923076923
0 0.0673076923076923 0.4170673076923077 0.05048076923076923 0.0625
0 0.037259615384615384 0.3942307692307692 0.05048076923076923 0.04807692307692308
0 0.04927884615384615 0.46274038461538464 0.09375 0.1466346153846154
0 0.007211538461538462 0.5096153846153846 0.009615384615384616 0.03365384615384615
0 0.038461538461538464 0.3713942307692308 0.04807692307692308 0.03125
0 0.06009615384615385 0.33533653846153844 0.0673076923076923 0.052884615384615384
0 0.01201923076923077 0.3581730769230769 0.02403846153846154 0.04807692307692308
0 0.016826923076923076 0.32211538461538464 0.028846153846153848 0.057692307692307696
0 0.026442307692307692 0.18028846153846154 0.04807692307692308 0.09615384615384616
0 0.1141826923076923 0.17067307692307693 0.15865384615384615 0.17548076923076922
0 0.24879807692307693 0.17548076923076922 0.14423076923076922 0.15625
0 0.2776442307692308 0.15985576923076922 0.11538461538461539 0.14423076923076922
0 0.3798076923076923 0.1310096153846154 0.12740384615384615 0.14903846153846154
0 0.46875 0.15504807692307693 0.1201923076923077 0.14423076923076922
0 0.3762019230769231 0.23197115384615385 0.0889423076923077 0.0625
0 0.36899038461538464 0.2932692307692308 0.1201923076923077 0.08173076923076923
0 0.20793269230769232 0.35096153846153844 0.10817307692307693 0.1346153846153846
0 0.11177884615384616 0.28365384615384615 0.08653846153846154 0.08173076923076923
0 0.203125 0.28125 0.0889423076923077 0.07692307692307693
0 0.30649038461538464 0.3605769230769231 0.09615384615384616 0.07211538461538461
0 0.3088942307692308 0.32211538461538464 0.06971153846153846 0.07692307692307693
0 0.2620192307692308 0.28846153846153844 0.06971153846153846 0.052884615384615384
0 0.3401442307692308 0.4230769230769231 0.0625 0.07211538461538461
0 0.39783653846153844 0.41225961538461536 0.0625 0.09134615384615384
0 0.44350961538461536 0.41225961538461536 0.038461538461538464 0.0625
0 0.49399038461538464 0.39663461538461536 0.0625 0.08173076923076923
0 0.5324519230769231 0.3581730769230769 0.052884615384615384 0.0673076923076923
0 0.47475961538461536 0.3737980769230769 0.04807692307692308 0.057692307692307696
0 0.46153846153846156 0.3425480769230769 0.0889423076923077 0.07692307692307693
0 0.3858173076923077 0.3557692307692308 0.04807692307692308 0.07211538461538461
0 0.4495192307692308 0.29927884615384615 0.07211538461538461 0.052884615384615384
0 0.4483173076923077 0.26802884615384615 0.03125 0.040865384615384616
0 0.484375 0.28125 0.04326923076923077 0.04807692307692308
0 0.5288461538461539 0.19591346153846154 0.09375 0.125
0 0.5600961538461539 0.22956730769230768 0.055288461538461536 0.036057692307692304
0 0.5949519230769231 0.2247596153846154 0.02403846153846154 0.036057692307692304
0 0.6141826923076923 0.2548076923076923 0.038461538461538464 0.0673076923076923
0 0.6442307692307693 0.26322115384615385 0.0625 0.07211538461538461
0 0.6298076923076923 0.19591346153846154 0.038461538461538464 0.10336538461538461
0 0.7199519230769231 0.18870192307692307 0.14423076923076922 0.1201923076923077
0 0.5901442307692307 0.054086538461538464 0.125 0.09615384615384616
0 0.7319711538461539 0.06971153846153846 0.14903846153846154 0.1201923076923077
0 0.7860576923076923 0.028846153846153848 0.1658653846153846 0.04807692307692308
0 0.8942307692307693 0.038461538461538464 0.07211538461538461 0.0673076923076923
0 0.9591346153846154 0.06129807692307692 0.07211538461538461 0.09134615384615384
0 0.9783653846153846 0.018028846153846152 0.03365384615384615 0.02403846153846154
0 0.7824519230769231 0.09254807692307693 0.1875 0.08413461538461539
0 0.796875 0.1466346153846154 0.1875 0.0673076923076923
0 0.9074519230769231 0.10336538461538461 0.06971153846153846 0.07211538461538461
0 0.8846153846153846 0.18028846153846154 0.22355769230769232 0.10336538461538461
0 0.9170673076923077 0.2247596153846154 0.14423076923076922 0.0673076923076923
0 0.9747596153846154 0.11057692307692307 0.04326923076923077 0.04807692307692308
0 0.6009615384615384 0.4050480769230769 0.0673076923076923 0.07692307692307693
0 0.6538461538461539 0.36899038461538464 0.0673076923076923 0.057692307692307696
0 0.6658653846153846 0.4098557692307692 0.0673076923076923 0.057692307692307696
0 0.6009615384615384 0.3293269230769231 0.0673076923076923 0.08173076923076923
0 0.5384615384615384 0.31490384615384615 0.057692307692307696 0.0625
0 0.6430288461538461 0.31971153846153844 0.04326923076923077 0.0625
0 0.6778846153846154 0.27283653846153844 0.057692307692307696 0.0625
0 0.6911057692307693 0.3293269230769231 0.038461538461538464 0.0625
0 0.7139423076923077 0.3016826923076923 0.03125 0.08653846153846154
0 0.7415865384615384 0.3329326923076923 0.052884615384615384 0.0673076923076923
0 0.7391826923076923 0.24759615384615385 0.05048076923076923 0.07211538461538461
0 0.7896634615384616 0.26322115384615385 0.0673076923076923 0.07211538461538461
0 0.7764423076923077 0.4387019230769231 0.13942307692307693 0.03125
0 0.7932692307692307 0.42788461538461536 0.14423076923076922 0.03125
0 0.7860576923076923 0.3894230769230769 0.15865384615384615 0.04807692307692308
0 0.8149038461538461 0.4098557692307692 0.038461538461538464 0.02403846153846154
0 0.8557692307692307 0.4026442307692308 0.05048076923076923 0.03125
0 0.8846153846153846 0.3942307692307692 0.02403846153846154 0.036057692307692304
0 0.9483173076923077 0.4326923076923077 0.09615384615384616 0.15384615384615385
0 0.9651442307692307 0.3425480769230769 0.0625 0.07692307692307693
0 0.9206730769230769 0.31490384615384615 0.1346153846153846 0.08173076923076923
0 0.5709134615384616 0.46875 0.24759615384615385 0.17548076923076922
0 0.2956730769230769 0.5360576923076923 0.03365384615384615 0.07211538461538461