0 0.45913461538461536 0.1778846153846154 0.1971153846153846 0.1466346153846154
0 0.36899038461538464 0.12980769230769232 0.08653846153846154 0.10576923076923077
0 0.30649038461538464 0.20673076923076922 0.33653846153846156 0.38221153846153844
0 0.29086538461538464 0.33533653846153844 0.15865384615384615 0.15384615384615385
0 0.7115384615384616 0.28365384615384615 0.4855769230769231 0.41346153846153844
0 0.3016826923076923 0.5612980769230769 0.44711538461538464 0.875
0 0.7451923076923077 0.7584134615384616 0.21153846153846154 0.25961538461538464
0 0.6310096153846154 0.7283653846153846 0.10817307692307693 0.17307692307692307
0 0.6754807692307693 0.9050480769230769 0.18509615384615385 0.12740384615384615
0 0.6959134615384616 0.6177884615384616 0.6081730769230769 0.7596153846153846
0 0.484375 0.6081730769230769 0.4326923076923077 0.27403846153846156
0 0.33533653846153844 0.5 0.18509615384615385 0.18269230769230768