0 0.4098557692307692 0.7800480769230769 0.4807692307692308 0.42788461538461536
0 0.48197115384615385 0.6995192307692307 0.4831730769230769 0.5889423076923077
0 0.5420673076923077 0.6610576923076923 0.49038461538461536 0.6682692307692307
0 0.6947115384615384 0.6129807692307693 0.3629807692307692 0.5721153846153846
0 0.7127403846153846 0.4879807692307692 0.41346153846153844 0.4639423076923077
0 0.6814903846153846 0.2644230769230769 0.39663461538461536 0.24519230769230768
0 0.5961538461538461 0.16947115384615385 0.44711538461538464 0.3389423076923077
0 0.9050480769230769 0.4675480769230769 0.11057692307692307 0.4951923076923077
0 0.8762019230769231 0.11057692307692307 0.10096153846153846 0.22115384615384615
0 0.9447115384615384 0.1658653846153846 0.10576923076923077 0.3317307692307692
0 0.13942307692307693 0.24158653846153846 0.27403846153846156 0.4807692307692308