0 0.8341346153846154 0.2956730769230769 0.18509615384615385 0.3605769230769231
0 0.7163461538461539 0.4567307692307692 0.11538461538461539 0.19230769230769232
0 0.7475961538461539 0.3329326923076923 0.0625 0.0985576923076923
0 0.7848557692307693 0.22716346153846154 0.057692307692307696 0.11538461538461539
0 0.8774038461538461 0.06370192307692307 0.12980769230769232 0.12740384615384615
0 0.9435096153846154 0.20552884615384615 0.10817307692307693 0.23798076923076922
0 0.9819711538461539 0.12259615384615384 0.03125 0.13942307692307693
0 0.9675480769230769 0.052884615384615384 0.06009615384615385 0.10576923076923077
0 0.9771634615384616 0.38341346153846156 0.040865384615384616 0.12259615384615384
0 0.9423076923076923 0.45072115384615385 0.11057692307692307 0.24759615384615385
0 0.9723557692307693 0.5841346153846154 0.052884615384615384 0.07692307692307693
0 0.9663461538461539 0.7127403846153846 0.0625 0.17067307692307693
0 0.8617788461538461 0.6201923076923077 0.15865384615384615 0.18028846153846154
0 0.8822115384615384 0.5168269230769231 0.14903846153846154 0.23557692307692307
0 0.765625 0.78125 0.23557692307692307 0.15384615384615385
0 0.5841346153846154 0.7764423076923077 0.16346153846153846 0.2403846153846154
0 0.7019230769230769 0.9158653846153846 0.2692307692307692 0.15865384615384615
0 0.546875 0.5216346153846154 0.12740384615384615 0.15865384615384615
0 0.5180288461538461 0.328125 0.23076923076923078 0.1971153846153846
0 0.5360576923076923 0.14423076923076922 0.15625 0.19230769230769232
0 0.6586538461538461 0.171875 0.16826923076923078 0.25721153846153844
0 0.36538461538461536 0.10697115384615384 0.33653846153846156 0.21153846153846154
0 0.23076923076923078 0.19951923076923078 0.23076923076923078 0.3004807692307692
0 0.23798076923076922 0.30649038461538464 0.2644230769230769 0.23076923076923078
0 0.06850961538461539 0.265625 0.12980769230769232 0.5288461538461539
0 0.11057692307692307 0.7079326923076923 0.21634615384615385 0.5192307692307693
0 0.23317307692307693 0.734375 0.28365384615384615 0.36538461538461536
0 0.2800480769230769 0.6334134615384616 0.3125 0.5024038461538461