0 0.5408653846153846 0.5949519230769231 0.22355769230769232 0.17307692307692307
0 0.5216346153846154 0.5805288461538461 0.0985576923076923 0.08653846153846154
0 0.49759615384615385 0.46274038461538464 0.18028846153846154 0.16826923076923078
0 0.828125 0.22235576923076922 0.21634615384615385 0.3317307692307692
0 0.8653846153846154 0.25 0.14182692307692307 0.3245192307692308
0 0.8822115384615384 0.515625 0.11538461538461539 0.1346153846153846
0 0.8004807692307693 0.5925480769230769 0.15865384615384615 0.18509615384615385
0 0.8389423076923077 0.7752403846153846 0.04807692307692308 0.125
0 0.8004807692307693 0.859375 0.15865384615384615 0.16346153846153846
0 0.5348557692307693 0.8870192307692307 0.14182692307692307 0.11538461538461539
0 0.5444711538461539 0.7848557692307693 0.13701923076923078 0.09615384615384616
0 0.24278846153846154 0.8329326923076923 0.21153846153846154 0.21394230769230768
0 0.171875 0.6370192307692307 0.0673076923076923 0.06971153846153846
0 0.18028846153846154 0.6694711538461539 0.052884615384615384 0.04326923076923077
0 0.19471153846153846 0.5805288461538461 0.055288461538461536 0.06971153846153846
0 0.3088942307692308 0.640625 0.03365384615384615 0.06971153846153846
0 0.24278846153846154 0.5252403846153846 0.0985576923076923 0.07692307692307693
0 0.20552884615384615 0.28725961538461536 0.14423076923076922 0.30528846153846156
0 0.23197115384615385 0.12259615384615384 0.12980769230769232 0.125
0 0.4230769230769231 0.15745192307692307 0.16826923076923078 0.13942307692307693
0 0.4891826923076923 0.2920673076923077 0.13701923076923078 0.13942307692307693
0 0.5144230769230769 0.109375 0.1201923076923077 0.10576923076923077