0 0.07451923076923077 0.9423076923076923 0.14182692307692307 0.10336538461538461
0 0.03245192307692308 0.9038461538461539 0.057692307692307696 0.18028846153846154
0 0.052884615384615384 0.7103365384615384 0.0985576923076923 0.21875
0 0.08052884615384616 0.5925480769230769 0.11538461538461539 0.15865384615384615
0 0.013221153846153846 0.5793269230769231 0.019230769230769232 0.052884615384615384
0 0.03125 0.45913461538461536 0.052884615384615384 0.1875
0 0.07091346153846154 0.3173076923076923 0.10576923076923077 0.1875
0 0.020432692307692308 0.3088942307692308 0.03365384615384615 0.13701923076923078
0 0.039663461538461536 0.16346153846153846 0.07211538461538461 0.17307692307692307
0 0.1310096153846154 0.11177884615384616 0.11057692307692307 0.15865384615384615
0 0.10576923076923077 0.030048076923076924 0.125 0.06009615384615385
0 0.021634615384615384 0.04447115384615385 0.038461538461538464 0.0889423076923077
0 0.2403846153846154 0.07451923076923077 0.15384615384615385 0.14903846153846154
0 0.24759615384615385 0.24879807692307693 0.11057692307692307 0.21153846153846154
0 0.3125 0.33052884615384615 0.07211538461538461 0.11538461538461539
0 0.2692307692307692 0.44591346153846156 0.10096153846153846 0.16826923076923078
0 0.21514423076923078 0.5625 0.12980769230769232 0.14182692307692307
0 0.17307692307692307 0.4098557692307692 0.11298076923076923 0.15384615384615385
0 0.14543269230769232 0.2403846153846154 0.12980769230769232 0.17307692307692307
0 0.12139423076923077 0.49158653846153844 0.09134615384615384 0.1201923076923077
0 0.16346153846153846 0.7596153846153846 0.12980769230769232 0.21875
0 0.17067307692307693 0.8858173076923077 0.15865384615384615 0.16346153846153846
0 0.1875 0.9783653846153846 0.09134615384615384 0.03365384615384615
0 0.2932692307692308 0.9182692307692307 0.12740384615384615 0.15384615384615385
0 0.3112980769230769 0.7680288461538461 0.1201923076923077 0.14903846153846154
0 0.265625 0.6778846153846154 0.13942307692307693 0.1971153846153846
0 0.3641826923076923 0.5600961538461539 0.15384615384615385 0.21153846153846154
0 0.3581730769230769 0.6862980769230769 0.0625 0.07211538461538461
0 0.39302884615384615 0.38221153846153844 0.125 0.20673076923076922
0 0.38221153846153844 0.171875 0.125 0.18028846153846154
0 0.3894230769230769 0.04447115384615385 0.13942307692307693 0.0889423076923077
0 0.4831730769230769 0.15865384615384615 0.11057692307692307 0.12980769230769232
0 0.46153846153846156 0.04927884615384615 0.07211538461538461 0.08653846153846154
0 0.4831730769230769 0.28966346153846156 0.11057692307692307 0.15384615384615385
0 0.46875 0.4098557692307692 0.057692307692307696 0.08653846153846154
0 0.5612980769230769 0.4206730769230769 0.12740384615384615 0.20673076923076922
0 0.4675480769230769 0.5 0.07692307692307693 0.15865384615384615
0 0.4795673076923077 0.5961538461538461 0.09615384615384616 0.14182692307692307
0 0.4326923076923077 0.7463942307692307 0.125 0.22355769230769232
0 0.47475961538461536 0.8497596153846154 0.1346153846153846 0.21153846153846154
0 0.42908653846153844 0.9459134615384616 0.12980769230769232 0.0985576923076923
0 0.5240384615384616 0.9699519230769231 0.07211538461538461 0.04807692307692308
0 0.6129807692307693 0.9098557692307693 0.1346153846153846 0.16826923076923078
0 0.6201923076923077 0.8028846153846154 0.0985576923076923 0.11057692307692307
0 0.5805288461538461 0.7728365384615384 0.08413461538461539 0.14903846153846154
0 0.5528846153846154 0.7079326923076923 0.125 0.15865384615384615
0 0.5925480769230769 0.5685096153846154 0.11538461538461539 0.15384615384615385
0 0.6550480769230769 0.4182692307692308 0.07211538461538461 0.15865384615384615
0 0.5985576923076923 0.25961538461538464 0.11298076923076923 0.18028846153846154
0 0.5600961538461539 0.0985576923076923 0.11538461538461539 0.17307692307692307
0 0.5420673076923077 0.021634615384615384 0.11057692307692307 0.04326923076923077
0 0.6382211538461539 0.11177884615384616 0.052884615384615384 0.125
0 0.7091346153846154 0.23197115384615385 0.13942307692307693 0.19230769230769232
0 0.703125 0.09254807692307693 0.0985576923076923 0.11057692307692307
0 0.6983173076923077 0.040865384615384616 0.12980769230769232 0.08173076923076923
0 0.8341346153846154 0.06370192307692307 0.14423076923076922 0.12740384615384615
0 0.8473557692307693 0.18028846153846154 0.10096153846153846 0.14182692307692307
0 0.7944711538461539 0.32211538461538464 0.1346153846153846 0.1875
0 0.8762019230769231 0.3389423076923077 0.11057692307692307 0.1875
0 0.8149038461538461 0.4639423076923077 0.08173076923076923 0.11057692307692307
0 0.7403846153846154 0.49759615384615385 0.14903846153846154 0.1875
0 0.6670673076923077 0.6442307692307693 0.10576923076923077 0.1971153846153846
0 0.734375 0.7043269230769231 0.14423076923076922 0.1971153846153846
0 0.7271634615384616 0.8665865384615384 0.125 0.14903846153846154
0 0.6887019230769231 0.9567307692307693 0.0625 0.07692307692307693
0 0.7764423076923077 0.9615384615384616 0.12740384615384615 0.0673076923076923
0 0.8112980769230769 0.9038461538461539 0.07211538461538461 0.07211538461538461
0 0.8581730769230769 0.7788461538461539 0.14423076923076922 0.18028846153846154
0 0.9074519230769231 0.8966346153846154 0.11298076923076923 0.15384615384615385
0 0.9795673076923077 0.9038461538461539 0.038461538461538464 0.18028846153846154
0 0.9771634615384616 0.7680288461538461 0.040865384615384616 0.08413461538461539
0 0.9266826923076923 0.7127403846153846 0.07211538461538461 0.15865384615384615
0 0.8786057692307693 0.6610576923076923 0.0673076923076923 0.0673076923076923
0 0.8088942307692307 0.6069711538461539 0.12740384615384615 0.16346153846153846
0 0.9182692307692307 0.5432692307692307 0.1346153846153846 0.15865384615384615
0 0.9651442307692307 0.6634615384615384 0.0673076923076923 0.10336538461538461
0 0.9807692307692307 0.5360576923076923 0.03365384615384615 0.15384615384615385
0 0.9110576923076923 0.4206730769230769 0.08413461538461539 0.08653846153846154
0 0.9723557692307693 0.4206730769230769 0.052884615384615384 0.1201923076923077
0 0.9471153846153846 0.31971153846153844 0.08413461538461539 0.15865384615384615
0 0.9326923076923077 0.1935096153846154 0.0673076923076923 0.07211538461538461
0 0.984375 0.22956730769230768 0.026442307692307692 0.07932692307692307
0 0.9879807692307693 0.3173076923076923 0.019230769230769232 0.11057692307692307
0 0.9495192307692307 0.0829326923076923 0.09615384615384616 0.1658653846153846
0 0.5 0.4987980769230769 0.9951923076923077 0.9975961538461539