0 0.7451923076923077 0.7463942307692307 0.34615384615384615 0.21634615384615385
0 0.5973557692307693 0.6189903846153846 0.17548076923076922 0.3918269230769231
0 0.49278846153846156 0.6322115384615384 0.39663461538461536 0.09615384615384616
0 0.4326923076923077 0.5168269230769231 0.20673076923076922 0.14182692307692307
0 0.26802884615384615 0.5288461538461539 0.28846153846153844 0.25
0 0.30649038461538464 0.6802884615384616 0.3870192307692308 0.2692307692307692
0 0.31490384615384615 0.8040865384615384 0.40384615384615385 0.19230769230769232
0 0.6105769230769231 0.90625 0.375 0.18028846153846154
0 0.7632211538461539 0.5024038461538461 0.22596153846153846 0.14182692307692307
0 0.6802884615384616 0.38221153846153844 0.1971153846153846 0.24278846153846154
0 0.8088942307692307 0.3329326923076923 0.09134615384615384 0.057692307692307696
0 0.6237980769230769 0.140625 0.5240384615384616 0.2644230769230769
0 0.6189903846153846 0.05048076923076923 0.125 0.09134615384615384
0 0.38461538461538464 0.036057692307692304 0.09615384615384616 0.06490384615384616
0 0.3557692307692308 0.09615384615384616 0.07211538461538461 0.06971153846153846
0 0.27884615384615385 0.25600961538461536 0.1971153846153846 0.1658653846153846
0 0.2548076923076923 0.4675480769230769 0.13942307692307693 0.25721153846153844
0 0.19591346153846154 0.375 0.16346153846153846 0.1875
0 0.4098557692307692 0.33653846153846156 0.19230769230769232 0.20432692307692307
0 0.5649038461538461 0.3425480769230769 0.12980769230769232 0.20673076923076922
0 0.6346153846153846 0.49038461538461536 0.08173076923076923 0.12740384615384615