0 0.6466346153846154 0.8605769230769231 0.09615384615384616 0.06971153846153846
0 0.5108173076923077 0.8161057692307693 0.1971153846153846 0.15865384615384615
0 0.23918269230769232 0.7512019230769231 0.39663461538461536 0.25961538461538464
0 0.15745192307692307 0.6009615384615384 0.28365384615384615 0.20432692307692307
0 0.0889423076923077 0.5612980769230769 0.17307692307692307 0.15144230769230768
0 0.32211538461538464 0.6598557692307693 0.12980769230769232 0.10817307692307693
0 0.39663461538461536 0.6911057692307693 0.125 0.09134615384615384
0 0.5228365384615384 0.6887019230769231 0.13942307692307693 0.10576923076923077
0 0.43509615384615385 0.7475961538461539 0.0673076923076923 0.026442307692307692
0 0.6622596153846154 0.7932692307692307 0.09615384615384616 0.057692307692307696
0 0.7391826923076923 0.8149038461538461 0.09615384615384616 0.08653846153846154
0 0.6706730769230769 0.7355769230769231 0.125 0.0673076923076923
0 0.6394230769230769 0.6911057692307693 0.10336538461538461 0.10096153846153846
0 0.7572115384615384 0.7067307692307693 0.11298076923076923 0.08653846153846154
0 0.8377403846153846 0.7331730769230769 0.13942307692307693 0.10817307692307693
0 0.8149038461538461 0.6466346153846154 0.09134615384615384 0.08173076923076923
0 0.7367788461538461 0.6370192307692307 0.125 0.09134615384615384
0 0.6213942307692307 0.6057692307692307 0.1201923076923077 0.08653846153846154
0 0.4639423076923077 0.5733173076923077 0.27884615384615385 0.14423076923076922
0 0.3112980769230769 0.5132211538461539 0.20192307692307693 0.1466346153846154
0 0.13701923076923078 0.4675480769230769 0.21153846153846154 0.052884615384615384
0 0.15264423076923078 0.3858173076923077 0.30288461538461536 0.125
0 0.13701923076923078 0.34134615384615385 0.19230769230769232 0.09615384615384616
0 0.13942307692307693 0.27163461538461536 0.07211538461538461 0.0673076923076923
0 0.15264423076923078 0.22956730769230768 0.014423076923076924 0.05048076923076923
0 0.234375 0.23798076923076922 0.13942307692307693 0.17307692307692307
0 0.3557692307692308 0.28966346153846156 0.1971153846153846 0.15384615384615385
0 0.3894230769230769 0.1310096153846154 0.23076923076923078 0.16826923076923078
0 0.49759615384615385 0.21394230769230768 0.17067307692307693 0.1346153846153846
0 0.5973557692307693 0.12379807692307693 0.16346153846153846 0.11538461538461539
0 0.7115384615384616 0.1971153846153846 0.25721153846153844 0.19230769230769232
0 0.8329326923076923 0.3557692307692308 0.24278846153846154 0.16826923076923078
0 0.9435096153846154 0.4483173076923077 0.10336538461538461 0.07692307692307693
0 0.9278846153846154 0.5288461538461539 0.1346153846153846 0.08653846153846154
0 0.796875 0.5564903846153846 0.12980769230769232 0.125
0 0.6826923076923077 0.5564903846153846 0.09615384615384616 0.06971153846153846
0 0.7007211538461539 0.49399038461538464 0.09134615384615384 0.06971153846153846
0 0.7524038461538461 0.453125 0.10336538461538461 0.07211538461538461
0 0.8473557692307693 0.4651442307692308 0.08653846153846154 0.0673076923076923
0 0.6959134615384616 0.3918269230769231 0.0625 0.07211538461538461
0 0.6418269230769231 0.43028846153846156 0.08653846153846154 0.0673076923076923
0 0.6646634615384616 0.32211538461538464 0.08173076923076923 0.07211538461538461
0 0.5949519230769231 0.27163461538461536 0.057692307692307696 0.04326923076923077
0 0.6129807692307693 0.359375 0.11298076923076923 0.07692307692307693
0 0.5649038461538461 0.40384615384615385 0.057692307692307696 0.07211538461538461
0 0.6213942307692307 0.49038461538461536 0.057692307692307696 0.04807692307692308
0 0.5721153846153846 0.5132211538461539 0.052884615384615384 0.04807692307692308
0 0.5649038461538461 0.4675480769230769 0.04807692307692308 0.04807692307692308
0 0.5432692307692307 0.296875 0.04807692307692308 0.038461538461538464
0 0.47475961538461536 0.30288461538461536 0.052884615384615384 0.04326923076923077
0 0.515625 0.33533653846153844 0.052884615384615384 0.0625
0 0.47475961538461536 0.3605769230769231 0.040865384615384616 0.05048076923076923
0 0.4639423076923077 0.38822115384615385 0.040865384615384616 0.03365384615384615
0 0.3870192307692308 0.41346153846153844 0.08173076923076923 0.052884615384615384
0 0.4483173076923077 0.43028846153846156 0.040865384615384616 0.04326923076923077
0 0.43028846153846156 0.47475961538461536 0.09615384615384616 0.0625
0 0.4951923076923077 0.4387019230769231 0.040865384615384616 0.057692307692307696
0 0.515625 0.49278846153846156 0.052884615384615384 0.05048076923076923
0 0.5228365384615384 0.3918269230769231 0.036057692307692304 0.05048076923076923
0 0.3088942307692308 0.4050480769230769 0.07211538461538461 0.052884615384615384