0 0.4338942307692308 0.35336538461538464 0.07211538461538461 0.14423076923076922
0 0.3581730769230769 0.3125 0.09375 0.10576923076923077
0 0.41225961538461536 0.4170673076923077 0.08653846153846154 0.09375
0 0.4338942307692308 0.4807692307692308 0.14903846153846154 0.10096153846153846
0 0.3425480769230769 0.43149038461538464 0.0673076923076923 0.10096153846153846
0 0.3317307692307692 0.49158653846153844 0.0625 0.0673076923076923
0 0.31490384615384615 0.6826923076923077 0.05048076923076923 0.11538461538461539
0 0.28365384615384615 0.5961538461538461 0.04326923076923077 0.055288461538461536
0 0.22596153846153846 0.6358173076923077 0.057692307692307696 0.055288461538461536
0 0.2692307692307692 0.6959134615384616 0.05048076923076923 0.1201923076923077
0 0.24759615384615385 0.734375 0.057692307692307696 0.0889423076923077
0 0.19230769230769232 0.7235576923076923 0.052884615384615384 0.11057692307692307
0 0.22596153846153846 0.6850961538461539 0.05048076923076923 0.021634615384615384
0 0.24759615384615385 0.7848557692307693 0.07211538461538461 0.07692307692307693
0 0.3329326923076923 0.7896634615384616 0.05048076923076923 0.11057692307692307
0 0.375 0.6875 0.052884615384615384 0.08173076923076923
0 0.4014423076923077 0.8064903846153846 0.07932692307692307 0.1658653846153846
0 0.47115384615384615 0.765625 0.11057692307692307 0.18269230769230768
0 0.5697115384615384 0.7680288461538461 0.11538461538461539 0.1778846153846154
0 0.6177884615384616 0.8449519230769231 0.019230769230769232 0.055288461538461536
0 0.6382211538461539 0.8425480769230769 0.028846153846153848 0.13942307692307693
0 0.6394230769230769 0.7127403846153846 0.02403846153846154 0.11057692307692307
0 0.6778846153846154 0.8088942307692307 0.04326923076923077 0.17067307692307693
0 0.7151442307692307 0.8978365384615384 0.04807692307692308 0.13942307692307693
0 0.7415865384615384 0.8954326923076923 0.07932692307692307 0.1778846153846154
0 0.6850961538461539 0.7103365384615384 0.057692307692307696 0.11538461538461539
0 0.6862980769230769 0.6826923076923077 0.02403846153846154 0.08173076923076923
0 0.71875 0.6959134615384616 0.04807692307692308 0.14423076923076922
0 0.7764423076923077 0.6790865384615384 0.15384615384615385 0.15384615384615385
0 0.7668269230769231 0.7427884615384616 0.09375 0.11538461538461539
0 0.8365384615384616 0.8088942307692307 0.038461538461538464 0.07211538461538461
0 0.8112980769230769 0.8209134615384616 0.04807692307692308 0.0625
0 0.7872596153846154 0.8449519230769231 0.07692307692307693 0.0889423076923077
0 0.8581730769230769 0.765625 0.0625 0.07211538461538461
0 0.8533653846153846 0.71875 0.10096153846153846 0.10096153846153846
0 0.8425480769230769 0.6766826923076923 0.09375 0.07211538461538461
0 0.8834134615384616 0.6490384615384616 0.0673076923076923 0.0625
0 0.24519230769230768 0.20673076923076922 0.125 0.14903846153846154
0 0.30649038461538464 0.19110576923076922 0.03365384615384615 0.10576923076923077
0 0.43028846153846156 0.09975961538461539 0.05048076923076923 0.11057692307692307
0 0.43509615384615385 0.17067307692307693 0.052884615384615384 0.055288461538461536
0 0.46274038461538464 0.19110576923076922 0.04326923076923077 0.038461538461538464
0 0.3870192307692308 0.11057692307692307 0.07932692307692307 0.1971153846153846
0 0.39302884615384615 0.15985576923076922 0.03365384615384615 0.10096153846153846
0 0.35697115384615385 0.09134615384615384 0.038461538461538464 0.13942307692307693
0 0.34375 0.18269230769230768 0.028846153846153848 0.07692307692307693
0 0.31850961538461536 0.18269230769230768 0.021634615384615384 0.10096153846153846
0 0.2764423076923077 0.11899038461538461 0.036057692307692304 0.14903846153846154
0 0.2548076923076923 0.12379807692307693 0.08653846153846154 0.20432692307692307
0 0.2548076923076923 0.20673076923076922 0.10576923076923077 0.12740384615384615
0 0.20192307692307693 0.11658653846153846 0.052884615384615384 0.10096153846153846
0 0.17908653846153846 0.12740384615384615 0.06490384615384616 0.10096153846153846
0 0.16346153846153846 0.2127403846153846 0.0673076923076923 0.0625
0 0.15985576923076922 0.2403846153846154 0.11778846153846154 0.07211538461538461
0 0.12379807692307693 0.2536057692307692 0.09134615384615384 0.0673076923076923
0 0.1466346153846154 0.28966346153846156 0.08653846153846154 0.07211538461538461
0 0.09134615384615384 0.30408653846153844 0.07692307692307693 0.055288461538461536
0 0.11658653846153846 0.3449519230769231 0.13221153846153846 0.0625
0 0.7487980769230769 0.2403846153846154 0.04326923076923077 0.0625
0 0.5540865384615384 0.17908653846153846 0.0673076923076923 0.10576923076923077
0 0.6021634615384616 0.22355769230769232 0.04326923076923077 0.0625
0 0.6310096153846154 0.24278846153846154 0.028846153846153848 0.055288461538461536
0 0.8064903846153846 0.5216346153846154 0.14903846153846154 0.19230769230769232
0 0.7944711538461539 0.3449519230769231 0.04807692307692308 0.07211538461538461
0 0.7764423076923077 0.2932692307692308 0.02403846153846154 0.03365384615384615
0 0.7475961538461539 0.3125 0.04807692307692308 0.08173076923076923
0 0.7091346153846154 0.2536057692307692 0.057692307692307696 0.0673076923076923
0 0.6742788461538461 0.2848557692307692 0.028846153846153848 0.04807692307692308
0 0.7079326923076923 0.30649038461538464 0.04807692307692308 0.0625
0 0.6971153846153846 0.3485576923076923 0.02403846153846154 0.04326923076923077
0 0.546875 0.32572115384615385 0.04807692307692308 0.04326923076923077
0 0.5144230769230769 0.3317307692307692 0.038461538461538464 0.055288461538461536
0 0.5324519230769231 0.3641826923076923 0.04807692307692308 0.055288461538461536
0 0.5108173076923077 0.4362980769230769 0.038461538461538464 0.13221153846153846
0 0.5300480769230769 0.45913461538461536 0.028846153846153848 0.055288461538461536
0 0.5480769230769231 0.4807692307692308 0.08653846153846154 0.0889423076923077
0 0.4891826923076923 0.5829326923076923 0.09134615384615384 0.10576923076923077
0 0.5480769230769231 0.59375 0.07932692307692307 0.12740384615384615
0 0.5612980769230769 0.5853365384615384 0.0625 0.07692307692307693
0 0.6105769230769231 0.5769230769230769 0.03365384615384615 0.08173076923076923
0 0.6466346153846154 0.45552884615384615 0.03365384615384615 0.15865384615384615
0 0.6742788461538461 0.4831730769230769 0.028846153846153848 0.09375
0 0.6033653846153846 0.4110576923076923 0.04807692307692308 0.09375
0 0.5973557692307693 0.37259615384615385 0.0673076923076923 0.09375
0 0.6033653846153846 0.35336538461538464 0.038461538461538464 0.055288461538461536
0 0.6021634615384616 0.3401442307692308 0.07932692307692307 0.09375
0 0.6033653846153846 0.44711538461538464 0.0625 0.1875
0 0.12379807692307693 0.4110576923076923 0.11057692307692307 0.08173076923076923
0 0.10216346153846154 0.48677884615384615 0.07692307692307693 0.0889423076923077
0 0.1814903846153846 0.5108173076923077 0.09134615384615384 0.12740384615384615
0 0.12860576923076922 0.5444711538461539 0.1346153846153846 0.13942307692307693