0 0.6069711538461539 0.19110576923076922 0.1971153846153846 0.12740384615384615
0 0.32572115384615385 0.3112980769230769 0.23557692307692307 0.0985576923076923
0 0.4230769230769231 0.4362980769230769 0.16826923076923078 0.15384615384615385
0 0.15625 0.4831730769230769 0.3004807692307692 0.21153846153846154
0 0.8485576923076923 0.6033653846153846 0.2980769230769231 0.17307692307692307
0 0.7764423076923077 0.3449519230769231 0.16346153846153846 0.11057692307692307
0 0.6826923076923077 0.33413461538461536 0.17307692307692307 0.11538461538461539
0 0.8413461538461539 0.4230769230769231 0.1875 0.0985576923076923
0 0.9014423076923077 0.31850961538461536 0.1875 0.09134615384615384
0 0.8413461538461539 0.24158653846153846 0.17307692307692307 0.08413461538461539
0 0.953125 0.25841346153846156 0.09134615384615384 0.11538461538461539
0 0.5432692307692307 0.765625 0.8605769230769231 0.4639423076923077