0 0.5360576923076923 0.5889423076923077 0.09134615384615384 0.20432692307692307
0 0.6057692307692307 0.5793269230769231 0.08653846153846154 0.20432692307692307
0 0.6237980769230769 0.5180288461538461 0.07211538461538461 0.21875
0 0.6790865384615384 0.5480769230769231 0.04807692307692308 0.14903846153846154
0 0.7271634615384616 0.5913461538461539 0.14423076923076922 0.12740384615384615
0 0.5540865384615384 0.45913461538461536 0.052884615384615384 0.09134615384615384
0 0.4206730769230769 0.47475961538461536 0.19951923076923078 0.14903846153846154
0 0.47836538461538464 0.3317307692307692 0.21875 0.21875
0 0.7487980769230769 0.40865384615384615 0.12740384615384615 0.09134615384615384
0 0.7752403846153846 0.4639423076923077 0.08653846153846154 0.052884615384615384
0 0.8449519230769231 0.40024038461538464 0.0673076923076923 0.07211538461538461
0 0.8004807692307693 0.3389423076923077 0.08653846153846154 0.0673076923076923
0 0.6911057692307693 0.3449519230769231 0.1346153846153846 0.11057692307692307
0 0.7427884615384616 0.2800480769230769 0.09134615384615384 0.07692307692307693
0 0.6814903846153846 0.1935096153846154 0.13942307692307693 0.07692307692307693
0 0.5661057692307693 0.19591346153846154 0.10336538461538461 0.09134615384615384
0 0.6394230769230769 0.11177884615384616 0.12740384615384615 0.08653846153846154
0 0.515625 0.1502403846153846 0.1201923076923077 0.08173076923076923
0 0.4639423076923077 0.24759615384615385 0.09134615384615384 0.08653846153846154
0 0.4182692307692308 0.17067307692307693 0.08653846153846154 0.08653846153846154
0 0.7512019230769231 0.7800480769230769 0.27884615384615385 0.2956730769230769
0 0.4338942307692308 0.8016826923076923 0.07932692307692307 0.1875
0 0.27884615384615385 0.7728365384615384 0.19230769230769232 0.17307692307692307
0 0.28846153846153844 0.6201923076923077 0.0673076923076923 0.057692307692307696
0 0.24519230769230768 0.6298076923076923 0.04326923076923077 0.057692307692307696
0 0.23918269230769232 0.5745192307692307 0.04326923076923077 0.057692307692307696
0 0.28125 0.5588942307692307 0.0673076923076923 0.052884615384615384
0 0.32091346153846156 0.5540865384615384 0.036057692307692304 0.052884615384615384
0 0.33052884615384615 0.6177884615384616 0.028846153846153848 0.052884615384615384
0 0.296875 0.40625 0.036057692307692304 0.03125
0 0.30288461538461536 0.3701923076923077 0.036057692307692304 0.040865384615384616
0 0.296875 0.33413461538461536 0.04807692307692308 0.03125
0 0.3329326923076923 0.33413461538461536 0.036057692307692304 0.05048076923076923
0 0.31490384615384615 0.3004807692307692 0.04807692307692308 0.04567307692307692
0 0.33653846153846156 0.2548076923076923 0.04326923076923077 0.04567307692307692
0 0.36658653846153844 0.24278846153846154 0.028846153846153848 0.03125
0 0.1971153846153846 0.24759615384615385 0.16346153846153846 0.13942307692307693
0 0.22716346153846154 0.4362980769230769 0.16346153846153846 0.23557692307692307
1 0.09975961538461539 0.5336538461538461 0.19951923076923078 0.4423076923076923
1 0.8305288461538461 0.4699519230769231 0.23076923076923078 0.13942307692307693
1 0.8209134615384616 0.2956730769230769 0.23557692307692307 0.2091346153846154
1 0.6418269230769231 0.27283653846153844 0.16826923076923078 0.14423076923076922
1 0.6454326923076923 0.4483173076923077 0.16346153846153846 0.20432692307692307
1 0.27524038461538464 0.2980769230769231 0.10336538461538461 0.20432692307692307
1 0.2692307692307692 0.42908653846153844 0.07932692307692307 0.07692307692307693
1 0.3701923076923077 0.3449519230769231 0.11057692307692307 0.2091346153846154