0 0.8725961538461539 0.036057692307692304 0.24759615384615385 0.06009615384615385
0 0.9038461538461539 0.18269230769230768 0.18509615384615385 0.3004807692307692
0 0.9122596153846154 0.5240384615384616 0.16826923076923078 0.23076923076923078
0 0.8762019230769231 0.6826923076923077 0.13942307692307693 0.12980769230769232
0 0.9567307692307693 0.7956730769230769 0.08173076923076923 0.18028846153846154
0 0.6634615384615384 0.22956730769230768 0.2668269230769231 0.40384615384615385
0 0.7415865384615384 0.3858173076923077 0.14423076923076922 0.17067307692307693
0 0.5745192307692307 0.4230769230769231 0.18269230769230768 0.3125
0 0.6382211538461539 0.5625 0.1778846153846154 0.23076923076923078
0 0.6838942307692307 0.6634615384615384 0.09615384615384616 0.14903846153846154
0 0.5745192307692307 0.7764423076923077 0.17307692307692307 0.2620192307692308
0 0.6730769230769231 0.84375 0.08653846153846154 0.11538461538461539
0 0.4567307692307692 0.9387019230769231 0.12980769230769232 0.11778846153846154
0 0.46033653846153844 0.7536057692307693 0.10576923076923077 0.16346153846153846
0 0.47115384615384615 0.5901442307692307 0.15625 0.21875
0 0.41947115384615385 0.33052884615384615 0.1778846153846154 0.28846153846153844
0 0.265625 0.17427884615384615 0.2548076923076923 0.3389423076923077
0 0.35216346153846156 0.021634615384615384 0.16826923076923078 0.03365384615384615
0 0.28125 0.41586538461538464 0.17067307692307693 0.1971153846153846
0 0.33052884615384615 0.5408653846153846 0.16826923076923078 0.1971153846153846
0 0.14423076923076922 0.5432692307692307 0.19951923076923078 0.25721153846153844
0 0.31971153846153844 0.734375 0.17548076923076922 0.19230769230769232
0 0.2704326923076923 0.8413461538461539 0.14903846153846154 0.15384615384615385
0 0.26802884615384615 0.921875 0.1658653846153846 0.15144230769230768