0 0.4266826923076923 0.3713942307692308 0.31971153846153844 0.1971153846153846
0 0.390625 0.25240384615384615 0.12980769230769232 0.09615384615384616
0 0.11538461538461539 0.27884615384615385 0.0625 0.07932692307692307
0 0.24879807692307693 0.4795673076923077 0.19230769230769232 0.16346153846153846
0 0.42427884615384615 0.5036057692307693 0.1778846153846154 0.0985576923076923
0 0.5420673076923077 0.4795673076923077 0.10096153846153846 0.11778846153846154
0 0.6887019230769231 0.42788461538461536 0.21634615384615385 0.15144230769230768
0 0.6442307692307693 0.5564903846153846 0.23076923076923078 0.14423076923076922
0 0.8689903846153846 0.5264423076923077 0.23076923076923078 0.16826923076923078
0 0.8064903846153846 0.6213942307692307 0.1346153846153846 0.10576923076923077
0 0.6466346153846154 0.6778846153846154 0.19230769230769232 0.1201923076923077
0 0.5997596153846154 0.7403846153846154 0.17307692307692307 0.19230769230769232
0 0.44711538461538464 0.5889423076923077 0.20432692307692307 0.11778846153846154
0 0.2644230769230769 0.6550480769230769 0.35096153846153844 0.18990384615384615
0 0.20192307692307693 0.6911057692307693 0.23557692307692307 0.2548076923076923
0 0.26322115384615385 0.8846153846153846 0.2860576923076923 0.22596153846153846
0 0.109375 0.8641826923076923 0.052884615384615384 0.16826923076923078
0 0.13221153846153846 0.9663461538461539 0.09134615384615384 0.0625
0 0.4266826923076923 0.875 0.15144230769230768 0.17307692307692307
0 0.35336538461538464 0.7788461538461539 0.07692307692307693 0.03365384615384615
0 0.5360576923076923 0.8822115384615384 0.12980769230769232 0.12980769230769232
0 0.6754807692307693 0.7992788461538461 0.2091346153846154 0.12980769230769232
0 0.6850961538461539 0.9242788461538461 0.18269230769230768 0.1466346153846154
0 0.5733173076923077 0.9603365384615384 0.07932692307692307 0.07451923076923077
0 0.4879807692307692 0.9723557692307693 0.15384615384615385 0.05048076923076923
0 0.40024038461538464 0.0733173076923077 0.0673076923076923 0.06490384615384616
0 0.33774038461538464 0.02403846153846154 0.0889423076923077 0.04326923076923077
0 0.42427884615384615 0.020432692307692308 0.10576923076923077 0.03365384615384615
0 0.47115384615384615 0.06850961538461539 0.07211538461538461 0.06009615384615385
0 0.5180288461538461 0.036057692307692304 0.08413461538461539 0.06490384615384616
0 0.5889423076923077 0.038461538461538464 0.07692307692307693 0.0673076923076923
0 0.6514423076923077 0.02403846153846154 0.04807692307692308 0.04326923076923077
0 0.5444711538461539 0.09254807692307693 0.08413461538461539 0.057692307692307696
0 0.5288461538461539 0.11899038461538461 0.10576923076923077 0.057692307692307696
0 0.8509615384615384 0.03365384615384615 0.1201923076923077 0.06009615384615385
0 0.9086538461538461 0.07932692307692307 0.11057692307692307 0.07692307692307693
0 0.9483173076923077 0.039663461538461536 0.0985576923076923 0.07451923076923077
0 0.8040865384615384 0.15384615384615385 0.07692307692307693 0.10096153846153846
0 0.8040865384615384 0.078125 0.0673076923076923 0.057692307692307696
0 0.8846153846153846 0.16466346153846154 0.09375 0.09615384615384616
0 0.9567307692307693 0.15504807692307693 0.08173076923076923 0.09375
0 0.9723557692307693 0.20673076923076922 0.05048076923076923 0.0673076923076923
0 0.90625 0.25 0.125 0.0985576923076923
0 0.8197115384615384 0.22956730769230768 0.07692307692307693 0.07932692307692307
0 0.9411057692307693 0.32091346153846156 0.11298076923076923 0.07451923076923077
0 0.9771634615384616 0.2668269230769231 0.040865384615384616 0.07692307692307693
0 0.9278846153846154 0.8497596153846154 0.13942307692307693 0.13221153846153846
0 0.9519230769230769 0.7463942307692307 0.09134615384615384 0.08413461538461539
0 0.9543269230769231 0.9362980769230769 0.08653846153846154 0.10817307692307693
0 0.8545673076923077 0.9567307692307693 0.13701923076923078 0.08173076923076923
0 0.9471153846153846 0.9879807692307693 0.10096153846153846 0.02403846153846154