0 0.45072115384615385 0.7019230769230769 0.2692307692307692 0.27884615384615385
0 0.1875 0.5841346153846154 0.23557692307692307 0.2956730769230769
0 0.3269230769230769 0.45072115384615385 0.20192307692307693 0.3557692307692308
0 0.390625 0.5841346153846154 0.14182692307692307 0.16346153846153846
0 0.5072115384615384 0.5240384615384616 0.19230769230769232 0.2620192307692308
0 0.4855769230769231 0.32211538461538464 0.15625 0.2403846153846154
0 0.5709134615384616 0.4338942307692308 0.06490384615384616 0.10336538461538461
0 0.6514423076923077 0.36899038461538464 0.20192307692307693 0.28846153846153844
0 0.6490384615384616 0.6370192307692307 0.1778846153846154 0.3004807692307692
0 0.7704326923076923 0.7019230769230769 0.1875 0.2692307692307692
0 0.7908653846153846 0.5576923076923077 0.1778846153846154 0.25