0 0.171875 0.625 0.3389423076923077 0.4567307692307692
0 0.22956730769230768 0.9050480769230769 0.1346153846153846 0.18028846153846154
0 0.10817307692307693 0.9074519230769231 0.16346153846153846 0.17548076923076922
0 0.046875 0.8329326923076923 0.06971153846153846 0.12980769230769232
0 0.026442307692307692 0.9603365384615384 0.04807692307692308 0.07451923076923077
0 0.009615384615384616 0.6814903846153846 0.014423076923076924 0.53125
0 0.04447115384615385 0.3485576923076923 0.08413461538461539 0.22596153846153846
0 0.15985576923076922 0.21634615384615385 0.28365384615384615 0.3918269230769231
0 0.43028846153846156 0.75 0.3605769230769231 0.49038461538461536
0 0.5120192307692307 0.9795673076923077 0.12740384615384615 0.03125
0 0.3557692307692308 0.265625 0.3173076923076923 0.45913461538461536
0 0.5480769230769231 0.15504807692307693 0.13942307692307693 0.14423076923076922
0 0.6526442307692307 0.31971153846153844 0.2860576923076923 0.3701923076923077
0 0.6586538461538461 0.5432692307692307 0.09615384615384616 0.1201923076923077
0 0.6334134615384616 0.6394230769230769 0.07692307692307693 0.09134615384615384
0 0.6742788461538461 0.7295673076923077 0.11057692307692307 0.1201923076923077
0 0.6875 0.9098557692307693 0.23076923076923078 0.17067307692307693
0 0.8629807692307693 0.6911057692307693 0.2668269230769231 0.24759615384615385
0 0.7548076923076923 0.5132211538461539 0.09615384615384616 0.12980769230769232
0 0.8149038461538461 0.35336538461538464 0.03125 0.036057692307692304
0 0.8377403846153846 0.3605769230769231 0.03125 0.03125
0 0.9074519230769231 0.4951923076923077 0.04807692307692308 0.0625
0 0.8653846153846154 0.2932692307692308 0.03125 0.03125
0 0.8052884615384616 0.203125 0.03365384615384615 0.036057692307692304
0 0.9879807692307693 0.36538461538461536 0.014423076923076924 0.052884615384615384
0 0.9651442307692307 0.2608173076923077 0.03125 0.04807692307692308
0 0.9591346153846154 0.2247596153846154 0.03365384615384615 0.036057692307692304
0 0.9879807692307693 0.21875 0.014423076923076924 0.04807692307692308
0 0.9338942307692307 0.18269230769230768 0.038461538461538464 0.036057692307692304
0 0.9555288461538461 0.16706730769230768 0.026442307692307692 0.02403846153846154
0 0.9170673076923077 0.11057692307692307 0.03365384615384615 0.04807692307692308
0 0.8798076923076923 0.11899038461538461 0.052884615384615384 0.052884615384615384
0 0.8221153846153846 0.09735576923076923 0.10096153846153846 0.0625
0 0.7740384615384616 0.054086538461538464 0.03365384615384615 0.036057692307692304
0 0.7860576923076923 0.03125 0.14903846153846154 0.0625
0 0.7355769230769231 0.05889423076923077 0.026442307692307692 0.02403846153846154
0 0.7043269230769231 0.054086538461538464 0.026442307692307692 0.02403846153846154
0 0.40384615384615385 0.028846153846153848 0.5144230769230769 0.057692307692307696
0 0.31490384615384615 0.9278846153846154 0.12740384615384615 0.1346153846153846