0 0.5973557692307693 0.0889423076923077 0.27884615384615385 0.16826923076923078
0 0.3581730769230769 0.10096153846153846 0.19230769230769232 0.19230769230769232
0 0.13221153846153846 0.1346153846153846 0.2644230769230769 0.22596153846153846
0 0.2860576923076923 0.2620192307692308 0.21153846153846154 0.10096153846153846
0 0.078125 0.2848557692307692 0.15625 0.18028846153846154
0 0.24519230769230768 0.37259615384615385 0.30288461538461536 0.07211538461538461
0 0.26322115384615385 0.33533653846153844 0.2692307692307692 0.052884615384615384
0 0.4326923076923077 0.32572115384615385 0.125 0.18269230769230768
0 0.5516826923076923 0.22596153846153846 0.3605769230769231 0.11057692307692307
0 0.75 0.12379807692307693 0.10817307692307693 0.2403846153846154
0 0.8149038461538461 0.3245192307692308 0.09134615384615384 0.22355769230769232
0 0.8040865384615384 0.15625 0.07211538461538461 0.15865384615384615
0 0.8605769230769231 0.1658653846153846 0.0625 0.20673076923076922
0 0.8846153846153846 0.44350961538461536 0.08653846153846154 0.3557692307692308
0 0.8016826923076923 0.48677884615384615 0.22115384615384615 0.4182692307692308
0 0.6346153846153846 0.296875 0.2692307692307692 0.06971153846153846
0 0.6189903846153846 0.3762019230769231 0.28846153846153844 0.11057692307692307
0 0.7295673076923077 0.5120192307692307 0.15865384615384615 0.1201923076923077
0 0.7704326923076923 0.7391826923076923 0.19230769230769232 0.21153846153846154
0 0.6490384615384616 0.7608173076923077 0.4639423076923077 0.08653846153846154
0 0.44591346153846156 0.7956730769230769 0.27403846153846156 0.07692307692307693
0 0.11057692307692307 0.6298076923076923 0.13942307692307693 0.3557692307692308
0 0.18269230769230768 0.47475961538461536 0.34615384615384615 0.16346153846153846
0 0.11899038461538461 0.4519230769230769 0.21634615384615385 0.09134615384615384
0 0.09495192307692307 0.4326923076923077 0.12980769230769232 0.052884615384615384
0 0.16466346153846154 0.6586538461538461 0.08173076923076923 0.24278846153846154
0 0.10576923076923077 0.7295673076923077 0.21153846153846154 0.052884615384615384
0 0.038461538461538464 0.6334134615384616 0.07692307692307693 0.07692307692307693
0 0.03125 0.6850961538461539 0.0625 0.08173076923076923
0 0.19831730769230768 0.7415865384615384 0.0673076923076923 0.125
0 0.29086538461538464 0.6346153846153846 0.04807692307692308 0.27403846153846156
0 0.22956730769230768 0.625 0.0673076923076923 0.2548076923076923
0 0.3329326923076923 0.6105769230769231 0.12980769230769232 0.2932692307692308
0 0.38461538461538464 0.546875 0.10817307692307693 0.2980769230769231
0 0.4230769230769231 0.7043269230769231 0.21634615384615385 0.057692307692307696
0 0.5673076923076923 0.6694711538461539 0.2692307692307692 0.05048076923076923
0 0.5288461538461539 0.65625 0.19230769230769232 0.20673076923076922
0 0.5721153846153846 0.6141826923076923 0.3293269230769231 0.22355769230769232
0 0.5024038461538461 0.515625 0.17067307692307693 0.15865384615384615
0 0.6237980769230769 0.5564903846153846 0.3605769230769231 0.23076923076923078
0 0.6057692307692307 0.48677884615384615 0.31490384615384615 0.20673076923076922
0 0.5853365384615384 0.42427884615384615 0.15865384615384615 0.125