0 0.9302884615384616 0.6081730769230769 0.13221153846153846 0.27884615384615385
0 0.9567307692307693 0.8197115384615384 0.07932692307692307 0.18028846153846154
0 0.9158653846153846 0.9302884615384616 0.16346153846153846 0.125
0 0.8449519230769231 0.7560096153846154 0.16346153846153846 0.25961538461538464
0 0.9375 0.41225961538461536 0.1201923076923077 0.17307692307692307
0 0.8966346153846154 0.36177884615384615 0.057692307692307696 0.1201923076923077
0 0.8762019230769231 0.3858173076923077 0.036057692307692304 0.10817307692307693
0 0.8221153846153846 0.38221153846153844 0.0985576923076923 0.17548076923076922
0 0.8305288461538461 0.5120192307692307 0.12980769230769232 0.16826923076923078
0 0.8137019230769231 0.6237980769230769 0.09615384615384616 0.09134615384615384
0 0.7127403846153846 0.6057692307692307 0.11057692307692307 0.16346153846153846
0 0.7524038461538461 0.8882211538461539 0.14423076923076922 0.21153846153846154
0 0.6322115384615384 0.9038461538461539 0.12740384615384615 0.18028846153846154
0 0.6382211538461539 0.7379807692307693 0.14182692307692307 0.22115384615384615
0 0.6995192307692307 0.46033653846153844 0.08653846153846154 0.11538461538461539
0 0.7463942307692307 0.421875 0.07211538461538461 0.16826923076923078
0 0.7572115384615384 0.2980769230769231 0.04807692307692308 0.09134615384615384
0 0.7007211538461539 0.2980769230769231 0.07692307692307693 0.125
0 0.6850961538461539 0.22235576923076922 0.036057692307692304 0.036057692307692304
0 0.6274038461538461 0.23197115384615385 0.07211538461538461 0.14903846153846154
0 0.6334134615384616 0.3737980769230769 0.09134615384615384 0.14423076923076922
0 0.6201923076923077 0.5036057692307693 0.08653846153846154 0.125
0 0.5841346153846154 0.5697115384615384 0.125 0.16346153846153846
0 0.5625 0.6899038461538461 0.057692307692307696 0.0673076923076923
0 0.5180288461538461 0.8137019230769231 0.10576923076923077 0.16826923076923078
0 0.4879807692307692 0.921875 0.19230769230769232 0.14423076923076922
0 0.2800480769230769 0.8942307692307693 0.21875 0.1971153846153846
0 0.08533653846153846 0.8677884615384616 0.15144230769230768 0.2548076923076923
0 0.16706730769230768 0.6598557692307693 0.12980769230769232 0.24519230769230768
0 0.2824519230769231 0.6682692307692307 0.15625 0.2644230769230769
0 0.39903846153846156 0.765625 0.125 0.2283653846153846
0 0.05048076923076923 0.6899038461538461 0.09615384615384616 0.25
0 0.04807692307692308 0.5625 0.09134615384615384 0.09615384615384616
0 0.1622596153846154 0.5120192307692307 0.13221153846153846 0.14423076923076922
0 0.28365384615384615 0.5096153846153846 0.0985576923076923 0.10096153846153846
0 0.3545673076923077 0.484375 0.07692307692307693 0.13942307692307693
0 0.40625 0.5961538461538461 0.09134615384615384 0.15625
0 0.48677884615384615 0.6502403846153846 0.09615384615384616 0.16826923076923078
0 0.5144230769230769 0.5120192307692307 0.07932692307692307 0.10817307692307693
0 0.5588942307692307 0.39783653846153844 0.0889423076923077 0.14423076923076922
0 0.5384615384615384 0.2956730769230769 0.08653846153846154 0.1201923076923077
0 0.5745192307692307 0.2283653846153846 0.04567307692307692 0.10817307692307693
0 0.5132211538461539 0.19591346153846154 0.06971153846153846 0.11538461538461539
0 0.49399038461538464 0.40625 0.04807692307692308 0.11538461538461539
0 0.4375 0.5096153846153846 0.08173076923076923 0.125
0 0.40384615384615385 0.40384615384615385 0.06971153846153846 0.09615384615384616
0 0.44350961538461536 0.3401442307692308 0.09615384615384616 0.1875
0 0.45072115384615385 0.20432692307692307 0.057692307692307696 0.09615384615384616
0 0.3942307692307692 0.18629807692307693 0.05048076923076923 0.10817307692307693
0 0.36177884615384615 0.25961538461538464 0.07692307692307693 0.14423076923076922
0 0.33533653846153844 0.20793269230769232 0.04326923076923077 0.07692307692307693
0 0.27524038461538464 0.20432692307692307 0.07692307692307693 0.08413461538461539
0 0.265625 0.2920673076923077 0.08173076923076923 0.125
0 0.3088942307692308 0.38221153846153844 0.0625 0.11538461538461539
0 0.3137019230769231 0.2860576923076923 0.03365384615384615 0.09134615384615384
0 0.2692307692307692 0.4338942307692308 0.07692307692307693 0.07211538461538461
0 0.203125 0.40024038461538464 0.0889423076923077 0.10336538461538461
0 0.15625 0.36778846153846156 0.06971153846153846 0.08413461538461539
0 0.16826923076923078 0.2800480769230769 0.10576923076923077 0.11538461538461539
0 0.19110576923076922 0.22235576923076922 0.08653846153846154 0.06009615384615385
0 0.13822115384615385 0.18990384615384615 0.0673076923076923 0.07692307692307693
0 0.08774038461538461 0.20793269230769232 0.057692307692307696 0.0673076923076923
0 0.0889423076923077 0.2956730769230769 0.07211538461538461 0.1201923076923077
0 0.040865384615384616 0.34975961538461536 0.06971153846153846 0.10817307692307693
0 0.030048076923076924 0.2920673076923077 0.06009615384615385 0.17307692307692307
0 0.040865384615384616 0.4483173076923077 0.07692307692307693 0.14182692307692307
0 0.11658653846153846 0.4362980769230769 0.07692307692307693 0.13942307692307693
0 0.9387019230769231 0.14783653846153846 0.057692307692307696 0.052884615384615384
0 0.8990384615384616 0.1502403846153846 0.057692307692307696 0.036057692307692304
0 0.9194711538461539 0.08774038461538461 0.04807692307692308 0.07692307692307693
0 0.8677884615384616 0.09615384615384616 0.052884615384615384 0.07211538461538461
0 0.8221153846153846 0.11778846153846154 0.09134615384615384 0.11538461538461539
0 0.7596153846153846 0.09375 0.052884615384615384 0.07932692307692307
0 0.8100961538461539 0.04326923076923077 0.07692307692307693 0.08173076923076923
0 0.5925480769230769 0.04927884615384615 0.10817307692307693 0.09375
0 0.4543269230769231 0.036057692307692304 0.07692307692307693 0.02403846153846154
0 0.21995192307692307 0.07572115384615384 0.03125 0.04326923076923077
0 0.2536057692307692 0.06370192307692307 0.040865384615384616 0.052884615384615384
0 0.296875 0.06370192307692307 0.04567307692307692 0.04326923076923077
0 0.036057692307692304 0.11298076923076923 0.0673076923076923 0.11057692307692307