0 0.6911057692307693 0.6983173076923077 0.22115384615384615 0.35336538461538464
0 0.7704326923076923 0.23918269230769232 0.1778846153846154 0.2692307692307692
0 0.6502403846153846 0.12620192307692307 0.27403846153846156 0.24278846153846154
0 0.6538461538461539 0.20552884615384615 0.04326923076923077 0.07211538461538461
0 0.3125 0.23076923076923078 0.43028846153846156 0.3076923076923077
0 0.6538461538461539 0.2776442307692308 0.3894230769230769 0.33653846153846156
0 0.3269230769230769 0.10216346153846154 0.32211538461538464 0.18269230769230768
0 0.3389423076923077 0.06610576923076923 0.27403846153846156 0.12259615384615384
0 0.08774038461538461 0.15625 0.17067307692307693 0.30288461538461536
0 0.3557692307692308 0.3269230769230769 0.12740384615384615 0.18269230769230768
0 0.21995192307692307 0.36538461538461536 0.14423076923076922 0.19230769230769232
0 0.4074519230769231 0.5168269230769231 0.15865384615384615 0.25240384615384615
0 0.5420673076923077 0.6370192307692307 0.10817307692307693 0.375
0 0.53125 0.7692307692307693 0.09375 0.16346153846153846
0 0.49038461538461536 0.6370192307692307 0.12259615384615384 0.13221153846153846
0 0.5204326923076923 0.36538461538461536 0.2668269230769231 0.3125
0 0.5540865384615384 0.3269230769230769 0.25 0.24759615384615385
0 0.7920673076923077 0.5444711538461539 0.27884615384615385 0.14423076923076922
0 0.8052884615384616 0.4831730769230769 0.25961538461538464 0.13221153846153846
0 0.9651442307692307 0.44471153846153844 0.0625 0.11057692307692307
0 0.9423076923076923 0.3737980769230769 0.04326923076923077 0.08653846153846154
0 0.9819711538461539 0.359375 0.028846153846153848 0.04807692307692308
0 0.9783653846153846 0.27524038461538464 0.036057692307692304 0.0985576923076923
0 0.9459134615384616 0.7800480769230769 0.057692307692307696 0.11057692307692307
0 0.9639423076923077 0.8185096153846154 0.057692307692307696 0.1201923076923077
0 0.8197115384615384 0.7776442307692307 0.07211538461538461 0.10576923076923077
0 0.8858173076923077 0.6430288461538461 0.0625 0.14423076923076922
0 0.8918269230769231 0.6033653846153846 0.21153846153846154 0.7884615384615384
0 0.8858173076923077 0.34375 0.038461538461538464 0.23557692307692307
0 0.9206730769230769 0.18389423076923078 0.15144230769230768 0.3557692307692308
0 0.9435096153846154 0.14302884615384615 0.10576923076923077 0.27403846153846156
0 0.8497596153846154 0.19230769230769232 0.0673076923076923 0.375
0 0.9134615384615384 0.12139423076923077 0.1658653846153846 0.14423076923076922
0 0.6862980769230769 0.9170673076923077 0.3605769230769231 0.16346153846153846
0 0.1658653846153846 0.6814903846153846 0.25240384615384615 0.3076923076923077
0 0.08413461538461539 0.546875 0.16346153846153846 0.23798076923076922
0 0.34134615384615385 0.7331730769230769 0.11298076923076923 0.14903846153846154
0 0.41466346153846156 0.796875 0.09375 0.13221153846153846
0 0.3894230769230769 0.8137019230769231 0.04326923076923077 0.07692307692307693
0 0.3737980769230769 0.9338942307692307 0.0625 0.07692307692307693
0 0.41466346153846156 0.8786057692307693 0.028846153846153848 0.04326923076923077
0 0.4639423076923077 0.8401442307692307 0.052884615384615384 0.04326923076923077
0 0.4951923076923077 0.9519230769230769 0.0673076923076923 0.09134615384615384
0 0.4543269230769231 0.90625 0.036057692307692304 0.08653846153846154
0 0.4182692307692308 0.9459134615384616 0.09615384615384616 0.10336538461538461
0 0.3161057692307692 0.9651442307692307 0.15625 0.06490384615384616
0 0.25 0.9459134615384616 0.25 0.10336538461538461
0 0.11899038461538461 0.9555288461538461 0.23317307692307693 0.08413461538461539
0 0.13221153846153846 0.9290865384615384 0.2644230769230769 0.0985576923076923
0 0.19951923076923078 0.8653846153846154 0.3942307692307692 0.08653846153846154