0 0.6262019230769231 0.5709134615384616 0.7163461538461539 0.6947115384615384
0 0.8509615384615384 0.47716346153846156 0.28846153846153844 0.4206730769230769
0 0.21394230769230768 0.6177884615384616 0.07692307692307693 0.20192307692307693
0 0.11778846153846154 0.30288461538461536 0.23076923076923078 0.47596153846153844
0 0.16706730769230768 0.9891826923076923 0.16105769230769232 0.016826923076923076
0 0.3545673076923077 0.8978365384615384 0.2956730769230769 0.19951923076923078
0 0.6766826923076923 0.9266826923076923 0.4014423076923077 0.14182692307692307
0 0.030048076923076924 0.9459134615384616 0.055288461538461536 0.10336538461538461
4 0.5384615384615384 0.17427884615384615 0.9134615384615384 0.34134615384615385
4 0.1346153846153846 0.6622596153846154 0.2692307692307692 0.6370192307692307
4 0.29086538461538464 0.6105769230769231 0.07692307692307693 0.2932692307692308
4 0.9290865384615384 0.9266826923076923 0.13221153846153846 0.14182692307692307