0 0.5024038461538461 0.65625 0.30528846153846156 0.5144230769230769
0 0.7704326923076923 0.39903846153846156 0.23317307692307693 0.38221153846153844
0 0.5132211538461539 0.2764423076923077 0.2692307692307692 0.36538461538461536
0 0.26322115384615385 0.49759615384615385 0.30288461538461536 0.45913461538461536
0 0.7620192307692307 0.4723557692307692 0.14903846153846154 0.18028846153846154
0 0.6838942307692307 0.5961538461538461 0.09615384615384616 0.23076923076923078
0 0.6670673076923077 0.8028846153846154 0.12740384615384615 0.11057692307692307
0 0.7259615384615384 0.9074519230769231 0.0985576923076923 0.17307692307692307
0 0.8161057692307693 0.8713942307692307 0.0673076923076923 0.09134615384615384
0 0.8088942307692307 0.7127403846153846 0.14182692307692307 0.18028846153846154
4 0.46875 0.5576923076923077 0.9326923076923077 0.875