0 0.7427884615384616 0.38100961538461536 0.15384615384615385 0.09375
0 0.6262019230769231 0.3173076923076923 0.16826923076923078 0.1201923076923077
0 0.4807692307692308 0.3317307692307692 0.12980769230769232 0.08173076923076923
0 0.39903846153846156 0.27163461538461536 0.38221153846153844 0.08653846153846154
0 0.0985576923076923 0.2668269230769231 0.1971153846153846 0.07692307692307693
0 0.49759615384615385 0.1310096153846154 0.9951923076923077 0.2548076923076923
0 0.8966346153846154 0.23677884615384615 0.1971153846153846 0.23557692307692307
0 0.7680288461538461 0.453125 0.14903846153846154 0.08653846153846154
0 0.78125 0.5108173076923077 0.14182692307692307 0.07932692307692307
0 0.84375 0.4170673076923077 0.10336538461538461 0.09375
0 0.6177884615384616 0.4543269230769231 0.15384615384615385 0.11057692307692307
0 0.6802884615384616 0.4795673076923077 0.08173076923076923 0.07692307692307693
0 0.47596153846153844 0.44711538461538464 0.11057692307692307 0.0673076923076923
0 0.5240384615384616 0.3894230769230769 0.0985576923076923 0.0625
0 0.44591346153846156 0.39302884615384615 0.08173076923076923 0.04807692307692308
0 0.5576923076923077 0.5492788461538461 0.16346153846153846 0.07692307692307693
0 0.43149038461538464 0.5096153846153846 0.15384615384615385 0.09134615384615384
0 0.3004807692307692 0.4855769230769231 0.11057692307692307 0.057692307692307696
0 0.3329326923076923 0.42427884615384615 0.14182692307692307 0.057692307692307696
0 0.2536057692307692 0.3954326923076923 0.14903846153846154 0.08653846153846154
0 0.27884615384615385 0.328125 0.11057692307692307 0.0673076923076923
0 0.38221153846153844 0.31009615384615385 0.11057692307692307 0.08173076923076923
0 0.3629807692307692 0.38100961538461536 0.09134615384615384 0.05048076923076923
0 0.20432692307692307 0.44591346153846156 0.08173076923076923 0.057692307692307696
0 0.10336538461538461 0.37740384615384615 0.0985576923076923 0.08653846153846154
0 0.1502403846153846 0.3401442307692308 0.15865384615384615 0.10817307692307693
0 0.24278846153846154 0.5180288461538461 0.13701923076923078 0.07932692307692307
0 0.3389423076923077 0.5504807692307693 0.1201923076923077 0.06490384615384616
0 0.18028846153846154 0.5324519230769231 0.12980769230769232 0.09375
0 0.06009615384615385 0.49399038461538464 0.1201923076923077 0.09615384615384616
0 0.055288461538461536 0.5889423076923077 0.11057692307692307 0.09134615384615384
0 0.14783653846153846 0.5961538461538461 0.12980769230769232 0.08173076923076923
0 0.22115384615384615 0.6490384615384616 0.13701923076923078 0.10096153846153846
0 0.2764423076923077 0.5961538461538461 0.125 0.0625
0 0.40384615384615385 0.6009615384615384 0.14182692307692307 0.09375
0 0.5492788461538461 0.5961538461538461 0.13701923076923078 0.0625
0 0.6370192307692307 0.6466346153846154 0.13701923076923078 0.09134615384615384
0 0.7463942307692307 0.5757211538461539 0.14903846153846154 0.08653846153846154
0 0.9158653846153846 0.6274038461538461 0.125 0.07932692307692307
0 0.8473557692307693 0.703125 0.1875 0.11538461538461539
0 0.7788461538461539 0.7427884615384616 0.13701923076923078 0.09375
0 0.8990384615384616 0.5901442307692307 0.19230769230769232 0.09375
0 0.06490384615384616 0.9290865384615384 0.12980769230769232 0.13701923076923078
0 0.014423076923076924 0.9759615384615384 0.028846153846153848 0.04326923076923077
0 0.11778846153846154 0.9543269230769231 0.09134615384615384 0.06971153846153846
0 0.1502403846153846 0.875 0.14903846153846154 0.07692307692307693
0 0.20793269230769232 0.953125 0.07692307692307693 0.07211538461538461
0 0.30288461538461536 0.9206730769230769 0.15865384615384615 0.08653846153846154
0 0.26802884615384615 0.8221153846153846 0.1201923076923077 0.08653846153846154
0 0.3798076923076923 0.8605769230769231 0.09134615384615384 0.08413461538461539
0 0.5060096153846154 0.8653846153846154 0.10336538461538461 0.07932692307692307
0 0.5877403846153846 0.828125 0.15865384615384615 0.11057692307692307
0 0.6995192307692307 0.8786057692307693 0.1875 0.08413461538461539
0 0.7680288461538461 0.8257211538461539 0.06009615384615385 0.057692307692307696
0 0.6478365384615384 0.9735576923076923 0.21394230769230768 0.04807692307692308
0 0.8137019230769231 0.9735576923076923 0.13221153846153846 0.04807692307692308
0 0.9411057692307693 0.9735576923076923 0.11298076923076923 0.04807692307692308
0 0.6141826923076923 0.7403846153846154 0.16826923076923078 0.09615384615384616
0 0.5216346153846154 0.6646634615384616 0.125 0.07692307692307693
0 0.49399038461538464 0.7067307692307693 0.125 0.07211538461538461
0 0.36899038461538464 0.7007211538461539 0.13701923076923078 0.08173076923076923
0 0.33052884615384615 0.7536057692307693 0.15865384615384615 0.10817307692307693
0 0.45913461538461536 0.7752403846153846 0.1201923076923077 0.09375
0 0.18870192307692307 0.7355769230769231 0.125 0.08653846153846154
0 0.09615384615384616 0.7151442307692307 0.13701923076923078 0.08413461538461539
0 0.03365384615384615 0.6995192307692307 0.0673076923076923 0.14423076923076922