0 0.828125 0.625 0.3389423076923077 0.4567307692307692
0 0.7704326923076923 0.9050480769230769 0.1346153846153846 0.18028846153846154
0 0.8918269230769231 0.9074519230769231 0.16346153846153846 0.17548076923076922
0 0.953125 0.8329326923076923 0.06971153846153846 0.12980769230769232
0 0.9747596153846154 0.9615384615384616 0.04567307692307692 0.07692307692307693
0 0.9903846153846154 0.6814903846153846 0.014423076923076924 0.53125
0 0.9555288461538461 0.3485576923076923 0.08413461538461539 0.22596153846153846
0 0.8401442307692307 0.21634615384615385 0.28365384615384615 0.3918269230769231
0 0.5697115384615384 0.75 0.3605769230769231 0.49038461538461536
0 0.4879807692307692 0.9795673076923077 0.12740384615384615 0.03125
0 0.6442307692307693 0.265625 0.3173076923076923 0.45913461538461536
0 0.4519230769230769 0.15504807692307693 0.13942307692307693 0.14423076923076922
0 0.3473557692307692 0.31971153846153844 0.2860576923076923 0.3701923076923077
0 0.34134615384615385 0.5432692307692307 0.09615384615384616 0.1201923076923077
0 0.36658653846153844 0.6394230769230769 0.07692307692307693 0.09134615384615384
0 0.32572115384615385 0.7295673076923077 0.11057692307692307 0.1201923076923077
0 0.3125 0.9098557692307693 0.23076923076923078 0.17067307692307693
0 0.13701923076923078 0.6911057692307693 0.2668269230769231 0.24759615384615385
0 0.24519230769230768 0.5132211538461539 0.09615384615384616 0.12980769230769232
0 0.18509615384615385 0.35336538461538464 0.03125 0.036057692307692304
0 0.1622596153846154 0.3605769230769231 0.03125 0.03125
0 0.09254807692307693 0.4951923076923077 0.04807692307692308 0.0625
0 0.1346153846153846 0.2932692307692308 0.03125 0.03125
0 0.19471153846153846 0.203125 0.03365384615384615 0.036057692307692304
0 0.01201923076923077 0.36538461538461536 0.014423076923076924 0.052884615384615384
0 0.03485576923076923 0.2608173076923077 0.03125 0.04807692307692308
0 0.040865384615384616 0.2247596153846154 0.03365384615384615 0.036057692307692304
0 0.01201923076923077 0.21875 0.014423076923076924 0.04807692307692308
0 0.06610576923076923 0.18269230769230768 0.038461538461538464 0.036057692307692304
0 0.04447115384615385 0.16706730769230768 0.026442307692307692 0.02403846153846154
0 0.0829326923076923 0.11057692307692307 0.03365384615384615 0.04807692307692308
0 0.1201923076923077 0.11899038461538461 0.052884615384615384 0.052884615384615384
0 0.1778846153846154 0.09735576923076923 0.10096153846153846 0.0625
0 0.22596153846153846 0.054086538461538464 0.03365384615384615 0.036057692307692304
0 0.21394230769230768 0.03125 0.14903846153846154 0.0625
0 0.2644230769230769 0.05889423076923077 0.026442307692307692 0.02403846153846154
0 0.2956730769230769 0.054086538461538464 0.026442307692307692 0.02403846153846154
0 0.5961538461538461 0.028846153846153848 0.5144230769230769 0.057692307692307696
0 0.6850961538461539 0.9278846153846154 0.12740384615384615 0.1346153846153846