0 0.1875 0.09615384615384616 0.1466346153846154 0.04807692307692308
0 0.17908653846153846 0.20432692307692307 0.11538461538461539 0.028846153846153848
0 0.2932692307692308 0.16105769230769232 0.25961538461538464 0.07692307692307693
0 0.45072115384615385 0.11538461538461539 0.25240384615384615 0.08173076923076923
0 0.6141826923076923 0.09134615384615384 0.38221153846153844 0.10576923076923077
0 0.8653846153846154 0.055288461538461536 0.23557692307692307 0.0625
0 0.796875 0.12139423076923077 0.11538461538461539 0.038461538461538464
0 0.7355769230769231 0.15745192307692307 0.13942307692307693 0.036057692307692304
0 0.6502403846153846 0.1466346153846154 0.09615384615384616 0.08173076923076923
0 0.5168269230769231 0.18269230769230768 0.20192307692307693 0.052884615384615384
0 0.22355769230769232 0.25721153846153844 0.15384615384615385 0.040865384615384616
0 0.3173076923076923 0.2776442307692308 0.1466346153846154 0.038461538461538464
0 0.3701923076923077 0.2283653846153846 0.22115384615384615 0.0673076923076923
0 0.44350961538461536 0.29447115384615385 0.10576923076923077 0.03125
0 0.36177884615384615 0.3233173076923077 0.10576923076923077 0.036057692307692304
0 0.3125 0.35216346153846156 0.07211538461538461 0.036057692307692304
0 0.2439903846153846 0.3173076923076923 0.1466346153846154 0.038461538461538464
0 0.203125 0.35096153846153844 0.11538461538461539 0.038461538461538464
0 0.2403846153846154 0.39302884615384615 0.17067307692307693 0.04326923076923077
0 0.5973557692307693 0.6742788461538461 0.3173076923076923 0.11057692307692307
0 0.3942307692307692 0.6875 0.17067307692307693 0.09134615384615384
0 0.5492788461538461 0.7860576923076923 0.25240384615384615 0.11538461538461539
0 0.49158653846153844 0.3737980769230769 0.3317307692307692 0.11538461538461539
0 0.6670673076923077 0.2512019230769231 0.25961538461538464 0.0673076923076923
0 0.6550480769230769 0.22956730769230768 0.10576923076923077 0.07211538461538461
0 0.5769230769230769 0.22596153846153846 0.11538461538461539 0.04807692307692308
0 0.7403846153846154 0.20192307692307693 0.1466346153846154 0.038461538461538464
0 0.8581730769230769 0.15985576923076922 0.10576923076923077 0.036057692307692304
0 0.8786057692307693 0.19831730769230768 0.12980769230769232 0.036057692307692304
0 0.9735576923076923 0.140625 0.04807692307692308 0.13701923076923078
0 0.9026442307692307 0.12740384615384615 0.11538461538461539 0.0673076923076923
0 0.90625 0.08413461538461539 0.15384615384615385 0.040865384615384616
0 0.8978365384615384 0.20072115384615385 0.1875 0.04807692307692308
0 0.8737980769230769 0.24759615384615385 0.22115384615384615 0.0625
0 0.9783653846153846 0.234375 0.038461538461538464 0.055288461538461536
0 0.7271634615384616 0.36538461538461536 0.5432692307692307 0.1466346153846154