0 0.21995192307692307 0.019230769230769232 0.3798076923076923 0.03365384615384615
0 0.054086538461538464 0.078125 0.09375 0.15144230769230768
0 0.2980769230769231 0.11298076923076923 0.40865384615384615 0.15865384615384615
0 0.5793269230769231 0.054086538461538464 0.32211538461538464 0.10096153846153846
0 0.5432692307692307 0.11177884615384616 0.07932692307692307 0.036057692307692304
0 0.9483173076923077 0.07572115384615384 0.0985576923076923 0.1466346153846154
0 0.6838942307692307 0.17307692307692307 0.3317307692307692 0.13942307692307693
0 0.44591346153846156 0.21754807692307693 0.3173076923076923 0.13221153846153846
0 0.1622596153846154 0.22716346153846154 0.3076923076923077 0.13942307692307693
0 0.20192307692307693 0.3245192307692308 0.28846153846153844 0.10096153846153846
0 0.4963942307692308 0.2860576923076923 0.28846153846153844 0.11057692307692307
0 0.7548076923076923 0.3269230769230769 0.3317307692307692 0.14423076923076922
0 0.546875 0.40625 0.30288461538461536 0.1201923076923077
0 0.30528846153846156 0.3737980769230769 0.22355769230769232 0.10096153846153846
0 0.8161057692307693 0.42427884615384615 0.25 0.11057692307692307
0 0.6262019230769231 0.47716346153846156 0.1875 0.04807692307692308
0 0.4026442307692308 0.453125 0.17307692307692307 0.0625
0 0.7127403846153846 0.5072115384615384 0.47596153846153844 0.17067307692307693
0 0.5144230769230769 0.5252403846153846 0.1658653846153846 0.07451923076923077
0 0.734375 0.5540865384615384 0.40384615384615385 0.19230769230769232
0 0.7728365384615384 0.6021634615384616 0.3942307692307692 0.1778846153846154
0 0.8052884615384616 0.6478365384615384 0.34615384615384615 0.1778846153846154
0 0.9627403846153846 0.8365384615384616 0.06971153846153846 0.22596153846153846
0 0.9098557692307693 0.7764423076923077 0.10817307692307693 0.24278846153846154
0 0.8269230769230769 0.7644230769230769 0.07211538461538461 0.16826923076923078
0 0.765625 0.7463942307692307 0.05048076923076923 0.07211538461538461
0 0.8389423076923077 0.9639423076923077 0.11057692307692307 0.0673076923076923
0 0.7451923076923077 0.9711538461538461 0.09375 0.040865384615384616
0 0.6802884615384616 0.96875 0.07932692307692307 0.036057692307692304
0 0.6838942307692307 0.9326923076923077 0.23076923076923078 0.040865384615384616
0 0.6298076923076923 0.9026442307692307 0.27884615384615385 0.03125
0 0.6081730769230769 0.8641826923076923 0.22355769230769232 0.036057692307692304
0 0.6153846153846154 0.8329326923076923 0.12259615384615384 0.036057692307692304
0 0.4387019230769231 0.8605769230769231 0.20192307692307693 0.06490384615384616
0 0.5252403846153846 0.8137019230769231 0.21634615384615385 0.036057692307692304
0 0.46033653846153844 0.7908653846153846 0.1875 0.04807692307692308
0 0.47836538461538464 0.7487980769230769 0.13701923076923078 0.04326923076923077
0 0.3701923076923077 0.6983173076923077 0.18028846153846154 0.09615384615384616
0 0.234375 0.7163461538461539 0.18028846153846154 0.11538461538461539
0 0.31971153846153844 0.8004807692307693 0.2091346153846154 0.08653846153846154
0 0.23076923076923078 0.6129807692307693 0.17307692307692307 0.07932692307692307
0 0.10817307692307693 0.6310096153846154 0.1875 0.08653846153846154
0 0.08653846153846154 0.6862980769230769 0.15865384615384615 0.11057692307692307
0 0.05048076923076923 0.5841346153846154 0.08653846153846154 0.03365384615384615
0 0.13701923076923078 0.5564903846153846 0.11538461538461539 0.04807692307692308
0 0.054086538461538464 0.5096153846153846 0.09375 0.06009615384615385
0 0.2692307692307692 0.9158653846153846 0.12259615384615384 0.0673076923076923
0 0.3737980769230769 0.9519230769230769 0.1875 0.06971153846153846
0 0.21394230769230768 0.9735576923076923 0.18269230769230768 0.04807692307692308
0 0.140625 0.9411057692307693 0.1658653846153846 0.06971153846153846
0 0.06971153846153846 0.9807692307692307 0.125 0.03365384615384615
0 0.3269230769230769 0.9891826923076923 0.0673076923076923 0.016826923076923076
0 0.4170673076923077 0.9831730769230769 0.0889423076923077 0.028846153846153848
0 0.10817307692307693 0.8653846153846154 0.20192307692307693 0.10576923076923077
0 0.04326923076923077 0.8016826923076923 0.07211538461538461 0.08173076923076923
0 0.15144230769230768 0.9146634615384616 0.28846153846153844 0.11057692307692307