0 0.8894230769230769 0.1875 0.21394230769230768 0.16826923076923078
0 0.8401442307692307 0.5985576923076923 0.3125 0.6778846153846154
0 0.8786057692307693 0.9338942307692307 0.23798076923076922 0.12740384615384615
0 0.6117788461538461 0.8581730769230769 0.29086538461538464 0.27884615384615385
0 0.5132211538461539 0.5132211538461539 0.3701923076923077 0.4855769230769231
0 0.5576923076923077 0.18990384615384615 0.3605769230769231 0.18269230769230768
0 0.7247596153846154 0.21634615384615385 0.15384615384615385 0.24519230769230768
0 0.33413461538461536 0.20072115384615385 0.21875 0.20192307692307693
0 0.16466346153846154 0.40384615384615385 0.3293269230769231 0.4951923076923077
0 0.28365384615384615 0.7872596153846154 0.38461538461538464 0.4206730769230769
0 0.06490384615384616 0.6610576923076923 0.125 0.4375
0 0.04567307692307692 0.9387019230769231 0.09134615384615384 0.11778846153846154
0 0.02403846153846154 0.15865384615384615 0.04326923076923077 0.11057692307692307
0 0.13942307692307693 0.125 0.1875 0.0625
0 0.5012019230769231 0.5456730769230769 0.9975961538461539 0.9038461538461539