0 0.5697115384615384 0.10576923076923077 0.10096153846153846 0.0625
0 0.484375 0.10096153846153846 0.06009615384615385 0.0625
0 0.27403846153846156 0.10817307692307693 0.07692307692307693 0.0673076923076923
0 0.22355769230769232 0.10817307692307693 0.040865384615384616 0.0673076923076923
0 0.17908653846153846 0.12139423076923077 0.0625 0.08413461538461539
0 0.109375 0.12379807692307693 0.06009615384615385 0.09134615384615384
0 0.0673076923076923 0.14302884615384615 0.08173076923076923 0.12740384615384615
0 0.020432692307692308 0.14783653846153846 0.03365384615384615 0.07451923076923077
0 0.015625 0.09495192307692307 0.02403846153846154 0.04326923076923077
0 0.052884615384615384 0.23798076923076922 0.09615384615384616 0.13701923076923078
0 0.0889423076923077 0.23317307692307693 0.07211538461538461 0.0625
0 0.12980769230769232 0.16947115384615385 0.057692307692307696 0.0625
0 0.22596153846153846 0.21153846153846154 0.09134615384615384 0.052884615384615384
0 0.5757211538461539 0.22716346153846154 0.07692307692307693 0.11538461538461539
0 0.5492788461538461 0.296875 0.02403846153846154 0.03125
0 0.6201923076923077 0.15625 0.0673076923076923 0.1201923076923077
0 0.6995192307692307 0.13701923076923078 0.06009615384615385 0.11538461538461539
0 0.7800480769230769 0.15865384615384615 0.10096153846153846 0.16826923076923078
0 0.8737980769230769 0.21995192307692307 0.10096153846153846 0.11057692307692307
0 0.8762019230769231 0.11899038461538461 0.09615384615384616 0.09134615384615384
0 0.9603365384615384 0.1778846153846154 0.07451923076923077 0.14903846153846154
0 0.9891826923076923 0.20192307692307693 0.016826923076923076 0.12980769230769232
0 0.9375 0.28846153846153844 0.10096153846153846 0.11057692307692307
0 0.9651442307692307 0.3918269230769231 0.06490384615384616 0.12980769230769232
0 0.9002403846153846 0.39663461538461536 0.057692307692307696 0.09615384615384616
0 0.8341346153846154 0.3701923076923077 0.08173076923076923 0.09615384615384616
0 0.8137019230769231 0.4230769230769231 0.07932692307692307 0.052884615384615384
0 0.7572115384615384 0.4182692307692308 0.07211538461538461 0.08413461538461539
0 0.6995192307692307 0.3942307692307692 0.1346153846153846 0.11057692307692307
0 0.6538461538461539 0.47115384615384615 0.052884615384615384 0.052884615384615384
0 0.6490384615384616 0.5444711538461539 0.0625 0.07451923076923077
0 0.6670673076923077 0.6189903846153846 0.04807692307692308 0.11538461538461539
0 0.6310096153846154 0.703125 0.08173076923076923 0.11538461538461539
0 0.6538461538461539 0.7728365384615384 0.052884615384615384 0.09615384615384616
0 0.6658653846153846 0.8365384615384616 0.038461538461538464 0.10576923076923077
0 0.7475961538461539 0.9254807692307693 0.07692307692307693 0.07451923076923077
0 0.7223557692307693 0.8569711538461539 0.08173076923076923 0.11538461538461539
0 0.7139423076923077 0.7572115384615384 0.08173076923076923 0.08413461538461539
0 0.6971153846153846 0.6802884615384616 0.0625 0.0673076923076923
0 0.7295673076923077 0.6141826923076923 0.08173076923076923 0.10576923076923077
0 0.8076923076923077 0.6105769230769231 0.08173076923076923 0.10096153846153846
0 0.7692307692307693 0.7163461538461539 0.08653846153846154 0.1201923076923077
0 0.8028846153846154 0.7908653846153846 0.10096153846153846 0.13221153846153846
0 0.8004807692307693 0.8786057692307693 0.07692307692307693 0.10576923076923077
0 0.859375 0.8918269230769231 0.0625 0.0673076923076923
0 0.8725961538461539 0.7908653846153846 0.09134615384615384 0.1201923076923077
0 0.9026442307692307 0.7271634615384616 0.04567307692307692 0.057692307692307696
0 0.8509615384615384 0.6802884615384616 0.08653846153846154 0.1201923076923077
0 0.9026442307692307 0.6538461538461539 0.052884615384615384 0.09134615384615384
0 0.9002403846153846 0.5372596153846154 0.057692307692307696 0.1201923076923077
0 0.8665865384615384 0.5877403846153846 0.04807692307692308 0.0625
0 0.9855769230769231 0.7932692307692307 0.02403846153846154 0.12980769230769232
0 0.6310096153846154 0.9771634615384616 0.06009615384615385 0.040865384615384616
0 0.5324519230769231 0.9387019230769231 0.0625 0.057692307692307696
0 0.8161057692307693 0.9831730769230769 0.06971153846153846 0.028846153846153848
0 0.08653846153846154 0.33653846153846156 0.0673076923076923 0.0673076923076923
0 0.054086538461538464 0.38341346153846156 0.08653846153846154 0.07932692307692307
0 0.05048076923076923 0.44471153846153844 0.057692307692307696 0.04326923076923077
0 0.15985576923076922 0.36538461538461536 0.057692307692307696 0.07451923076923077
0 0.11658653846153846 0.4182692307692308 0.0673076923076923 0.07451923076923077
0 0.11899038461538461 0.4579326923076923 0.057692307692307696 0.057692307692307696
0 0.18028846153846154 0.44471153846153844 0.07692307692307693 0.10576923076923077
0 0.21995192307692307 0.3701923076923077 0.0625 0.0625
0 0.234375 0.42908653846153844 0.03365384615384615 0.052884615384615384
0 0.2692307692307692 0.3918269230769231 0.040865384615384616 0.08413461538461539
0 0.33052884615384615 0.4338942307692308 0.09615384615384616 0.09615384615384616
0 0.36658653846153844 0.49759615384615385 0.11538461538461539 0.13701923076923078
0 0.28966346153846156 0.46875 0.08173076923076923 0.0673076923076923
0 0.234375 0.5024038461538461 0.0625 0.09615384615384616
0 0.17427884615384615 0.5348557692307693 0.0625 0.10576923076923077
0 0.12620192307692307 0.5264423076923077 0.040865384615384616 0.0673076923076923
0 0.07932692307692307 0.4891826923076923 0.04567307692307692 0.07932692307692307
0 0.04927884615384615 0.5048076923076923 0.028846153846153848 0.07932692307692307
0 0.057692307692307696 0.5925480769230769 0.04807692307692308 0.09615384615384616
0 0.09254807692307693 0.5877403846153846 0.0625 0.13701923076923078
0 0.140625 0.6165865384615384 0.0625 0.11057692307692307
0 0.1935096153846154 0.6346153846153846 0.04807692307692308 0.0625
0 0.21634615384615385 0.5925480769230769 0.04807692307692308 0.10576923076923077
0 0.26322115384615385 0.5949519230769231 0.04567307692307692 0.10096153846153846
0 0.30288461538461536 0.5348557692307693 0.04807692307692308 0.052884615384615384
0 0.3137019230769231 0.6057692307692307 0.07932692307692307 0.10096153846153846
0 0.3942307692307692 0.6274038461538461 0.09134615384615384 0.1201923076923077
0 0.4423076923076923 0.5372596153846154 0.0625 0.10096153846153846
0 0.49038461538461536 0.6057692307692307 0.10096153846153846 0.11057692307692307
0 0.5408653846153846 0.5180288461538461 0.08173076923076923 0.18990384615384615
0 0.4723557692307692 0.7007211538461539 0.11538461538461539 0.11057692307692307
0 0.4170673076923077 0.7463942307692307 0.09134615384615384 0.12740384615384615
0 0.3858173076923077 0.7884615384615384 0.057692307692307696 0.0625
0 0.3401442307692308 0.7620192307692307 0.11057692307692307 0.12740384615384615
0 0.34975961538461536 0.6634615384615384 0.04567307692307692 0.057692307692307696
0 0.2932692307692308 0.6935096153846154 0.09615384615384616 0.08413461538461539
0 0.26322115384615385 0.7644230769230769 0.07692307692307693 0.10096153846153846
0 0.22596153846153846 0.7007211538461539 0.0673076923076923 0.10096153846153846
0 0.17427884615384615 0.7139423076923077 0.03365384615384615 0.09615384615384616
0 0.140625 0.703125 0.057692307692307696 0.08413461538461539
0 0.09014423076923077 0.703125 0.0673076923076923 0.09615384615384616
0 0.06009615384615385 0.7379807692307693 0.06009615384615385 0.0673076923076923
0 0.02403846153846154 0.7800480769230769 0.040865384615384616 0.07932692307692307
0 0.02403846153846154 0.7163461538461539 0.040865384615384616 0.038461538461538464
0 0.026442307692307692 0.6634615384615384 0.04567307692307692 0.057692307692307696
0 0.020432692307692308 0.5901442307692307 0.03365384615384615 0.09134615384615384
0 0.016826923076923076 0.5024038461538461 0.026442307692307692 0.052884615384615384
0 0.04927884615384615 0.9495192307692307 0.0673076923076923 0.07932692307692307
0 0.07692307692307693 0.9615384615384616 0.0625 0.07211538461538461
0 0.14903846153846154 0.9591346153846154 0.09615384615384616 0.07692307692307693
0 0.21754807692307693 0.9591346153846154 0.0889423076923077 0.07692307692307693
0 0.28966346153846156 0.9495192307692307 0.07692307692307693 0.07932692307692307
0 0.23677884615384615 0.9026442307692307 0.08173076923076923 0.09134615384615384
0 0.1935096153846154 0.8786057692307693 0.0625 0.08413461538461539
0 0.3076923076923077 0.8810096153846154 0.07692307692307693 0.09134615384615384
0 0.3798076923076923 0.9615384615384616 0.07692307692307693 0.07211538461538461
0 0.359375 0.9206730769230769 0.057692307692307696 0.08413461538461539
0 0.41947115384615385 0.8701923076923077 0.08653846153846154 0.13221153846153846
0 0.47596153846153844 0.859375 0.04807692307692308 0.057692307692307696
0 0.48677884615384615 0.7932692307692307 0.07932692307692307 0.09615384615384616
0 0.3629807692307692 0.8545673076923077 0.057692307692307696 0.04807692307692308
0 0.25721153846153844 0.8461538461538461 0.0625 0.08413461538461539
0 0.15985576923076922 0.8329326923076923 0.057692307692307696 0.09134615384615384
0 0.1658653846153846 0.7704326923076923 0.052884615384615384 0.04807692307692308
0 0.21394230769230768 0.7908653846153846 0.04567307692307692 0.07932692307692307
0 0.057692307692307696 0.8197115384615384 0.04807692307692308 0.08413461538461539
0 0.109375 0.7932692307692307 0.06009615384615385 0.07451923076923077
0 0.09014423076923077 0.8762019230769231 0.038461538461538464 0.057692307692307696
1 0.30288461538461536 0.22235576923076922 0.47596153846153844 0.16826923076923078
1 0.03365384615384615 0.3125 0.052884615384615384 0.04326923076923077
1 0.46274038461538464 0.36778846153846156 0.1658653846153846 0.1201923076923077
1 0.33653846153846156 0.35216346153846156 0.07932692307692307 0.07932692307692307
1 0.2608173076923077 0.328125 0.07211538461538461 0.04326923076923077
1 0.1935096153846154 0.3173076923076923 0.0625 0.021634615384615384
1 0.14903846153846154 0.3125 0.026442307692307692 0.009615384615384616
1 0.484375 0.47596153846153844 0.028846153846153848 0.10576923076923077
1 0.4495192307692308 0.4579326923076923 0.040865384615384616 0.057692307692307696
1 0.41346153846153844 0.4423076923076923 0.028846153846153848 0.014423076923076924
1 0.5096153846153846 0.4423076923076923 0.019230769230769232 0.026442307692307692