0 0.171875 0.8305288461538461 0.3317307692307692 0.23076923076923078
0 0.3389423076923077 0.8221153846153846 0.5360576923076923 0.3485576923076923
0 0.49158653846153844 0.9290865384615384 0.7115384615384616 0.1346153846153846
0 0.8137019230769231 0.7872596153846154 0.28365384615384615 0.18509615384615385
0 0.9038461538461539 0.9182692307692307 0.18028846153846154 0.15625
0 0.9627403846153846 0.8341346153846154 0.06971153846153846 0.12980769230769232
0 0.5168269230769231 0.8617788461538461 0.3125 0.16826923076923078
0 0.28966346153846156 0.9266826923076923 0.16346153846153846 0.11057692307692307
0 0.6069711538461539 0.6286057692307693 0.2403846153846154 0.1971153846153846
0 0.7295673076923077 0.578125 0.24519230769230768 0.21875
0 0.9278846153846154 0.5685096153846154 0.13942307692307693 0.15625
0 0.9194711538461539 0.6310096153846154 0.15625 0.10817307692307693
0 0.9723557692307693 0.7403846153846154 0.052884615384615384 0.0673076923076923
0 0.33052884615384615 0.6165865384615384 0.37740384615384615 0.25
0 0.15865384615384615 0.5805288461538461 0.3076923076923077 0.3317307692307692
0 0.030048076923076924 0.5889423076923077 0.04807692307692308 0.18269230769230768
0 0.12860576923076922 0.36177884615384615 0.16826923076923078 0.1201923076923077
0 0.28125 0.34134615384615385 0.27884615384615385 0.16826923076923078
0 0.39903846153846156 0.47115384615384615 0.1201923076923077 0.10576923076923077
0 0.6069711538461539 0.3762019230769231 0.38221153846153844 0.25961538461538464
0 0.8581730769230769 0.44350961538461536 0.25 0.1875
0 0.9543269230769231 0.3581730769230769 0.08653846153846154 0.27403846153846156
0 0.953125 0.15264423076923078 0.09134615384615384 0.12980769230769232
0 0.8365384615384616 0.12740384615384615 0.20673076923076922 0.057692307692307696
0 0.8581730769230769 0.22716346153846154 0.23076923076923078 0.18509615384615385
0 0.6418269230769231 0.20673076923076922 0.5961538461538461 0.2980769230769231
0 0.6310096153846154 0.06610576923076923 0.29086538461538464 0.13221153846153846
0 0.828125 0.12740384615384615 0.15865384615384615 0.057692307692307696
0 0.45072115384615385 0.09495192307692307 0.3317307692307692 0.1875
0 0.2704326923076923 0.18509615384615385 0.27884615384615385 0.18269230769230768
0 0.07932692307692307 0.2536057692307692 0.14903846153846154 0.5072115384615384
0 0.32211538461538464 0.051682692307692304 0.38461538461538464 0.10336538461538461
0 0.8918269230769231 0.052884615384615384 0.21153846153846154 0.10576923076923077
0 0.7463942307692307 0.027644230769230768 0.14903846153846154 0.052884615384615384
0 0.5012019230769231 0.5 0.9927884615384616 1