0 0.25 0.796875 0.3557692307692308 0.27403846153846156
0 0.48677884615384615 0.7716346153846154 0.20192307692307693 0.18509615384615385
0 0.6286057692307693 0.8762019230769231 0.21634615384615385 0.1778846153846154
0 0.6081730769230769 0.7139423076923077 0.18509615384615385 0.15384615384615385
0 0.36899038461538464 0.5889423076923077 0.2932692307692308 0.22115384615384615
0 0.41225961538461536 0.3918269230769231 0.27884615384615385 0.1971153846153846
0 0.5360576923076923 0.5420673076923077 0.16346153846153846 0.18269230769230768
0 0.6670673076923077 0.5661057692307693 0.17067307692307693 0.14903846153846154
0 0.6213942307692307 0.4230769230769231 0.15865384615384615 0.15865384615384615
0 0.7247596153846154 0.4362980769230769 0.09615384615384616 0.12980769230769232
0 0.5228365384615384 0.2668269230769231 0.19230769230769232 0.16346153846153846
0 0.3737980769230769 0.171875 0.30288461538461536 0.22115384615384615
0 0.734375 0.3125 0.13942307692307693 0.12980769230769232
0 0.6598557692307693 0.2668269230769231 0.16346153846153846 0.1778846153846154
0 0.7271634615384616 0.16826923076923078 0.18509615384615385 0.15865384615384615
0 0.5252403846153846 0.0985576923076923 0.22596153846153846 0.1875
1 0.11538461538461539 0.33413461538461536 0.22115384615384615 0.6682692307692307
1 0.040865384615384616 0.7764423076923077 0.07211538461538461 0.23076923076923078
1 0.32211538461538464 0.03125 0.20192307692307693 0.0625
1 0.25721153846153844 0.06971153846153846 0.052884615384615384 0.02403846153846154
1 0.23677884615384615 0.09014423076923077 0.03125 0.03365384615384615
1 0.22956730769230768 0.3858173076923077 0.08653846153846154 0.24759615384615385
1 0.7211538461538461 0.04447115384615385 0.21634615384615385 0.0889423076923077
1 0.45072115384615385 0.8882211538461539 0.13942307692307693 0.052884615384615384