0 0.9254807692307693 0.057692307692307696 0.14182692307692307 0.10336538461538461
0 0.9675480769230769 0.09615384615384616 0.057692307692307696 0.18028846153846154
0 0.9471153846153846 0.28966346153846156 0.0985576923076923 0.21875
0 0.9194711538461539 0.4074519230769231 0.11538461538461539 0.15865384615384615
0 0.9867788461538461 0.4206730769230769 0.019230769230769232 0.052884615384615384
0 0.96875 0.5408653846153846 0.052884615384615384 0.1875
0 0.9290865384615384 0.6826923076923077 0.10576923076923077 0.1875
0 0.9795673076923077 0.6911057692307693 0.03365384615384615 0.13701923076923078
0 0.9603365384615384 0.8365384615384616 0.07211538461538461 0.17307692307692307
0 0.8689903846153846 0.8882211538461539 0.11057692307692307 0.15865384615384615
0 0.8954326923076923 0.96875 0.12740384615384615 0.057692307692307696
0 0.9795673076923077 0.9543269230769231 0.040865384615384616 0.08653846153846154
0 0.7608173076923077 0.9242788461538461 0.15625 0.1466346153846154
0 0.7524038461538461 0.7512019230769231 0.11057692307692307 0.21153846153846154
0 0.6875 0.6694711538461539 0.07211538461538461 0.11538461538461539
0 0.7307692307692307 0.5540865384615384 0.10096153846153846 0.17067307692307693
0 0.7848557692307693 0.4375 0.12980769230769232 0.14182692307692307
0 0.8269230769230769 0.5901442307692307 0.11298076923076923 0.15384615384615385
0 0.8545673076923077 0.7596153846153846 0.12980769230769232 0.17307692307692307
0 0.8786057692307693 0.5084134615384616 0.09134615384615384 0.1201923076923077
0 0.8365384615384616 0.2403846153846154 0.12980769230769232 0.21875
0 0.8293269230769231 0.1141826923076923 0.15865384615384615 0.16346153846153846
0 0.8125 0.021634615384615384 0.09134615384615384 0.03365384615384615
0 0.7067307692307693 0.08173076923076923 0.12740384615384615 0.15384615384615385
0 0.6887019230769231 0.23197115384615385 0.1201923076923077 0.14903846153846154
0 0.734375 0.32211538461538464 0.13942307692307693 0.1971153846153846
0 0.6358173076923077 0.43990384615384615 0.15384615384615385 0.21153846153846154
0 0.6418269230769231 0.3137019230769231 0.0625 0.07211538461538461
0 0.6069711538461539 0.6177884615384616 0.125 0.20673076923076922
0 0.6177884615384616 0.828125 0.125 0.18028846153846154
0 0.6117788461538461 0.9543269230769231 0.14182692307692307 0.08653846153846154
0 0.5168269230769231 0.8413461538461539 0.11057692307692307 0.12980769230769232
0 0.5384615384615384 0.9507211538461539 0.07211538461538461 0.08653846153846154
0 0.5168269230769231 0.7103365384615384 0.11057692307692307 0.15384615384615385
0 0.53125 0.5901442307692307 0.057692307692307696 0.08653846153846154
0 0.4387019230769231 0.5793269230769231 0.12740384615384615 0.20673076923076922
0 0.5324519230769231 0.5 0.07692307692307693 0.15865384615384615
0 0.5204326923076923 0.40384615384615385 0.09615384615384616 0.14182692307692307
0 0.5673076923076923 0.2536057692307692 0.125 0.22355769230769232
0 0.5252403846153846 0.1502403846153846 0.1346153846153846 0.21153846153846154
0 0.5709134615384616 0.054086538461538464 0.13221153846153846 0.0985576923076923
0 0.47596153846153844 0.030048076923076924 0.07211538461538461 0.04807692307692308
0 0.3870192307692308 0.09014423076923077 0.1346153846153846 0.16826923076923078
0 0.3798076923076923 0.1971153846153846 0.0985576923076923 0.11057692307692307
0 0.41947115384615385 0.22716346153846154 0.08413461538461539 0.14903846153846154
0 0.44711538461538464 0.2920673076923077 0.125 0.15865384615384615
0 0.4074519230769231 0.43149038461538464 0.11538461538461539 0.15384615384615385
0 0.3449519230769231 0.5817307692307693 0.07211538461538461 0.15865384615384615
0 0.4014423076923077 0.7403846153846154 0.11298076923076923 0.18028846153846154
0 0.43990384615384615 0.9014423076923077 0.11538461538461539 0.17307692307692307
0 0.4579326923076923 0.9771634615384616 0.11298076923076923 0.040865384615384616
0 0.36177884615384615 0.8882211538461539 0.052884615384615384 0.125
0 0.29086538461538464 0.7680288461538461 0.13942307692307693 0.19230769230769232
0 0.296875 0.9074519230769231 0.0985576923076923 0.11057692307692307
0 0.30288461538461536 0.9579326923076923 0.1346153846153846 0.07932692307692307
0 0.16706730769230768 0.9350961538461539 0.1466346153846154 0.125
0 0.15264423076923078 0.8197115384615384 0.10096153846153846 0.14182692307692307
0 0.20552884615384615 0.6778846153846154 0.1346153846153846 0.1875
0 0.12379807692307693 0.6610576923076923 0.11057692307692307 0.18509615384615385
0 0.18509615384615385 0.5360576923076923 0.08173076923076923 0.11057692307692307
0 0.25961538461538464 0.5024038461538461 0.14903846153846154 0.1875
0 0.3329326923076923 0.3557692307692308 0.10576923076923077 0.1971153846153846
0 0.265625 0.2956730769230769 0.1466346153846154 0.1971153846153846
0 0.27283653846153844 0.13341346153846154 0.125 0.14903846153846154
0 0.3112980769230769 0.04326923076923077 0.0625 0.07692307692307693
0 0.22355769230769232 0.038461538461538464 0.12740384615384615 0.0673076923076923
0 0.18870192307692307 0.09615384615384616 0.07451923076923077 0.07211538461538461
0 0.14182692307692307 0.22115384615384615 0.14423076923076922 0.18028846153846154
0 0.09254807692307693 0.10336538461538461 0.11298076923076923 0.15384615384615385
0 0.020432692307692308 0.09615384615384616 0.040865384615384616 0.18028846153846154
0 0.02283653846153846 0.23197115384615385 0.040865384615384616 0.08413461538461539
0 0.0733173076923077 0.28725961538461536 0.07451923076923077 0.15865384615384615
0 0.12139423076923077 0.3389423076923077 0.06971153846153846 0.0673076923076923
0 0.19110576923076922 0.39302884615384615 0.12740384615384615 0.16346153846153846
0 0.08173076923076923 0.4567307692307692 0.1346153846153846 0.15865384615384615
0 0.03485576923076923 0.33653846153846156 0.06971153846153846 0.10336538461538461
0 0.019230769230769232 0.4639423076923077 0.03365384615384615 0.15384615384615385
0 0.0889423076923077 0.5793269230769231 0.08413461538461539 0.08653846153846154
0 0.027644230769230768 0.5793269230769231 0.055288461538461536 0.1201923076923077
0 0.052884615384615384 0.6802884615384616 0.08413461538461539 0.15865384615384615
0 0.0673076923076923 0.8064903846153846 0.0673076923076923 0.07211538461538461
0 0.015625 0.7704326923076923 0.026442307692307692 0.07932692307692307
0 0.01201923076923077 0.6826923076923077 0.019230769230769232 0.11057692307692307
0 0.051682692307692304 0.9158653846153846 0.0985576923076923 0.16346153846153846
0 0.5012019230769231 0.5 0.9975961538461539 0.9951923076923077