0 0.11899038461538461 0.11899038461538461 0.23076923076923078 0.2283653846153846
0 0.2403846153846154 0.1346153846153846 0.19951923076923078 0.25961538461538464
0 0.296875 0.1778846153846154 0.17307692307692307 0.21153846153846154
0 0.1875 0.40625 0.17307692307692307 0.2932692307692308
0 0.09375 0.38822115384615385 0.18028846153846154 0.34134615384615385
0 0.07211538461538461 0.6959134615384616 0.13701923076923078 0.30288461538461536
0 0.027644230769230768 0.8653846153846154 0.04807692307692308 0.04567307692307692
0 0.046875 0.9411057692307693 0.04807692307692308 0.10576923076923077
0 0.013221153846153846 0.9362980769230769 0.019230769230769232 0.11538461538461539
0 0.03485576923076923 0.9939903846153846 0.06490384615384616 0.007211538461538462
0 0.18990384615384615 0.6069711538461539 0.1201923076923077 0.16826923076923078
0 0.34375 0.3329326923076923 0.15625 0.11538461538461539
0 0.47836538461538464 0.4266826923076923 0.23798076923076922 0.27403846153846156
0 0.33052884615384615 0.5324519230769231 0.19230769230769232 0.27403846153846156
0 0.2536057692307692 0.6298076923076923 0.04807692307692308 0.028846153846153848
0 0.453125 0.5841346153846154 0.10096153846153846 0.07211538461538461
0 0.5132211538461539 0.2439903846153846 0.18269230769230768 0.10096153846153846
0 0.5961538461538461 0.2536057692307692 0.09134615384615384 0.13221153846153846
0 0.8677884615384616 0.13221153846153846 0.08653846153846154 0.1201923076923077
0 0.796875 0.05889423076923077 0.10096153846153846 0.10576923076923077
0 0.8942307692307693 0.05048076923076923 0.11057692307692307 0.09134615384615384
0 0.9651442307692307 0.16706730769230768 0.06490384615384616 0.08413461538461539
0 0.9651442307692307 0.23918269230769232 0.06490384615384616 0.10336538461538461
0 0.9122596153846154 0.20793269230769232 0.04326923076923077 0.08173076923076923
0 0.6875 0.32211538461538464 0.13221153846153846 0.11538461538461539
0 0.5973557692307693 0.3557692307692308 0.055288461538461536 0.0625
0 0.6442307692307693 0.4723557692307692 0.13942307692307693 0.18269230769230768
0 0.59375 0.5913461538461539 0.125 0.1466346153846154
0 0.5504807692307693 0.6189903846153846 0.11778846153846154 0.14182692307692307
0 0.41586538461538464 0.6670673076923077 0.1201923076923077 0.12740384615384615
0 0.6850961538461539 0.578125 0.09615384615384616 0.13221153846153846
0 0.75 0.45913461538461536 0.0625 0.11538461538461539
0 0.6995192307692307 0.4675480769230769 0.09375 0.16346153846153846
0 0.7475961538461539 0.3449519230769231 0.09134615384615384 0.09134615384615384
0 0.7884615384615384 0.3473557692307692 0.04807692307692308 0.055288461538461536
0 0.5913461538461539 0.6754807692307693 0.08173076923076923 0.0625
0 0.48677884615384615 0.6141826923076923 0.019230769230769232 0.019230769230769232
0 0.6838942307692307 0.6574519230769231 0.10096153846153846 0.055288461538461536
0 0.7836538461538461 0.5961538461538461 0.10576923076923077 0.11538461538461539
0 0.8004807692307693 0.47475961538461536 0.13221153846153846 0.12740384615384615
0 0.8401442307692307 0.39302884615384615 0.10096153846153846 0.036057692307692304
0 0.24759615384615385 0.7896634615384616 0.057692307692307696 0.08653846153846154
0 0.20072115384615385 0.78125 0.05048076923076923 0.10096153846153846
0 0.16826923076923078 0.8197115384615384 0.06971153846153846 0.10576923076923077
0 0.13221153846153846 0.9362980769230769 0.06971153846153846 0.10576923076923077
0 0.10817307692307693 0.9903846153846154 0.038461538461538464 0.014423076923076924
0 0.17427884615384615 0.9759615384615384 0.09375 0.04326923076923077
0 0.21634615384615385 0.8930288461538461 0.09615384615384616 0.1201923076923077
0 0.2704326923076923 0.9603365384615384 0.10336538461538461 0.07451923076923077
0 0.27524038461538464 0.8786057692307693 0.04326923076923077 0.10096153846153846
0 0.8774038461538461 0.5228365384615384 0.10576923076923077 0.09134615384615384
0 0.9182692307692307 0.5276442307692307 0.09375 0.1201923076923077
0 0.953125 0.42908653846153844 0.04807692307692308 0.055288461538461536
0 0.9002403846153846 0.4362980769230769 0.08173076923076923 0.0625
0 0.8365384615384616 0.6526442307692307 0.125 0.11538461538461539
0 0.8653846153846154 0.7151442307692307 0.07451923076923077 0.05048076923076923
0 0.9254807692307693 0.6418269230769231 0.07692307692307693 0.10576923076923077
0 0.9579326923076923 0.5384615384615384 0.07932692307692307 0.11538461538461539
0 0.9735576923076923 0.4495192307692308 0.04807692307692308 0.057692307692307696
0 0.9819711538461539 0.6237980769230769 0.03365384615384615 0.07211538461538461
0 0.5625 0.78125 0.09375 0.1201923076923077
0 0.3557692307692308 0.78125 0.08653846153846154 0.1201923076923077
0 0.41947115384615385 0.8677884615384616 0.13701923076923078 0.15384615384615385
0 0.328125 0.9134615384615384 0.0625 0.10096153846153846
0 0.38221153846153844 0.9711538461538461 0.11538461538461539 0.052884615384615384
0 0.49158653846153844 0.9603365384615384 0.10817307692307693 0.07451923076923077
0 0.5288461538461539 0.8810096153846154 0.09615384615384616 0.10576923076923077
0 0.5588942307692307 0.7788461538461539 0.09375 0.12740384615384615
0 0.5072115384615384 0.7307692307692307 0.038461538461538464 0.0625
0 0.48677884615384615 0.8221153846153846 0.03365384615384615 0.0625
0 0.6586538461538461 0.7944711538461539 0.07451923076923077 0.0673076923076923
0 0.6310096153846154 0.7307692307692307 0.03365384615384615 0.09134615384615384
0 0.6694711538461539 0.7079326923076923 0.0673076923076923 0.055288461538461536
0 0.6322115384615384 0.8653846153846154 0.09375 0.08653846153846154
0 0.5973557692307693 0.9603365384615384 0.0889423076923077 0.07451923076923077
0 0.7620192307692307 0.6899038461538461 0.04807692307692308 0.07211538461538461
0 0.7163461538461539 0.7079326923076923 0.03365384615384615 0.055288461538461536
0 0.7463942307692307 0.7584134615384616 0.055288461538461536 0.0673076923076923
0 0.8004807692307693 0.7512019230769231 0.055288461538461536 0.08173076923076923
0 0.78125 0.8173076923076923 0.0625 0.0625
0 0.7223557692307693 0.8497596153846154 0.06971153846153846 0.07692307692307693
0 0.7115384615384616 0.90625 0.038461538461538464 0.055288461538461536
0 0.6622596153846154 0.9314903846153846 0.05048076923076923 0.0673076923076923
0 0.7692307692307693 0.890625 0.04807692307692308 0.07692307692307693