0 0.030048076923076924 0.16706730769230768 0.055288461538461536 0.12980769230769232
0 0.04807692307692308 0.09134615384615384 0.04326923076923077 0.0889423076923077
0 0.0889423076923077 0.0985576923076923 0.038461538461538464 0.0889423076923077
0 0.09615384615384616 0.18389423076923078 0.06971153846153846 0.1346153846153846
0 0.06009615384615385 0.24519230769230768 0.05048076923076923 0.11057692307692307
0 0.019230769230769232 0.2956730769230769 0.03365384615384615 0.12980769230769232
0 0.055288461538461536 0.33052884615384615 0.06009615384615385 0.10096153846153846
0 0.019230769230769232 0.4387019230769231 0.03365384615384615 0.14423076923076922
0 0.046875 0.4050480769230769 0.04807692307692308 0.0889423076923077
0 0.09615384615384616 0.4254807692307692 0.06490384615384616 0.12980769230769232
0 0.0625 0.5 0.04326923076923077 0.12980769230769232
0 0.11057692307692307 0.30649038461538464 0.052884615384615384 0.11057692307692307
0 0.16466346153846154 0.109375 0.026442307692307692 0.0673076923076923
0 0.15745192307692307 0.078125 0.02403846153846154 0.03365384615384615
0 0.1346153846153846 0.05048076923076923 0.02403846153846154 0.07451923076923077
0 0.15985576923076922 0.030048076923076924 0.028846153846153848 0.04807692307692308
0 0.15504807692307693 0.16706730769230768 0.028846153846153848 0.0625
0 0.15985576923076922 0.234375 0.019230769230769232 0.0625
0 0.1875 0.2620192307692308 0.03365384615384615 0.0625
0 0.17668269230769232 0.2283653846153846 0.019230769230769232 0.03365384615384615
0 0.18509615384615385 0.20072115384615385 0.03365384615384615 0.0625
0 0.19591346153846154 0.15264423076923078 0.040865384615384616 0.07451923076923077
0 0.19230769230769232 0.09134615384615384 0.019230769230769232 0.0625
0 0.18269230769230768 0.04447115384615385 0.026442307692307692 0.0625
0 0.1875 0.020432692307692308 0.026442307692307692 0.028846153846153848
0 0.22596153846153846 0.27163461538461536 0.038461538461538464 0.040865384615384616
0 0.24519230769230768 0.21394230769230768 0.02403846153846154 0.10096153846153846
0 0.2247596153846154 0.1935096153846154 0.040865384615384616 0.0889423076923077
0 0.2668269230769231 0.2548076923076923 0.03365384615384615 0.0889423076923077
0 0.2848557692307692 0.1935096153846154 0.04326923076923077 0.04807692307692308
0 0.25600961538461536 0.12980769230769232 0.02403846153846154 0.08173076923076923
0 0.23798076923076922 0.12620192307692307 0.03365384615384615 0.07451923076923077
0 0.2824519230769231 0.10576923076923077 0.02403846153846154 0.0625
0 0.2920673076923077 0.15264423076923078 0.019230769230769232 0.03365384615384615
0 0.30288461538461536 0.12980769230769232 0.021634615384615384 0.0673076923076923
0 0.3088942307692308 0.07091346153846154 0.019230769230769232 0.0625
0 0.28725961538461536 0.040865384615384616 0.026442307692307692 0.0673076923076923
0 0.25600961538461536 0.030048076923076924 0.028846153846153848 0.04807692307692308
0 0.22596153846153846 0.054086538461538464 0.038461538461538464 0.09615384615384616
0 0.30408653846153844 0.020432692307692308 0.019230769230769232 0.028846153846153848
0 0.3786057692307692 0.06490384615384616 0.052884615384615384 0.0889423076923077
0 0.36778846153846156 0.18028846153846154 0.040865384615384616 0.11538461538461539
0 0.35336538461538464 0.14302884615384615 0.03365384615384615 0.09615384615384616
0 0.33533653846153844 0.23798076923076922 0.028846153846153848 0.09615384615384616
0 0.3233173076923077 0.3329326923076923 0.02403846153846154 0.09615384615384616
0 0.3557692307692308 0.3125 0.04807692307692308 0.08173076923076923
0 0.36538461538461536 0.24879807692307693 0.038461538461538464 0.0889423076923077
0 0.39903846153846156 0.23798076923076922 0.040865384615384616 0.11057692307692307
0 0.39903846153846156 0.1502403846153846 0.028846153846153848 0.08173076923076923
0 0.4182692307692308 0.07451923076923077 0.03365384615384615 0.0673076923076923
0 0.44591346153846156 0.054086538461538464 0.04807692307692308 0.09615384615384616
0 0.4050480769230769 0.030048076923076924 0.028846153846153848 0.019230769230769232
0 0.4567307692307692 0.5649038461538461 0.038461538461538464 0.09615384615384616
0 0.4951923076923077 0.5132211538461539 0.028846153846153848 0.0889423076923077
0 0.4579326923076923 0.5072115384615384 0.03365384615384615 0.0625
0 0.4795673076923077 0.46634615384615385 0.038461538461538464 0.07451923076923077
0 0.43028846153846156 0.5480769230769231 0.026442307692307692 0.07451923076923077
0 0.40625 0.5408653846153846 0.026442307692307692 0.07451923076923077
0 0.3786057692307692 0.5036057692307693 0.028846153846153848 0.0673076923076923
0 0.3581730769230769 0.47596153846153844 0.028846153846153848 0.052884615384615384
0 0.3485576923076923 0.42908653846153844 0.04807692307692308 0.08173076923076923
0 0.33052884615384615 0.3942307692307692 0.03365384615384615 0.0673076923076923
0 0.3713942307692308 0.3701923076923077 0.03365384615384615 0.0625
0 0.375 0.43149038461538464 0.026442307692307692 0.0625
0 0.39903846153846156 0.4723557692307692 0.040865384615384616 0.10096153846153846
0 0.4050480769230769 0.3942307692307692 0.03365384615384615 0.08173076923076923
0 0.4098557692307692 0.3329326923076923 0.03365384615384615 0.08173076923076923
0 0.4375 0.27884615384615385 0.03365384615384615 0.0673076923076923
0 0.453125 0.20072115384615385 0.038461538461538464 0.0889423076923077
0 0.42908653846153844 0.1466346153846154 0.028846153846153848 0.0625
0 0.4543269230769231 0.11899038461538461 0.040865384615384616 0.0889423076923077
0 0.4807692307692308 0.11538461538461539 0.02403846153846154 0.08173076923076923
0 0.484375 0.20432692307692307 0.02403846153846154 0.08173076923076923
0 0.4879807692307692 0.28966346153846156 0.026442307692307692 0.07451923076923077
0 0.4639423076923077 0.27884615384615385 0.02403846153846154 0.08173076923076923
0 0.44350961538461536 0.34375 0.03365384615384615 0.07451923076923077
0 0.4362980769230769 0.42908653846153844 0.04326923076923077 0.1346153846153846
0 0.47115384615384615 0.38461538461538464 0.03365384615384615 0.12980769230769232
0 0.5060096153846154 0.3737980769230769 0.03365384615384615 0.09615384615384616
0 0.4951923076923077 0.4254807692307692 0.02403846153846154 0.04807692307692308
0 0.5180288461538461 0.054086538461538464 0.0625 0.09615384615384616
0 0.3004807692307692 0.6598557692307693 0.052884615384615384 0.1346153846153846
0 0.3473557692307692 0.6057692307692307 0.052884615384615384 0.12259615384615384
0 0.35096153846153844 0.7079326923076923 0.038461538461538464 0.09615384615384616
0 0.3245192307692308 0.8641826923076923 0.055288461538461536 0.12259615384615384
0 0.3581730769230769 0.7920673076923077 0.040865384615384616 0.0889423076923077
0 0.3954326923076923 0.7379807692307693 0.05048076923076923 0.12980769230769232
0 0.3858173076923077 0.6394230769230769 0.04326923076923077 0.052884615384615384
0 0.18389423076923078 0.4963942307692308 0.09375 0.16346153846153846
0 0.16947115384615385 0.3942307692307692 0.06971153846153846 0.16346153846153846
0 0.24879807692307693 0.390625 0.10817307692307693 0.12980769230769232
0 0.27163461538461536 0.5096153846153846 0.08653846153846154 0.14903846153846154
0 0.2127403846153846 0.609375 0.052884615384615384 0.11538461538461539
0 0.25240384615384615 0.6262019230769231 0.038461538461538464 0.14903846153846154
0 0.14543269230769232 0.7692307692307693 0.028846153846153848 0.09615384615384616
0 0.18990384615384615 0.7824519230769231 0.0625 0.09615384615384616
0 0.20793269230769232 0.7139423076923077 0.08413461538461539 0.09615384615384616
0 0.17067307692307693 0.8882211538461539 0.03365384615384615 0.12980769230769232
0 0.19230769230769232 0.8473557692307693 0.03365384615384615 0.0889423076923077
0 0.14182692307692307 0.9014423076923077 0.026442307692307692 0.04807692307692308
0 0.1466346153846154 0.8533653846153846 0.014423076923076924 0.0625
0 0.125 0.8197115384615384 0.036057692307692304 0.07451923076923077
0 0.23076923076923078 0.8161057692307693 0.04807692307692308 0.09615384615384616
0 0.22716346153846154 0.8834134615384616 0.08413461538461539 0.2283653846153846
0 0.21995192307692307 0.8798076923076923 0.12259615384615384 0.23557692307692307
0 0.16466346153846154 0.9615384615384616 0.040865384615384616 0.07211538461538461
0 0.12620192307692307 0.9615384615384616 0.05048076923076923 0.07211538461538461
0 0.24759615384615385 0.9350961538461539 0.06490384615384616 0.11538461538461539
0 0.2536057692307692 0.9086538461538461 0.036057692307692304 0.07451923076923077
0 0.29447115384615385 0.9675480769230769 0.03125 0.06009615384615385
0 0.32091346153846156 0.9639423076923077 0.10817307692307693 0.0673076923076923
0 0.35096153846153844 0.9146634615384616 0.038461538461538464 0.0889423076923077
0 0.3786057692307692 0.8846153846153846 0.052884615384615384 0.12259615384615384
0 0.4266826923076923 0.8533653846153846 0.04807692307692308 0.11538461538461539
0 0.4519230769230769 0.7752403846153846 0.052884615384615384 0.11057692307692307
0 0.4170673076923077 0.7860576923076923 0.02403846153846154 0.04807692307692308
0 0.4411057692307692 0.6694711538461539 0.055288461538461536 0.11538461538461539
0 0.4735576923076923 0.7620192307692307 0.026442307692307692 0.09615384615384616
0 0.4675480769230769 0.9110576923076923 0.0625 0.12259615384615384
0 0.421875 0.9543269230769231 0.05048076923076923 0.08653846153846154
0 0.4651442307692308 0.9819711538461539 0.040865384615384616 0.03125
0 0.7043269230769231 0.06850961538461539 0.125 0.12259615384615384
0 0.7728365384615384 0.030048076923076924 0.03365384615384615 0.04807692307692308
0 0.7211538461538461 0.46634615384615385 0.04326923076923077 0.4831730769230769
0 0.6778846153846154 0.42908653846153844 0.055288461538461536 0.3269230769230769
0 0.6826923076923077 0.42908653846153844 0.03365384615384615 0.35336538461538464
0 0.7596153846153846 0.37740384615384615 0.04807692307692308 0.43028846153846156
0 0.7487980769230769 0.5072115384615384 0.019230769230769232 0.15625
0 0.7920673076923077 0.21754807692307693 0.04326923076923077 0.35336538461538464
0 0.8137019230769231 0.3605769230769231 0.0625 0.3942307692307692
0 0.8161057692307693 0.3401442307692308 0.03365384615384615 0.46153846153846156
0 0.8221153846153846 0.030048076923076924 0.057692307692307696 0.04807692307692308
0 0.8617788461538461 0.04447115384615385 0.038461538461538464 0.07451923076923077
0 0.8978365384615384 0.054086538461538464 0.04807692307692308 0.09615384615384616
0 0.5733173076923077 0.109375 0.03365384615384615 0.08173076923076923
0 0.578125 0.1935096153846154 0.03365384615384615 0.07451923076923077
0 0.5492788461538461 0.21033653846153846 0.038461538461538464 0.09615384615384616
0 0.6117788461538461 0.1502403846153846 0.040865384615384616 0.0673076923076923
0 0.6117788461538461 0.08173076923076923 0.040865384615384616 0.08173076923076923
0 0.6526442307692307 0.15264423076923078 0.03365384615384615 0.0889423076923077
0 0.6322115384615384 0.17668269230769232 0.028846153846153848 0.0673076923076923
0 0.6526442307692307 0.22115384615384615 0.04807692307692308 0.04807692307692308
0 0.6165865384615384 0.27163461538461536 0.038461538461538464 0.0673076923076923
0 0.6045673076923077 0.21394230769230768 0.03365384615384615 0.0625
0 0.5757211538461539 0.2824519230769231 0.04807692307692308 0.10096153846153846
0 0.5420673076923077 0.3269230769230769 0.02403846153846154 0.12259615384615384
0 0.5841346153846154 0.3737980769230769 0.038461538461538464 0.0673076923076923
0 0.6117788461538461 0.34375 0.03365384615384615 0.0889423076923077
0 0.6370192307692307 0.38100961538461536 0.019230769230769232 0.08173076923076923
0 0.6117788461538461 0.41466346153846156 0.03365384615384615 0.08173076923076923
0 0.5540865384615384 0.421875 0.040865384615384616 0.09615384615384616
0 0.5264423076923077 0.3942307692307692 0.014423076923076924 0.09615384615384616
0 0.5396634615384616 0.49038461538461536 0.040865384615384616 0.0673076923076923
0 0.5384615384615384 0.5540865384615384 0.04326923076923077 0.07451923076923077
0 0.5697115384615384 0.5276442307692307 0.026442307692307692 0.07451923076923077
0 0.5889423076923077 0.48677884615384615 0.03365384615384615 0.10096153846153846
0 0.6213942307692307 0.49038461538461536 0.028846153846153848 0.0673076923076923
0 0.9134615384615384 0.8521634615384616 0.11057692307692307 0.29086538461538464
0 0.9663461538461539 0.7944711538461539 0.0625 0.40625
0 0.828125 0.6730769230769231 0.06971153846153846 0.13701923076923078
0 0.84375 0.8329326923076923 0.055288461538461536 0.22596153846153846
0 0.8413461538461539 0.8846153846153846 0.038461538461538464 0.18990384615384615
0 0.7608173076923077 0.7692307692307693 0.06971153846153846 0.11057692307692307
0 0.7247596153846154 0.7620192307692307 0.07211538461538461 0.14903846153846154
0 0.7151442307692307 0.84375 0.04326923076923077 0.11057692307692307
0 0.7451923076923077 0.9182692307692307 0.03365384615384615 0.1346153846153846
0 0.7139423076923077 0.9387019230769231 0.028846153846153848 0.08173076923076923
0 0.6899038461538461 0.9723557692307693 0.04807692307692308 0.052884615384615384
0 0.7740384615384616 0.9314903846153846 0.026442307692307692 0.1346153846153846
0 0.8269230769230769 0.9639423076923077 0.07211538461538461 0.0673076923076923
0 0.6117788461538461 0.6899038461538461 0.057692307692307696 0.23798076923076922
0 0.5805288461538461 0.7692307692307693 0.028846153846153848 0.1778846153846154
0 0.5540865384615384 0.6670673076923077 0.02403846153846154 0.11057692307692307
0 0.5504807692307693 0.7992788461538461 0.02403846153846154 0.1971153846153846
0 0.5300480769230769 0.7716346153846154 0.040865384615384616 0.22596153846153846
0 0.4987980769230769 0.8125 0.04807692307692308 0.14423076923076922
0 0.6502403846153846 0.765625 0.08653846153846154 0.11538461538461539
0 0.6550480769230769 0.7007211538461539 0.0673076923076923 0.14903846153846154
0 0.6778846153846154 0.8701923076923077 0.055288461538461536 0.23076923076923078
0 0.5877403846153846 0.9747596153846154 0.14182692307692307 0.04567307692307692
0 0.6322115384615384 0.890625 0.040865384615384616 0.1346153846153846
0 0.6105769230769231 0.8882211538461539 0.03125 0.14423076923076922
0 0.5685096153846154 0.9182692307692307 0.04807692307692308 0.1346153846153846
0 0.8894230769230769 0.5204326923076923 0.040865384615384616 0.18269230769230768
0 0.8774038461538461 0.5745192307692307 0.019230769230769232 0.14423076923076922
0 0.8617788461538461 0.6466346153846154 0.019230769230769232 0.06971153846153846
0 0.8413461538461539 0.5853365384615384 0.0625 0.040865384615384616
0 0.9375 0.42908653846153844 0.08413461538461539 0.16346153846153846
0 0.9399038461538461 0.3942307692307692 0.019230769230769232 0.11057692307692307
0 0.9182692307692307 0.3269230769230769 0.03365384615384615 0.20432692307692307
0 0.8725961538461539 0.15264423076923078 0.07692307692307693 0.10096153846153846
0 0.8978365384615384 0.06850961538461539 0.028846153846153848 0.12259615384615384
0 0.9375 0.11177884615384616 0.038461538461538464 0.21153846153846154
0 0.9723557692307693 0.15985576923076922 0.05048076923076923 0.10336538461538461
0 0.9735576923076923 0.06129807692307692 0.04807692307692308 0.11057692307692307
0 0.9771634615384616 0.26322115384615385 0.040865384615384616 0.19951923076923078
0 0.9110576923076923 0.2956730769230769 0.10817307692307693 0.15625
0 0.875 0.4495192307692308 0.057692307692307696 0.2860576923076923
0 0.9038461538461539 0.578125 0.0985576923076923 0.23076923076923078
0 0.9543269230769231 0.4639423076923077 0.08653846153846154 0.2644230769230769