0 0.6899038461538461 0.7439903846153846 0.6153846153846154 0.43509615384615385
0 0.3858173076923077 0.5769230769230769 0.28846153846153844 0.24519230769230768
0 0.32211538461538464 0.5432692307692307 0.28365384615384615 0.25
0 0.28966346153846156 0.47475961538461536 0.3076923076923077 0.23076923076923078
0 0.26802884615384615 0.40384615384615385 0.2956730769230769 0.1971153846153846
0 0.25961538461538464 0.3161057692307692 0.27884615384615385 0.1875
0 0.2620192307692308 0.22235576923076922 0.27403846153846156 0.14423076923076922
0 0.2704326923076923 0.13822115384615385 0.28846153846153844 0.11538461538461539
0 0.28725961538461536 0.0889423076923077 0.25721153846153844 0.14182692307692307
0 0.3112980769230769 0.03125 0.20673076923076922 0.052884615384615384
0 0.42908653846153844 0.027644230769230768 0.04807692307692308 0.04807692307692308