0 0.0985576923076923 0.046875 0.1875 0.09134615384615384
0 0.23798076923076922 0.140625 0.2548076923076923 0.2764423076923077
0 0.11057692307692307 0.10817307692307693 0.21153846153846154 0.17548076923076922
0 0.054086538461538464 0.203125 0.10096153846153846 0.07692307692307693
0 0.3557692307692308 0.055288461538461536 0.1875 0.10576923076923077
0 0.2512019230769231 0.16466346153846154 0.16346153846153846 0.14423076923076922
0 0.296875 0.17548076923076922 0.3317307692307692 0.2692307692307692
0 0.19831730769230768 0.2608173076923077 0.35096153846153844 0.10817307692307693
0 0.203125 0.3173076923076923 0.32211538461538464 0.20192307692307693
0 0.22235576923076922 0.39663461538461536 0.34375 0.20673076923076922
0 0.15384615384615385 0.39903846153846156 0.13942307692307693 0.1201923076923077
0 0.1502403846153846 0.5048076923076923 0.1466346153846154 0.11298076923076923
0 0.23557692307692307 0.5072115384615384 0.24759615384615385 0.22115384615384615
0 0.44591346153846156 0.38100961538461536 0.2283653846153846 0.11298076923076923
0 0.328125 0.5180288461538461 0.3317307692307692 0.22115384615384615
0 0.27163461538461536 0.5228365384615384 0.14423076923076922 0.08653846153846154
0 0.3161057692307692 0.5877403846153846 0.13942307692307693 0.1346153846153846
0 0.33413461538461536 0.6286057692307693 0.18269230769230768 0.125
0 0.29927884615384615 0.7007211538461539 0.14903846153846154 0.1346153846153846
0 0.35336538461538464 0.6802884615384616 0.08173076923076923 0.07211538461538461
0 0.38461538461538464 0.6935096153846154 0.14423076923076922 0.18028846153846154
0 0.44591346153846156 0.6706730769230769 0.0673076923076923 0.040865384615384616
0 0.4651442307692308 0.6826923076923077 0.11057692307692307 0.04807692307692308
0 0.43990384615384615 0.7391826923076923 0.13942307692307693 0.04807692307692308
0 0.3401442307692308 0.8173076923076923 0.12980769230769232 0.0985576923076923
0 0.4230769230769231 0.796875 0.0889423076923077 0.0673076923076923
0 0.4831730769230769 0.7704326923076923 0.052884615384615384 0.014423076923076924
0 0.4362980769230769 0.8401442307692307 0.11538461538461539 0.10336538461538461
0 0.45552884615384615 0.8473557692307693 0.125 0.057692307692307696
0 0.5036057692307693 0.8040865384615384 0.05048076923076923 0.040865384615384616
0 0.6394230769230769 0.18389423076923078 0.7163461538461539 0.3629807692307692
0 0.8629807692307693 0.4879807692307692 0.2692307692307692 0.5096153846153846
0 0.7608173076923077 0.6310096153846154 0.3629807692307692 0.5721153846153846
0 0.5264423076923077 0.5024038461538461 0.25 0.13942307692307693
0 0.5420673076923077 0.6129807692307693 0.1658653846153846 0.11298076923076923
0 0.6213942307692307 0.7247596153846154 0.1778846153846154 0.3557692307692308
0 0.47716346153846156 0.9254807692307693 0.14423076923076922 0.07692307692307693
0 0.38461538461538464 0.9639423076923077 0.04326923076923077 0.03125
0 0.06610576923076923 0.9639423076923077 0.125 0.0625