0 0.6129807692307693 0.9447115384615384 0.18990384615384615 0.10336538461538461
0 0.4579326923076923 0.9447115384615384 0.12980769230769232 0.10336538461538461
0 0.31850961538461536 0.9471153846153846 0.14903846153846154 0.10096153846153846
0 0.11298076923076923 0.9399038461538461 0.21394230769230768 0.11298076923076923
0 0.06490384615384616 0.7920673076923077 0.1201923076923077 0.2692307692307692
0 0.35096153846153844 0.7403846153846154 0.16826923076923078 0.08173076923076923
0 0.2824519230769231 0.7211538461538461 0.11298076923076923 0.057692307692307696
0 0.27403846153846156 0.8028846153846154 0.1201923076923077 0.10817307692307693
0 0.25 0.8846153846153846 0.04807692307692308 0.06971153846153846
0 0.4735576923076923 0.8365384615384616 0.4110576923076923 0.19951923076923078
0 0.7055288461538461 0.9098557692307693 0.17307692307692307 0.17307692307692307
0 0.6670673076923077 0.8052884615384616 0.14423076923076922 0.1778846153846154
0 0.8641826923076923 0.8978365384615384 0.2668269230769231 0.16105769230769232
0 0.7860576923076923 0.8954326923076923 0.12980769230769232 0.20432692307692307
0 0.8557692307692307 0.6923076923076923 0.28365384615384615 0.22596153846153846
0 0.6069711538461539 0.6730769230769231 0.31009615384615385 0.1201923076923077
0 0.5985576923076923 0.6766826923076923 0.24519230769230768 0.1201923076923077
0 0.37259615384615385 0.6586538461538461 0.17307692307692307 0.09134615384615384
0 0.35096153846153844 0.6069711538461539 0.16826923076923078 0.10576923076923077
0 0.2439903846153846 0.6334134615384616 0.1201923076923077 0.08173076923076923
0 0.4579326923076923 0.5180288461538461 0.18990384615384615 0.09134615384615384
0 0.4699519230769231 0.4483173076923077 0.15384615384615385 0.08173076923076923
0 0.4254807692307692 0.36778846153846156 0.16105769230769232 0.07692307692307693
0 0.33653846153846156 0.2932692307692308 0.11298076923076923 0.20673076923076922
0 0.3004807692307692 0.31009615384615385 0.2692307692307692 0.11298076923076923
0 0.4254807692307692 0.26802884615384615 0.10096153846153846 0.06971153846153846
0 0.47596153846153844 0.28125 0.08173076923076923 0.0625
0 0.5084134615384616 0.19951923076923078 0.11298076923076923 0.0673076923076923
0 0.41947115384615385 0.203125 0.0889423076923077 0.06009615384615385
0 0.25 0.41346153846153844 0.15384615384615385 0.10576923076923077
0 0.22956730769230768 0.49038461538461536 0.10096153846153846 0.052884615384615384
0 0.3485576923076923 0.46634615384615385 0.13701923076923078 0.1466346153846154
0 0.2644230769230769 0.5528846153846154 0.14903846153846154 0.0673076923076923
0 0.3329326923076923 0.16947115384615385 0.3557692307692308 0.22115384615384615
0 0.42908653846153844 0.0829326923076923 0.21394230769230768 0.11298076923076923
0 0.5805288461538461 0.06850961538461539 0.27884615384615385 0.13701923076923078
0 0.6310096153846154 0.20552884615384615 0.31009615384615385 0.20192307692307693
0 0.5745192307692307 0.48677884615384615 0.24519230769230768 0.3870192307692308
0 0.7295673076923077 0.53125 0.11298076923076923 0.11538461538461539
0 0.7079326923076923 0.40024038461538464 0.08173076923076923 0.1346153846153846
0 0.7139423076923077 0.28365384615384615 0.1201923076923077 0.1201923076923077