0 0.9615384615384616 0.1201923076923077 0.0673076923076923 0.23076923076923078
0 0.8798076923076923 0.06009615384615385 0.16826923076923078 0.11057692307692307
0 0.8930288461538461 0.13341346153846154 0.0985576923076923 0.09134615384615384
0 0.96875 0.33653846153846156 0.052884615384615384 0.20192307692307693
0 0.7596153846153846 0.10697115384615384 0.14423076923076922 0.20192307692307693
0 0.8233173076923077 0.18028846153846154 0.12740384615384615 0.16346153846153846
0 0.8798076923076923 0.2764423076923077 0.14423076923076922 0.20192307692307693
0 0.9567307692307693 0.4338942307692308 0.08173076923076923 0.125
0 0.8197115384615384 0.4807692307692308 0.20673076923076922 0.2403846153846154
0 0.8786057692307693 0.5600961538461539 0.15625 0.14903846153846154
0 0.9675480769230769 0.5192307692307693 0.057692307692307696 0.11057692307692307
0 0.9507211538461539 0.6526442307692307 0.09134615384615384 0.15865384615384615
0 0.953125 0.7319711538461539 0.08653846153846154 0.0985576923076923
0 0.9723557692307693 0.828125 0.04807692307692308 0.09134615384615384
0 0.8605769230769231 0.7127403846153846 0.10576923076923077 0.14903846153846154
0 0.8942307692307693 0.8305288461538461 0.11538461538461539 0.12980769230769232
0 0.9543269230769231 0.8966346153846154 0.08413461538461539 0.16346153846153846
0 0.9675480769230769 0.9771634615384616 0.06009615384615385 0.040865384615384616
0 0.9146634615384616 0.9819711538461539 0.055288461538461536 0.03125
0 0.8653846153846154 0.9471153846153846 0.10576923076923077 0.10096153846153846
0 0.8052884615384616 0.8064903846153846 0.09134615384615384 0.19230769230769232
0 0.7271634615384616 0.6971153846153846 0.125 0.15865384615384615
0 0.5985576923076923 0.06850961538461539 0.14903846153846154 0.125
0 0.6887019230769231 0.03245192307692308 0.052884615384615384 0.052884615384615384
0 0.6526442307692307 0.18269230769230768 0.22115384615384615 0.25721153846153844
0 0.7451923076923077 0.32572115384615385 0.125 0.19230769230769232
0 0.6358173076923077 0.32211538461538464 0.06490384615384616 0.07692307692307693
0 0.6911057692307693 0.4014423076923077 0.11057692307692307 0.13701923076923078
0 0.6911057692307693 0.5625 0.13942307692307693 0.16346153846153846
0 0.6129807692307693 0.6802884615384616 0.14903846153846154 0.18028846153846154
0 0.7067307692307693 0.8329326923076923 0.1201923076923077 0.15865384615384615
0 0.6550480769230769 0.8389423076923077 0.10096153846153846 0.14903846153846154
0 0.7127403846153846 0.9098557692307693 0.08173076923076923 0.07211538461538461
0 0.7824519230769231 0.9435096153846154 0.08413461538461539 0.10817307692307693
0 0.703125 0.9627403846153846 0.06971153846153846 0.06971153846153846
0 0.6213942307692307 0.9471153846153846 0.10817307692307693 0.10096153846153846
0 0.5709134615384616 0.8713942307692307 0.11057692307692307 0.13701923076923078
0 0.5204326923076923 0.7512019230769231 0.10096153846153846 0.18028846153846154
0 0.49038461538461536 0.6418269230769231 0.10096153846153846 0.11538461538461539
0 0.5348557692307693 0.5817307692307693 0.08653846153846154 0.06009615384615385
0 0.5925480769230769 0.5709134615384616 0.036057692307692304 0.038461538461538464
0 0.5853365384615384 0.4891826923076923 0.15384615384615385 0.16826923076923078
0 0.5252403846153846 0.3629807692307692 0.20673076923076922 0.16826923076923078
0 0.45072115384615385 0.13341346153846154 0.1971153846153846 0.25721153846153844
0 0.40024038461538464 0.22355769230769232 0.13942307692307693 0.21875
0 0.3293269230769231 0.08413461538461539 0.09134615384615384 0.15865384615384615
0 0.4423076923076923 0.02403846153846154 0.17067307692307693 0.038461538461538464
0 0.24759615384615385 0.22716346153846154 0.18269230769230768 0.19230769230769232
0 0.3293269230769231 0.42908653846153844 0.21634615384615385 0.22355769230769232
0 0.41466346153846156 0.5733173076923077 0.125 0.12980769230769232
0 0.375 0.6802884615384616 0.11538461538461539 0.15865384615384615
0 0.40384615384615385 0.7211538461538461 0.11538461538461539 0.15384615384615385
0 0.44350961538461536 0.8413461538461539 0.11057692307692307 0.1971153846153846
0 0.4699519230769231 0.9350961538461539 0.12740384615384615 0.125
0 0.5612980769230769 0.9735576923076923 0.07932692307692307 0.04807692307692308
0 0.3557692307692308 0.9471153846153846 0.11057692307692307 0.10096153846153846
0 0.3016826923076923 0.8882211538461539 0.15865384615384615 0.19230769230769232
0 0.22355769230769232 0.08413461538461539 0.16346153846153846 0.15865384615384615
0 0.07091346153846154 0.06850961538461539 0.14182692307692307 0.125
0 0.028846153846153848 0.15264423076923078 0.057692307692307696 0.04326923076923077
0 0.109375 0.11778846153846154 0.12980769230769232 0.125
0 0.09254807692307693 0.26802884615384615 0.14903846153846154 0.1971153846153846
0 0.20192307692307693 0.35216346153846156 0.0985576923076923 0.125
0 0.1778846153846154 0.48677884615384615 0.125 0.14182692307692307
0 0.11778846153846154 0.44591346153846156 0.12740384615384615 0.15865384615384615
0 0.027644230769230768 0.390625 0.052884615384615384 0.13701923076923078
0 0.009615384615384616 0.27884615384615385 0.019230769230769232 0.1875
0 0.052884615384615384 0.5276442307692307 0.10576923076923077 0.14903846153846154
0 0.15144230769230768 0.6201923076923077 0.1201923076923077 0.14903846153846154
0 0.23677884615384615 0.6069711538461539 0.08653846153846154 0.12980769230769232
0 0.30528846153846156 0.5492788461538461 0.125 0.09134615384615384
0 0.29447115384615385 0.6442307692307693 0.09615384615384616 0.0985576923076923
0 0.2932692307692308 0.7764423076923077 0.0985576923076923 0.1875
0 0.18509615384615385 0.7920673076923077 0.15865384615384615 0.2403846153846154
0 0.19110576923076922 0.9471153846153846 0.10817307692307693 0.10096153846153846
0 0.25841346153846156 0.9819711538461539 0.0985576923076923 0.03125
0 0.14903846153846154 0.9495192307692307 0.15865384615384615 0.09615384615384616
0 0.056490384615384616 0.8497596153846154 0.11298076923076923 0.23557692307692307
0 0.08413461538461539 0.7572115384615384 0.057692307692307696 0.11538461538461539
0 0.09975961538461539 0.6670673076923077 0.07692307692307693 0.1201923076923077
0 0.03245192307692308 0.6225961538461539 0.06490384615384616 0.0985576923076923
0 0.03245192307692308 0.7043269230769231 0.06490384615384616 0.11057692307692307
0 0.03485576923076923 0.9771634615384616 0.06971153846153846 0.040865384615384616