0 0.9807692307692307 0.04447115384615385 0.028846153846153848 0.07692307692307693
0 0.9447115384615384 0.12740384615384615 0.10096153846153846 0.0985576923076923
0 0.8617788461538461 0.140625 0.11057692307692307 0.15625
0 0.9122596153846154 0.042067307692307696 0.09134615384615384 0.07211538461538461
0 0.8245192307692307 0.057692307692307696 0.0985576923076923 0.08173076923076923
0 0.7716346153846154 0.14903846153846154 0.07692307692307693 0.13942307692307693
0 0.703125 0.10096153846153846 0.07692307692307693 0.0985576923076923
0 0.7415865384615384 0.03365384615384615 0.09134615384615384 0.057692307692307696
0 0.6826923076923077 0.026442307692307692 0.057692307692307696 0.04326923076923077
0 0.6105769230769231 0.036057692307692304 0.08653846153846154 0.0625
0 0.9771634615384616 0.2764423076923077 0.038461538461538464 0.08173076923076923
0 0.984375 0.36177884615384615 0.02403846153846154 0.0889423076923077
0 0.9867788461538461 0.45552884615384615 0.019230769230769232 0.0673076923076923
0 0.859375 0.5336538461538461 0.0985576923076923 0.1201923076923077
0 0.9290865384615384 0.6045673076923077 0.1346153846153846 0.125
0 0.9639423076923077 0.7211538461538461 0.06490384615384616 0.15144230769230768
0 0.8533653846153846 0.7319711538461539 0.14903846153846154 0.17307692307692307
0 0.9158653846153846 0.8365384615384616 0.15384615384615385 0.17307692307692307
0 0.7716346153846154 0.625 0.14423076923076922 0.16826923076923078
0 0.6754807692307693 0.6983173076923077 0.11057692307692307 0.14423076923076922
0 0.6730769230769231 0.8100961538461539 0.10576923076923077 0.11057692307692307
0 0.7800480769230769 0.8052884615384616 0.1201923076923077 0.17307692307692307
0 0.8269230769230769 0.9423076923076923 0.14903846153846154 0.10576923076923077
0 0.6995192307692307 0.359375 0.13701923076923078 0.14423076923076922
0 0.6887019230769231 0.484375 0.10576923076923077 0.125
0 0.6141826923076923 0.5180288461538461 0.07932692307692307 0.0985576923076923
0 0.5516826923076923 0.5697115384615384 0.09134615384615384 0.11057692307692307
0 0.4891826923076923 0.6069711538461539 0.07932692307692307 0.0889423076923077
0 0.46033653846153844 0.5360576923076923 0.0985576923076923 0.125
0 0.5252403846153846 0.5204326923076923 0.038461538461538464 0.019230769230769232
0 0.5336538461538461 0.46153846153846156 0.07932692307692307 0.11057692307692307
0 0.6009615384615384 0.46875 0.0625 0.08173076923076923
0 0.625 0.39903846153846156 0.07211538461538461 0.0985576923076923
0 0.5649038461538461 0.3485576923076923 0.11778846153846154 0.14423076923076922
0 0.6213942307692307 0.2704326923076923 0.07932692307692307 0.10576923076923077
0 0.5528846153846154 0.21875 0.125 0.14423076923076922
0 0.4963942307692308 0.23677884615384615 0.07932692307692307 0.12980769230769232
0 0.4675480769230769 0.10096153846153846 0.10576923076923077 0.11057692307692307
0 0.46033653846153844 0.12980769230769232 0.15384615384615385 0.11538461538461539
0 0.39302884615384615 0.22596153846153846 0.125 0.15144230769230768
0 0.4579326923076923 0.37259615384615385 0.09615384615384616 0.1201923076923077
0 0.49038461538461536 0.4375 0.10576923076923077 0.07211538461538461
0 0.38221153846153844 0.4375 0.10096153846153846 0.1346153846153846
0 0.3762019230769231 0.5336538461538461 0.07692307692307693 0.0889423076923077
0 0.28365384615384615 0.4375 0.10096153846153846 0.125
0 0.2776442307692308 0.3125 0.08413461538461539 0.11538461538461539
0 0.36899038461538464 0.31009615384615385 0.0985576923076923 0.1201923076923077
0 0.33052884615384615 0.234375 0.0625 0.0625
0 0.2512019230769231 0.3545673076923077 0.0625 0.07211538461538461
0 0.29447115384615385 0.0733173076923077 0.1346153846153846 0.1346153846153846
0 0.203125 0.171875 0.125 0.1875
0 0.125 0.21394230769230768 0.0985576923076923 0.14423076923076922
0 0.11778846153846154 0.09615384615384616 0.13701923076923078 0.11057692307692307
0 0.1466346153846154 0.038461538461538464 0.17067307692307693 0.0673076923076923
0 0.03125 0.09975961538461539 0.0625 0.19471153846153846
0 0.07572115384615384 0.4170673076923077 0.07692307692307693 0.09375
0 0.09375 0.3641826923076923 0.04326923076923077 0.04326923076923077
0 0.036057692307692304 0.359375 0.07211538461538461 0.11538461538461539
0 0.009615384615384616 0.3016826923076923 0.019230769230769232 0.052884615384615384
0 0.03245192307692308 0.4579326923076923 0.06490384615384616 0.09375
0 0.20192307692307693 0.49759615384615385 0.0985576923076923 0.12980769230769232
0 0.27524038461538464 0.5733173076923077 0.08653846153846154 0.09375
0 0.3473557692307692 0.6382211538461539 0.11057692307692307 0.0985576923076923
0 0.4014423076923077 0.7163461538461539 0.13942307692307693 0.0889423076923077
0 0.35697115384615385 0.765625 0.1201923076923077 0.14423076923076922
0 0.34375 0.8485576923076923 0.04807692307692308 0.04326923076923077
0 0.26802884615384615 0.8521634615384616 0.11778846153846154 0.0985576923076923
0 0.265625 0.7572115384615384 0.09134615384615384 0.0889423076923077
0 0.28365384615384615 0.671875 0.08653846153846154 0.09375
0 0.19230769230769232 0.6430288461538461 0.10096153846153846 0.16105769230769232
0 0.10817307692307693 0.734375 0.11778846153846154 0.14423076923076922
0 0.1502403846153846 0.5420673076923077 0.11778846153846154 0.125
0 0.09495192307692307 0.5985576923076923 0.10576923076923077 0.125
0 0.042067307692307696 0.640625 0.052884615384615384 0.09375
0 0.5588942307692307 0.8173076923076923 0.09134615384615384 0.07211538461538461
0 0.6478365384615384 0.9302884615384616 0.10096153846153846 0.11057692307692307
0 0.7427884615384616 0.9747596153846154 0.08653846153846154 0.04567307692307692
0 0.6670673076923077 0.9831730769230769 0.0889423076923077 0.028846153846153848
0 0.6081730769230769 0.9591346153846154 0.052884615384615384 0.07692307692307693
0 0.5552884615384616 0.9038461538461539 0.09134615384615384 0.0889423076923077
0 0.5552884615384616 0.9699519230769231 0.07211538461538461 0.055288461538461536
0 0.484375 0.9747596153846154 0.07932692307692307 0.04567307692307692
0 0.47115384615384615 0.9014423076923077 0.08413461538461539 0.09375
0 0.5 0.8545673076923077 0.057692307692307696 0.0625
0 0.40865384615384615 0.9194711538461539 0.04807692307692308 0.057692307692307696
0 0.4254807692307692 0.9699519230769231 0.0673076923076923 0.055288461538461536
0 0.3629807692307692 0.9675480769230769 0.057692307692307696 0.06009615384615385
0 0.17908653846153846 0.9615384615384616 0.07692307692307693 0.057692307692307696
0 0.0985576923076923 0.9651442307692307 0.10096153846153846 0.06490384615384616
0 0.1346153846153846 0.9134615384615384 0.09615384615384616 0.07692307692307693
0 0.0625 0.859375 0.06490384615384616 0.04326923076923077
0 0.04927884615384615 0.9242788461538461 0.0625 0.0889423076923077
0 0.026442307692307692 0.9771634615384616 0.052884615384615384 0.040865384615384616
0 0.016826923076923076 0.9038461538461539 0.03365384615384615 0.0985576923076923
0 0.025240384615384616 0.8173076923076923 0.04807692307692308 0.0625