0 0.6141826923076923 0.10216346153846154 0.4182692307692308 0.1971153846153846
0 0.40865384615384615 0.15504807692307693 0.15865384615384615 0.08653846153846154
0 0.2824519230769231 0.19230769230769232 0.1778846153846154 0.09375
0 0.25600961538461536 0.15985576923076922 0.15865384615384615 0.07211538461538461
0 0.4266826923076923 0.2439903846153846 0.15865384615384615 0.08413461538461539
0 0.25841346153846156 0.2548076923076923 0.13942307692307693 0.07211538461538461
0 0.6766826923076923 0.25240384615384615 0.13942307692307693 0.08653846153846154
0 0.8052884615384616 0.21875 0.11778846153846154 0.03365384615384615
0 0.8112980769230769 0.27403846153846156 0.16346153846153846 0.08413461538461539
0 0.75 0.3269230769230769 0.06490384615384616 0.04807692307692308
0 0.8329326923076923 0.3389423076923077 0.11057692307692307 0.057692307692307696
0 0.6586538461538461 0.33052884615384615 0.12980769230769232 0.0673076923076923
0 0.09134615384615384 0.21033653846153846 0.17067307692307693 0.09615384615384616
0 0.040865384615384616 0.25721153846153844 0.07211538461538461 0.09134615384615384
0 0.09134615384615384 0.3076923076923077 0.17067307692307693 0.09134615384615384
0 0.0733173076923077 0.4026442307692308 0.1346153846153846 0.10576923076923077
0 0.0673076923076923 0.5012019230769231 0.125 0.08653846153846154
0 0.8341346153846154 0.0625 0.3269230769230769 0.1201923076923077
0 0.9098557692307693 0.2127403846153846 0.17548076923076922 0.19951923076923078
0 0.7115384615384616 0.41947115384615385 0.12980769230769232 0.07692307692307693
0 0.6201923076923077 0.4495192307692308 0.1466346153846154 0.07692307692307693
0 0.5588942307692307 0.4254807692307692 0.13942307692307693 0.09134615384615384
0 0.5612980769230769 0.5120192307692307 0.1346153846153846 0.08173076923076923
0 0.7259615384615384 0.5084134615384616 0.18269230769230768 0.10096153846153846
0 0.32091346153846156 0.7199519230769231 0.4182692307692308 0.22115384615384615
0 0.06490384615384616 0.5961538461538461 0.11778846153846154 0.07451923076923077
0 0.03485576923076923 0.6478365384615384 0.057692307692307696 0.07692307692307693
0 0.07932692307692307 0.6634615384615384 0.06490384615384616 0.040865384615384616
0 0.0733173076923077 0.7139423076923077 0.1346153846153846 0.08653846153846154
0 0.06129807692307692 0.7932692307692307 0.11057692307692307 0.09134615384615384
0 0.0733173076923077 0.8774038461538461 0.1346153846153846 0.09615384615384616
0 0.06129807692307692 0.9735576923076923 0.10336538461538461 0.04807692307692308
0 0.28846153846153844 0.5336538461538461 0.30528846153846156 0.13942307692307693
0 0.2824519230769231 0.46274038461538464 0.19951923076923078 0.07211538461538461
0 0.19471153846153846 0.4483173076923077 0.03365384615384615 0.040865384615384616
0 0.30528846153846156 0.5168269230769231 0.16346153846153846 0.10576923076923077
0 0.35336538461538464 0.47836538461538464 0.13942307692307693 0.09375
0 0.3737980769230769 0.4987980769230769 0.125 0.0673076923076923
0 0.4170673076923077 0.5685096153846154 0.13942307692307693 0.09375
0 0.3701923076923077 0.5540865384615384 0.21153846153846154 0.13942307692307693
0 0.41225961538461536 0.38221153846153844 0.22355769230769232 0.07211538461538461
0 0.4675480769230769 0.36177884615384615 0.052884615384615384 0.05048076923076923
0 0.5060096153846154 0.3858173076923077 0.057692307692307696 0.038461538461538464
0 0.4651442307692308 0.31971153846153844 0.08173076923076923 0.04807692307692308
0 0.34134615384615385 0.34134615384615385 0.15384615384615385 0.028846153846153848
0 0.38221153846153844 0.3449519230769231 0.10576923076923077 0.08413461538461539
0 0.22115384615384615 0.3870192307692308 0.23076923076923078 0.052884615384615384
0 0.25240384615384615 0.36538461538461536 0.057692307692307696 0.07692307692307693
0 0.24158653846153846 0.32211538461538464 0.04807692307692308 0.028846153846153848
0 0.25600961538461536 0.43990384615384615 0.040865384615384616 0.07211538461538461
0 0.5588942307692307 0.625 0.09375 0.05048076923076923
0 0.5288461538461539 0.65625 0.08173076923076923 0.052884615384615384
0 0.5 0.6225961538461539 0.057692307692307696 0.026442307692307692
0 0.5673076923076923 0.6802884615384616 0.08653846153846154 0.052884615384615384
0 0.5997596153846154 0.7007211538461539 0.09375 0.052884615384615384
0 0.6586538461538461 0.6526442307692307 0.11778846153846154 0.06009615384615385
0 0.6358173076923077 0.6274038461538461 0.07211538461538461 0.05048076923076923
0 0.25 0.8701923076923077 0.07692307692307693 0.057692307692307696
0 0.28846153846153844 0.8413461538461539 0.09375 0.052884615384615384
0 0.3173076923076923 0.8774038461538461 0.07211538461538461 0.0625
0 0.25600961538461536 0.9110576923076923 0.11057692307692307 0.04326923076923077
0 0.18870192307692307 0.8858173076923077 0.07211538461538461 0.04807692307692308
0 0.19110576923076922 0.8473557692307693 0.06490384615384616 0.038461538461538464
0 0.203125 0.9663461538461539 0.07692307692307693 0.04807692307692308
0 0.27403846153846156 0.9615384615384616 0.052884615384615384 0.03125
0 0.33533653846153844 0.9615384615384616 0.057692307692307696 0.028846153846153848
0 0.28846153846153844 0.9831730769230769 0.1201923076923077 0.028846153846153848
0 0.18389423076923078 0.9879807692307693 0.10336538461538461 0.019230769230769232
0 0.7908653846153846 0.5853365384615384 0.07692307692307693 0.06009615384615385
0 0.8617788461538461 0.5757211538461539 0.08653846153846154 0.040865384615384616
0 0.8641826923076923 0.6225961538461539 0.057692307692307696 0.040865384615384616
0 0.8209134615384616 0.6466346153846154 0.1346153846153846 0.040865384615384616
0 0.8149038461538461 0.6141826923076923 0.06490384615384616 0.02403846153846154
0 0.7379807692307693 0.6262019230769231 0.07692307692307693 0.052884615384615384
0 0.7259615384615384 0.5841346153846154 0.040865384615384616 0.028846153846153848
0 0.5673076923076923 0.7896634615384616 0.06490384615384616 0.04326923076923077
0 0.4879807692307692 0.8016826923076923 0.057692307692307696 0.03365384615384615
0 0.47115384615384615 0.8149038461538461 0.09375 0.10096153846153846
0 0.40024038461538464 0.8245192307692307 0.09375 0.11538461538461539
0 0.5120192307692307 0.8413461538461539 0.1778846153846154 0.14182692307692307
0 0.5288461538461539 0.8449519230769231 0.24759615384615385 0.2091346153846154
0 0.7415865384615384 0.7487980769230769 0.07211538461538461 0.0625
0 0.8112980769230769 0.7512019230769231 0.08173076923076923 0.06009615384615385
0 0.8004807692307693 0.703125 0.07211538461538461 0.03365384615384615
0 0.75 0.7019230769230769 0.06490384615384616 0.038461538461538464
0 0.8798076923076923 0.703125 0.07692307692307693 0.04807692307692308
0 0.8762019230769231 0.7524038461538461 0.03365384615384615 0.038461538461538464
0 0.8533653846153846 0.7860576923076923 0.09375 0.038461538461538464
0 0.7680288461538461 0.7848557692307693 0.06490384615384616 0.026442307692307692
0 0.9663461538461539 0.5913461538461539 0.0625 0.08653846153846154
0 0.9170673076923077 0.4879807692307692 0.07211538461538461 0.1346153846153846
0 0.9026442307692307 0.4879807692307692 0.15865384615384615 0.14182692307692307
0 0.8473557692307693 0.47596153846153844 0.03365384615384615 0.07211538461538461
0 0.9290865384615384 0.4074519230769231 0.13942307692307693 0.16105769230769232
0 0.90625 0.4026442307692308 0.08173076923076923 0.09615384615384616
0 0.8701923076923077 0.4110576923076923 0.09375 0.07451923076923077
0 0.9783653846153846 0.421875 0.038461538461538464 0.06971153846153846
0 0.9747596153846154 0.7355769230769231 0.04567307692307692 0.052884615384615384
0 0.984375 0.6947115384615384 0.026442307692307692 0.03365384615384615
0 0.9891826923076923 0.6730769230769231 0.016826923076923076 0.028846153846153848
0 0.9471153846153846 0.9723557692307693 0.10096153846153846 0.055288461538461536
0 0.9723557692307693 0.9411057692307693 0.05048076923076923 0.04567307692307692
0 0.9290865384615384 0.9423076923076923 0.04807692307692308 0.040865384615384616
0 0.7668269230769231 0.9711538461538461 0.21153846153846154 0.052884615384615384
0 0.5637019230769231 0.9903846153846154 0.10817307692307693 0.014423076923076924
0 0.5120192307692307 0.9711538461538461 0.15384615384615385 0.04326923076923077
0 0.47596153846153844 0.9855769230769231 0.07211538461538461 0.02403846153846154
0 0.40024038461538464 0.9627403846153846 0.06971153846153846 0.06971153846153846
0 0.9362980769230769 0.9074519230769231 0.12259615384615384 0.03125
0 0.9170673076923077 0.8689903846153846 0.16346153846153846 0.03365384615384615
0 0.9447115384615384 0.84375 0.052884615384615384 0.07211538461538461
0 0.96875 0.8329326923076923 0.057692307692307696 0.055288461538461536
0 0.9723557692307693 0.7908653846153846 0.05048076923076923 0.07692307692307693
0 0.8966346153846154 0.8233173076923077 0.10096153846153846 0.05048076923076923
0 0.7884615384615384 0.8569711538461539 0.16346153846153846 0.057692307692307696
0 0.8557692307692307 0.9026442307692307 0.019230769230769232 0.08653846153846154
0 0.8209134615384616 0.9206730769230769 0.052884615384615384 0.08413461538461539
0 0.7908653846153846 0.8990384615384616 0.11057692307692307 0.14903846153846154
0 0.7211538461538461 0.8834134615384616 0.11057692307692307 0.15144230769230768
0 0.6995192307692307 0.8137019230769231 0.13942307692307693 0.0625
0 0.6826923076923077 0.8786057692307693 0.11778846153846154 0.07451923076923077