0 0.8449519230769231 0.9254807692307693 0.2980769230769231 0.14423076923076922
0 0.9615384615384616 0.8930288461538461 0.06490384615384616 0.1201923076923077
0 0.9795673076923077 0.9783653846153846 0.028846153846153848 0.038461538461538464
0 0.6754807692307693 0.7487980769230769 0.5769230769230769 0.28365384615384615
0 0.4230769230769231 0.7067307692307693 0.5120192307692307 0.44711538461538464
0 0.4855769230769231 0.9435096153846154 0.0889423076923077 0.0673076923076923
0 0.37740384615384615 0.8846153846153846 0.14903846153846154 0.09134615384615384
0 0.39903846153846156 0.9435096153846154 0.12980769230769232 0.052884615384615384
0 0.4675480769230769 0.9771634615384616 0.11298076923076923 0.040865384615384616
0 0.2644230769230769 0.8677884615384616 0.17307692307692307 0.13701923076923078
0 0.3269230769230769 0.96875 0.15384615384615385 0.057692307692307696
0 0.19951923076923078 0.9447115384615384 0.18509615384615385 0.10336538461538461
0 0.0985576923076923 0.8317307692307693 0.1971153846153846 0.13701923076923078
0 0.06610576923076923 0.9362980769230769 0.13221153846153846 0.12259615384615384
0 0.018028846153846152 0.9735576923076923 0.036057692307692304 0.04807692307692308
0 0.22355769230769232 0.7788461538461539 0.07692307692307693 0.057692307692307696
0 0.25600961538461536 0.7668269230769231 0.07211538461538461 0.06009615384615385
0 0.21995192307692307 0.7247596153846154 0.04807692307692308 0.04326923076923077
0 0.17307692307692307 0.7620192307692307 0.06009615384615385 0.028846153846153848
0 0.16346153846153846 0.7319711538461539 0.06490384615384616 0.038461538461538464
0 0.11298076923076923 0.75 0.04807692307692308 0.026442307692307692
0 0.20192307692307693 0.6971153846153846 0.04807692307692308 0.026442307692307692
0 0.5180288461538461 0.6394230769230769 0.16826923076923078 0.08653846153846154
0 0.3870192307692308 0.5733173076923077 0.14423076923076922 0.10096153846153846
0 0.5204326923076923 0.5661057692307693 0.125 0.08173076923076923
0 0.5180288461538461 0.5036057692307693 0.09615384615384616 0.052884615384615384
0 0.38100961538461536 0.47475961538461536 0.18990384615384615 0.10336538461538461
0 0.20552884615384615 0.43149038461538464 0.1971153846153846 0.10336538461538461
0 0.37740384615384615 0.41346153846153844 0.125 0.026442307692307692
0 0.48197115384615385 0.41947115384615385 0.1201923076923077 0.09375
0 0.4254807692307692 0.328125 0.18509615384615385 0.12980769230769232
0 0.31490384615384615 0.3713942307692308 0.1201923076923077 0.08173076923076923
0 0.23557692307692307 0.36658653846153844 0.10096153846153846 0.038461538461538464
0 0.2920673076923077 0.3137019230769231 0.10576923076923077 0.0673076923076923
0 0.14903846153846154 0.5444711538461539 0.10576923076923077 0.12980769230769232
0 0.17908653846153846 0.6394230769230769 0.04807692307692308 0.052884615384615384
0 0.10096153846153846 0.5901442307692307 0.12980769230769232 0.08173076923076923
0 0.10697115384615384 0.6754807692307693 0.20192307692307693 0.09615384615384616
0 0.06610576923076923 0.7235576923076923 0.13221153846153846 0.07692307692307693
0 0.06009615384615385 0.578125 0.1201923076923077 0.10336538461538461
0 0.056490384615384616 0.5252403846153846 0.11298076923076923 0.04326923076923077
0 0.06850961538461539 0.44471153846153844 0.13701923076923078 0.11538461538461539
0 0.8629807692307693 0.7103365384615384 0.2620192307692308 0.15384615384615385
0 0.9675480769230769 0.7451923076923077 0.052884615384615384 0.07692307692307693
0 0.11899038461538461 0.28846153846153844 0.23798076923076922 0.22355769230769232
0 0.07091346153846154 0.0985576923076923 0.14182692307692307 0.19230769230769232
0 0.12259615384615384 0.042067307692307696 0.22115384615384615 0.08173076923076923
0 0.125 0.13221153846153846 0.07211538461538461 0.09134615384615384
0 0.19591346153846154 0.14783653846153846 0.1201923076923077 0.057692307692307696
0 0.16346153846153846 0.22716346153846154 0.17307692307692307 0.1201923076923077
0 0.2920673076923077 0.20793269230769232 0.18990384615384615 0.12980769230769232
0 0.4879807692307692 0.2283653846153846 0.18990384615384615 0.11057692307692307
0 0.47596153846153844 0.15865384615384615 0.23798076923076922 0.11538461538461539
0 0.36899038461538464 0.13701923076923078 0.07211538461538461 0.052884615384615384
0 0.24158653846153846 0.0985576923076923 0.18509615384615385 0.11538461538461539
0 0.2439903846153846 0.020432692307692308 0.06009615384615385 0.038461538461538464
0 0.36899038461538464 0.03365384615384615 0.18990384615384615 0.0673076923076923
0 0.53125 0.055288461538461536 0.1346153846153846 0.10576923076923077
0 0.4074519230769231 0.09014423076923077 0.14903846153846154 0.04807692307692308
0 0.5925480769230769 0.2548076923076923 0.125 0.07692307692307693
0 0.5360576923076923 0.3137019230769231 0.12980769230769232 0.07211538461538461
0 0.5625 0.38221153846153844 0.13701923076923078 0.057692307692307696
0 0.5649038461538461 0.43028846153846156 0.1201923076923077 0.07211538461538461
0 0.6274038461538461 0.5168269230769231 0.125 0.10096153846153846
0 0.6394230769230769 0.6021634615384616 0.10096153846153846 0.06971153846153846
0 0.7199519230769231 0.6286057692307693 0.16826923076923078 0.09615384615384616
0 0.8725961538461539 0.5612980769230769 0.22115384615384615 0.09615384615384616
0 0.8365384615384616 0.5961538461538461 0.16105769230769232 0.07211538461538461
0 0.9579326923076923 0.6165865384615384 0.07211538461538461 0.08653846153846154
0 0.9375 0.4987980769230769 0.11298076923076923 0.09615384615384616
0 0.9615384615384616 0.44350961538461536 0.06490384615384616 0.06009615384615385
0 0.9050480769230769 0.38461538461538464 0.16826923076923078 0.11538461538461539
0 0.8485576923076923 0.45552884615384615 0.14903846153846154 0.06971153846153846
0 0.6514423076923077 0.109375 0.13942307692307693 0.21394230769230768
0 0.7560096153846154 0.042067307692307696 0.1201923076923077 0.08173076923076923
0 0.8689903846153846 0.020432692307692308 0.1778846153846154 0.038461538461538464
0 0.8894230769230769 0.05048076923076923 0.20673076923076922 0.10096153846153846
0 0.9110576923076923 0.11658653846153846 0.16826923076923078 0.125
0 0.8305288461538461 0.18870192307692307 0.1971153846153846 0.11057692307692307
0 0.7139423076923077 0.1346153846153846 0.16826923076923078 0.13701923076923078
0 0.6899038461538461 0.18509615384615385 0.07211538461538461 0.038461538461538464
0 0.9050480769230769 0.24639423076923078 0.1778846153846154 0.11298076923076923
0 0.9459134615384616 0.3137019230769231 0.09615384615384616 0.10096153846153846
0 0.7824519230769231 0.32211538461538464 0.17307692307692307 0.09134615384615384
0 0.8004807692307693 0.38461538461538464 0.17307692307692307 0.07692307692307693
0 0.7199519230769231 0.4387019230769231 0.15384615384615385 0.07692307692307693
0 0.6790865384615384 0.39783653846153844 0.1201923076923077 0.057692307692307696
0 0.6514423076923077 0.34134615384615385 0.13701923076923078 0.09134615384615384
0 0.7019230769230769 0.2620192307692308 0.14423076923076922 0.09615384615384616