0 0.8173076923076923 0.20192307692307693 0.22115384615384615 0.17307692307692307
0 0.7512019230769231 0.1045673076923077 0.1778846153846154 0.10817307692307693
0 0.5060096153846154 0.17307692307692307 0.13942307692307693 0.07932692307692307
0 0.49399038461538464 0.2764423076923077 0.2692307692307692 0.15865384615384615
0 0.5805288461538461 0.4050480769230769 0.1778846153846154 0.125
0 0.5997596153846154 0.5540865384615384 0.21634615384615385 0.18028846153846154
0 0.6213942307692307 0.703125 0.17067307692307693 0.13942307692307693
0 0.5132211538461539 0.7644230769230769 0.1971153846153846 0.10576923076923077
0 0.43149038461538464 0.65625 0.21153846153846154 0.14903846153846154
0 0.43149038461538464 0.5444711538461539 0.15384615384615385 0.11057692307692307
0 0.2980769230769231 0.5733173076923077 0.1201923076923077 0.14903846153846154
0 0.2980769230769231 0.4423076923076923 0.13221153846153846 0.12980769230769232
0 0.4110576923076923 0.42427884615384615 0.19230769230769232 0.14423076923076922
0 0.3125 0.38100961538461536 0.10576923076923077 0.07211538461538461
0 0.32572115384615385 0.30408653846153844 0.13221153846153846 0.13942307692307693
0 0.12860576923076922 0.07211538461538461 0.25240384615384615 0.14423076923076922
3 0.3557692307692308 0.8161057692307693 0.3701923076923077 0.34615384615384615
3 0.4254807692307692 0.859375 0.10096153846153846 0.27403846153846156
2 0.21875 0.9050480769230769 0.4326923076923077 0.18509615384615385
2 0.11658653846153846 0.7824519230769231 0.23076923076923078 0.14903846153846154