0 0.4026442307692308 0.08173076923076923 0.1778846153846154 0.11538461538461539
0 0.39663461538461536 0.014423076923076924 0.052884615384615384 0.019230769230769232
0 0.27403846153846156 0.038461538461538464 0.15865384615384615 0.06971153846153846
0 0.11658653846153846 0.0673076923076923 0.19951923076923078 0.1201923076923077
0 0.27163461538461536 0.125 0.1658653846153846 0.10576923076923077
0 0.10576923076923077 0.18629807692307693 0.19951923076923078 0.10817307692307693
0 0.2776442307692308 0.24879807692307693 0.1875 0.1201923076923077
0 0.3605769230769231 0.20793269230769232 0.11538461538461539 0.09134615384615384
0 0.41947115384615385 0.17668269230769232 0.15384615384615385 0.09615384615384616
0 0.0889423076923077 0.2980769230769231 0.1658653846153846 0.11057692307692307
0 0.1658653846153846 0.2776442307692308 0.057692307692307696 0.09134615384615384
0 0.4170673076923077 0.3125 0.14903846153846154 0.11057692307692307
0 0.47115384615384615 0.23076923076923078 0.14423076923076922 0.10096153846153846
0 0.3137019230769231 0.359375 0.18269230769230768 0.10817307692307693
0 0.2512019230769231 0.4362980769230769 0.17307692307692307 0.11538461538461539
0 0.38341346153846156 0.4963942307692308 0.17307692307692307 0.11057692307692307
0 0.4543269230769231 0.4266826923076923 0.1778846153846154 0.11057692307692307
0 0.22235576923076922 0.5432692307692307 0.17307692307692307 0.10817307692307693
0 0.14543269230769232 0.49158653846153844 0.0625 0.08653846153846154
0 0.13942307692307693 0.3737980769230769 0.08653846153846154 0.07211538461538461
0 0.08052884615384616 0.4050480769230769 0.14903846153846154 0.09375
0 0.0625 0.4651442307692308 0.11538461538461539 0.11057692307692307
0 0.10576923076923077 0.5432692307692307 0.07451923076923077 0.08653846153846154
0 0.054086538461538464 0.5697115384615384 0.09615384615384616 0.10576923076923077
0 0.12620192307692307 0.6045673076923077 0.10336538461538461 0.07692307692307693
0 0.23197115384615385 0.6730769230769231 0.1778846153846154 0.11057692307692307
0 0.296875 0.6911057692307693 0.125 0.09615384615384616
0 0.3233173076923077 0.5853365384615384 0.08653846153846154 0.07211538461538461
0 0.2548076923076923 0.6165865384615384 0.15384615384615385 0.04567307692307692
0 0.12620192307692307 0.7019230769230769 0.125 0.11778846153846154
0 0.054086538461538464 0.6730769230769231 0.09615384615384616 0.0985576923076923
0 0.057692307692307696 0.7884615384615384 0.10336538461538461 0.13221153846153846
0 0.10817307692307693 0.8317307692307693 0.18269230769230768 0.14182692307692307
0 0.15985576923076922 0.7704326923076923 0.10336538461538461 0.0625
0 0.22235576923076922 0.7584134615384616 0.0673076923076923 0.06009615384615385
0 0.2091346153846154 0.8353365384615384 0.038461538461538464 0.07932692307692307
0 0.13701923076923078 0.9026442307692307 0.10336538461538461 0.04807692307692308
0 0.057692307692307696 0.9447115384615384 0.10576923076923077 0.10576923076923077
0 0.296875 0.7776442307692307 0.15865384615384615 0.10576923076923077
0 0.24879807692307693 0.8605769230769231 0.14423076923076922 0.10576923076923077
0 0.1814903846153846 0.9519230769230769 0.15625 0.09134615384615384
0 0.28365384615384615 0.96875 0.16826923076923078 0.057692307692307696
0 0.36538461538461536 0.8834134615384616 0.18269230769230768 0.11538461538461539
0 0.3918269230769231 0.5889423076923077 0.09615384615384616 0.07211538461538461
0 0.41947115384615385 0.6959134615384616 0.1658653846153846 0.1201923076923077
0 0.5372596153846154 0.6802884615384616 0.11538461538461539 0.09134615384615384
0 0.5252403846153846 0.5973557692307693 0.17307692307692307 0.07692307692307693
0 0.5084134615384616 0.796875 0.15865384615384615 0.1201923076923077
0 0.4230769230769231 0.78125 0.10336538461538461 0.08173076923076923
0 0.4014423076923077 0.9615384615384616 0.0625 0.07211538461538461
0 0.47716346153846156 0.9182692307692307 0.09615384615384616 0.10096153846153846
0 0.4951923076923077 0.9771634615384616 0.10096153846153846 0.040865384615384616
0 0.4651442307692308 0.9723557692307693 0.09615384615384616 0.028846153846153848
0 0.5144230769230769 0.8834134615384616 0.08173076923076923 0.057692307692307696
0 0.6225961538461539 0.8641826923076923 0.125 0.07692307692307693
0 0.6045673076923077 0.9615384615384616 0.11298076923076923 0.07211538461538461
0 0.5625 0.9423076923076923 0.07451923076923077 0.07211538461538461
0 0.5204326923076923 0.8858173076923077 0.08173076923076923 0.0625
0 0.6394230769230769 0.7932692307692307 0.11538461538461539 0.07211538461538461
0 0.6117788461538461 0.7331730769230769 0.08173076923076923 0.0625
0 0.5456730769230769 0.6802884615384616 0.10817307692307693 0.09134615384615384
0 0.6766826923076923 0.7199519230769231 0.07451923076923077 0.0673076923076923
0 0.6370192307692307 0.65625 0.08653846153846154 0.07692307692307693
0 0.6574519230769231 0.5889423076923077 0.11538461538461539 0.07211538461538461
0 0.6682692307692307 0.19831730769230768 0.10336538461538461 0.07692307692307693
0 0.6286057692307693 0.24879807692307693 0.057692307692307696 0.057692307692307696
0 0.6165865384615384 0.3016826923076923 0.04567307692307692 0.04807692307692308
0 0.6394230769230769 0.3173076923076923 0.0673076923076923 0.0673076923076923
0 0.7175480769230769 0.2548076923076923 0.10817307692307693 0.07211538461538461
0 0.7319711538461539 0.3161057692307692 0.11538461538461539 0.0625
0 0.7115384615384616 0.375 0.09615384615384616 0.08173076923076923
0 0.7860576923076923 0.390625 0.08653846153846154 0.07211538461538461
0 0.6370192307692307 0.3798076923076923 0.052884615384615384 0.0673076923076923
0 0.6802884615384616 0.5036057692307693 0.08173076923076923 0.07692307692307693
0 0.6574519230769231 0.44591346153846156 0.057692307692307696 0.052884615384615384
0 0.7427884615384616 0.4879807692307692 0.11538461538461539 0.07932692307692307
0 0.7716346153846154 0.43028846153846156 0.057692307692307696 0.028846153846153848
0 0.8112980769230769 0.5420673076923077 0.09134615384615384 0.07692307692307693
0 0.7259615384615384 0.5516826923076923 0.08173076923076923 0.06971153846153846
0 0.7740384615384616 0.5865384615384616 0.08653846153846154 0.055288461538461536
0 0.7512019230769231 0.625 0.08653846153846154 0.07692307692307693
0 0.7548076923076923 0.6947115384615384 0.09134615384615384 0.06971153846153846