0 0.7283653846153846 0.1141826923076923 0.33653846153846156 0.22115384615384615
0 0.5745192307692307 0.10336538461538461 0.08173076923076923 0.0673076923076923
0 0.5324519230769231 0.17908653846153846 0.16346153846153846 0.09134615384615384
0 0.39302884615384615 0.09014423076923077 0.19230769230769232 0.10817307692307693
0 0.2776442307692308 0.125 0.17067307692307693 0.11057692307692307
0 0.23076923076923078 0.22596153846153846 0.17548076923076922 0.12740384615384615
0 0.3737980769230769 0.18269230769230768 0.17548076923076922 0.1201923076923077
0 0.41225961538461536 0.28966346153846156 0.1875 0.10817307692307693
0 0.5168269230769231 0.2848557692307692 0.14423076923076922 0.1346153846153846
0 0.40625 0.38221153846153844 0.14423076923076922 0.07692307692307693
0 0.2439903846153846 0.36177884615384615 0.22596153846153846 0.15865384615384615
0 0.3401442307692308 0.453125 0.22115384615384615 0.11538461538461539
0 0.7752403846153846 0.328125 0.3942307692307692 0.34375
0 0.8942307692307693 0.3918269230769231 0.20673076923076922 0.2403846153846154
0 0.8713942307692307 0.7247596153846154 0.13701923076923078 0.14423076923076922
0 0.8521634615384616 0.5829326923076923 0.16346153846153846 0.14423076923076922
0 0.9447115384615384 0.6310096153846154 0.055288461538461536 0.12259615384615384
0 0.9146634615384616 0.7596153846153846 0.10576923076923077 0.11057692307692307
0 0.7860576923076923 0.8353365384615384 0.11057692307692307 0.10576923076923077
0 0.7608173076923077 0.7355769230769231 0.07211538461538461 0.12259615384615384
0 0.6622596153846154 0.8629807692307693 0.16105769230769232 0.2692307692307692
0 0.6983173076923077 0.78125 0.35096153846153844 0.3942307692307692
0 0.6370192307692307 0.7752403846153846 0.3942307692307692 0.37740384615384615
0 0.6454326923076923 0.703125 0.5552884615384616 0.38461538461538464
0 0.7055288461538461 0.5829326923076923 0.125 0.11538461538461539
0 0.7139423076923077 0.5144230769230769 0.14423076923076922 0.10817307692307693
0 0.546875 0.5721153846153846 0.20192307692307693 0.25961538461538464
0 0.546875 0.5060096153846154 0.10576923076923077 0.2644230769230769
0 0.42908653846153844 0.7475961538461539 0.15384615384615385 0.09134615384615384
0 0.359375 0.7992788461538461 0.10576923076923077 0.07692307692307693
0 0.28846153846153844 0.7295673076923077 0.13701923076923078 0.06971153846153846
0 0.29927884615384615 0.6634615384615384 0.11538461538461539 0.07211538461538461
0 0.21153846153846154 0.6418269230769231 0.11538461538461539 0.10096153846153846
0 0.3269230769230769 0.59375 0.33653846153846156 0.14423076923076922
0 0.34615384615384615 0.5024038461538461 0.40625 0.15625
0 0.23317307692307693 0.5036057692307693 0.08173076923076923 0.07211538461538461
0 0.17548076923076922 0.49399038461538464 0.07692307692307693 0.09615384615384616
0 0.5084134615384616 0.4098557692307692 0.06009615384615385 0.04326923076923077