0 0.46033653846153844 0.4074519230769231 0.3605769230769231 0.07211538461538461
0 0.4567307692307692 0.7980769230769231 0.6514423076923077 0.3942307692307692
0 0.84375 0.7319711538461539 0.30528846153846156 0.2403846153846154
0 0.9459134615384616 0.5432692307692307 0.10096153846153846 0.15865384615384615
0 0.9651442307692307 0.4206730769230769 0.0625 0.12980769230769232
0 0.84375 0.49399038461538464 0.23317307692307693 0.22355769230769232
0 0.6947115384615384 0.609375 0.24759615384615385 0.125
0 0.1814903846153846 0.5901442307692307 0.2692307692307692 0.25
0 0.41586538461538464 0.5685096153846154 0.3317307692307692 0.052884615384615384
0 0.07692307692307693 0.6177884615384616 0.15384615384615385 0.1971153846153846
0 0.6418269230769231 0.3737980769230769 0.25961538461538464 0.13701923076923078