0 0.8653846153846154 0.039663461538461536 0.057692307692307696 0.07451923076923077
0 0.9459134615384616 0.6959134615384616 0.052884615384615384 0.09134615384615384
0 0.6790865384615384 0.5540865384615384 0.5024038461538461 0.375
0 0.7415865384615384 0.7992788461538461 0.3942307692307692 0.14423076923076922
0 0.8317307692307693 0.9122596153846154 0.22115384615384615 0.1658653846153846
0 0.6947115384615384 0.27283653846153844 0.4567307692307692 0.17548076923076922
0 0.8088942307692307 0.13701923076923078 0.21153846153846154 0.14903846153846154
0 0.3473557692307692 0.5721153846153846 0.12980769230769232 0.14423076923076922
0 0.37259615384615385 0.6730769230769231 0.0889423076923077 0.057692307692307696
0 0.3629807692307692 0.4483173076923077 0.07692307692307693 0.08173076923076923
0 0.2668269230769231 0.5769230769230769 0.03125 0.11298076923076923