0 0.25 0.203125 0.3557692307692308 0.27403846153846156
0 0.48677884615384615 0.2283653846153846 0.20192307692307693 0.18509615384615385
0 0.6286057692307693 0.12379807692307693 0.21634615384615385 0.1778846153846154
0 0.6081730769230769 0.2860576923076923 0.18509615384615385 0.15384615384615385
0 0.36899038461538464 0.4110576923076923 0.2932692307692308 0.22115384615384615
0 0.41225961538461536 0.6081730769230769 0.27884615384615385 0.1971153846153846
0 0.5360576923076923 0.4579326923076923 0.16346153846153846 0.18269230769230768
0 0.6670673076923077 0.4338942307692308 0.17067307692307693 0.14903846153846154
0 0.6213942307692307 0.5769230769230769 0.15865384615384615 0.15865384615384615
0 0.7247596153846154 0.5637019230769231 0.09615384615384616 0.12980769230769232
0 0.5228365384615384 0.7331730769230769 0.19230769230769232 0.16346153846153846
0 0.3737980769230769 0.828125 0.30288461538461536 0.22115384615384615
0 0.734375 0.6875 0.13942307692307693 0.12980769230769232
0 0.6598557692307693 0.7331730769230769 0.16346153846153846 0.1778846153846154
0 0.7271634615384616 0.8317307692307693 0.18509615384615385 0.15865384615384615
0 0.5252403846153846 0.9014423076923077 0.22596153846153846 0.1875
1 0.11658653846153846 0.6646634615384616 0.22355769230769232 0.6658653846153846
1 0.040865384615384616 0.22355769230769232 0.07211538461538461 0.23076923076923078
1 0.3233173076923077 0.9675480769230769 0.20432692307692307 0.06009615384615385
1 0.25721153846153844 0.9302884615384616 0.052884615384615384 0.02403846153846154
1 0.23677884615384615 0.9098557692307693 0.03125 0.03365384615384615
1 0.22956730769230768 0.6141826923076923 0.08653846153846154 0.24759615384615385
1 0.7223557692307693 0.9543269230769231 0.21875 0.08653846153846154
1 0.45072115384615385 0.11177884615384616 0.13942307692307693 0.052884615384615384