0 0.9555288461538461 0.8617788461538461 0.040865384615384616 0.04567307692307692
0 0.9831730769230769 0.9194711538461539 0.028846153846153848 0.03365384615384615
0 0.9278846153846154 0.9194711538461539 0.04807692307692308 0.04567307692307692
0 0.8737980769230769 0.9110576923076923 0.052884615384615384 0.052884615384615384
0 0.8221153846153846 0.8966346153846154 0.038461538461538464 0.04567307692307692
0 0.8425480769230769 0.8365384615384616 0.038461538461538464 0.038461538461538464
0 0.8966346153846154 0.8473557692307693 0.04807692307692308 0.052884615384615384
0 0.9795673076923077 0.7992788461538461 0.03365384615384615 0.04567307692307692
0 0.9675480769230769 0.7415865384615384 0.04326923076923077 0.0673076923076923
0 0.9915865384615384 0.7379807692307693 0.009615384615384616 0.07451923076923077
0 0.9338942307692307 0.7872596153846154 0.055288461538461536 0.057692307692307696
0 0.9278846153846154 0.7295673076923077 0.03365384615384615 0.057692307692307696
0 0.9555288461538461 0.6959134615384616 0.040865384615384616 0.03365384615384615
0 0.9098557692307693 0.6923076923076923 0.019230769230769232 0.028846153846153848
0 0.8882211538461539 0.7211538461538461 0.04326923076923077 0.0625
0 0.8677884615384616 0.7355769230769231 0.04326923076923077 0.057692307692307696
0 0.8774038461538461 0.7788461538461539 0.052884615384615384 0.052884615384615384
0 0.8221153846153846 0.7704326923076923 0.052884615384615384 0.057692307692307696
0 0.7980769230769231 0.7379807692307693 0.03125 0.038461538461538464
0 0.8016826923076923 0.6899038461538461 0.04326923076923077 0.04567307692307692
0 0.8329326923076923 0.7067307692307693 0.04326923076923077 0.057692307692307696
0 0.8617788461538461 0.6899038461538461 0.028846153846153848 0.02403846153846154
0 0.9314903846153846 0.5600961538461539 0.040865384615384616 0.0625
0 0.9278846153846154 0.4879807692307692 0.03365384615384615 0.057692307692307696
0 0.8930288461538461 0.49399038461538464 0.04807692307692308 0.057692307692307696
0 0.8858173076923077 0.43990384615384615 0.040865384615384616 0.052884615384615384
0 0.8617788461538461 0.421875 0.03365384615384615 0.052884615384615384
0 0.8341346153846154 0.4855769230769231 0.040865384615384616 0.052884615384615384
0 0.8581730769230769 0.47716346153846156 0.028846153846153848 0.04567307692307692
0 0.8329326923076923 0.4362980769230769 0.02403846153846154 0.03365384615384615
0 0.8617788461538461 0.5456730769230769 0.04807692307692308 0.03365384615384615
0 0.8930288461538461 0.5973557692307693 0.04807692307692308 0.04567307692307692
0 0.8293269230769231 0.6009615384615384 0.04326923076923077 0.028846153846153848
0 0.7980769230769231 0.5456730769230769 0.052884615384615384 0.04567307692307692
0 0.7908653846153846 0.4831730769230769 0.052884615384615384 0.04567307692307692
0 0.8064903846153846 0.4362980769230769 0.040865384615384616 0.04567307692307692
0 0.7512019230769231 0.5540865384615384 0.028846153846153848 0.052884615384615384
0 0.7536057692307693 0.49759615384615385 0.02403846153846154 0.028846153846153848
0 0.6153846153846154 0.36177884615384615 0.1346153846153846 0.04567307692307692
0 0.6947115384615384 0.4074519230769231 0.016826923076923076 0.02403846153846154
0 0.6754807692307693 0.41947115384615385 0.028846153846153848 0.03365384615384615
0 0.6634615384615384 0.38822115384615385 0.03125 0.028846153846153848
0 0.6442307692307693 0.4110576923076923 0.028846153846153848 0.038461538461538464
0 0.6310096153846154 0.38461538461538464 0.028846153846153848 0.02403846153846154
0 0.6189903846153846 0.41346153846153844 0.02403846153846154 0.03365384615384615
0 0.5985576923076923 0.39663461538461536 0.02403846153846154 0.02403846153846154
0 0.5949519230769231 0.41947115384615385 0.03125 0.02403846153846154
0 0.5637019230769231 0.39663461538461536 0.03125 0.02403846153846154
0 0.78125 0.8882211538461539 0.052884615384615384 0.0625
0 0.7367788461538461 0.9254807692307693 0.04326923076923077 0.03365384615384615
0 0.7451923076923077 0.8305288461538461 0.04807692307692308 0.038461538461538464
0 0.6706730769230769 0.8329326923076923 0.052884615384615384 0.03365384615384615
0 0.7055288461538461 0.8822115384615384 0.038461538461538464 0.038461538461538464
0 0.6742788461538461 0.921875 0.038461538461538464 0.038461538461538464
0 0.6322115384615384 0.9026442307692307 0.038461538461538464 0.04567307692307692
0 0.5877403846153846 0.890625 0.04326923076923077 0.04567307692307692
0 0.5588942307692307 0.9399038461538461 0.04807692307692308 0.052884615384615384
0 0.4891826923076923 0.9362980769230769 0.0625 0.03365384615384615
0 0.5192307692307693 0.8762019230769231 0.057692307692307696 0.0625
0 0.4495192307692308 0.8846153846153846 0.052884615384615384 0.03365384615384615
0 0.7067307692307693 0.6490384615384616 0.040865384615384616 0.057692307692307696
0 0.6622596153846154 0.6550480769230769 0.04807692307692308 0.057692307692307696
0 0.6298076923076923 0.6694711538461539 0.038461538461538464 0.038461538461538464
0 0.5805288461538461 0.671875 0.02403846153846154 0.04567307692307692
0 0.6021634615384616 0.6838942307692307 0.03125 0.04567307692307692
0 0.6189903846153846 0.7271634615384616 0.038461538461538464 0.0625
0 0.6670673076923077 0.75 0.038461538461538464 0.07451923076923077
0 0.7103365384615384 0.7644230769230769 0.040865384615384616 0.057692307692307696
0 0.7391826923076923 0.7524038461538461 0.03125 0.057692307692307696
0 0.7704326923076923 0.7355769230769231 0.02403846153846154 0.04567307692307692
0 0.7463942307692307 0.7043269230769231 0.03125 0.038461538461538464
0 0.7175480769230769 0.7067307692307693 0.03365384615384615 0.04567307692307692
0 0.6826923076923077 0.7151442307692307 0.040865384615384616 0.0625
0 0.7115384615384616 0.53125 0.04326923076923077 0.052884615384615384
0 0.6706730769230769 0.49158653846153844 0.038461538461538464 0.052884615384615384
0 0.6947115384615384 0.5084134615384616 0.02403846153846154 0.038461538461538464
0 0.6598557692307693 0.5396634615384616 0.038461538461538464 0.04567307692307692
0 0.6826923076923077 0.5372596153846154 0.028846153846153848 0.028846153846153848
0 0.6394230769230769 0.5120192307692307 0.03125 0.03365384615384615
0 0.6177884615384616 0.5288461538461539 0.03365384615384615 0.0673076923076923
0 0.6033653846153846 0.49759615384615385 0.019230769230769232 0.016826923076923076
0 0.5745192307692307 0.49399038461538464 0.04326923076923077 0.057692307692307696
0 0.5745192307692307 0.5372596153846154 0.04326923076923077 0.052884615384615384
0 0.4951923076923077 0.5372596153846154 0.03125 0.038461538461538464
0 0.5276442307692307 0.5288461538461539 0.028846153846153848 0.04567307692307692
0 0.5552884615384616 0.5456730769230769 0.03365384615384615 0.03365384615384615
0 0.546875 0.5060096153846154 0.02403846153846154 0.02403846153846154
0 0.6875 0.5925480769230769 0.038461538461538464 0.03365384615384615
0 0.6310096153846154 0.5949519230769231 0.03365384615384615 0.028846153846153848
0 0.578125 0.5949519230769231 0.03125 0.038461538461538464
0 0.5204326923076923 0.5889423076923077 0.03365384615384615 0.028846153846153848
0 0.45913461538461536 0.5973557692307693 0.03365384615384615 0.03365384615384615
0 0.40865384615384615 0.5973557692307693 0.038461538461538464 0.03365384615384615
0 0.34975961538461536 0.5949519230769231 0.03125 0.028846153846153848
0 0.2980769230769231 0.5949519230769231 0.03125 0.028846153846153848
0 0.49278846153846156 0.6382211538461539 0.03365384615384615 0.03365384615384615
0 0.5564903846153846 0.6442307692307693 0.038461538461538464 0.03365384615384615
0 0.6057692307692307 0.640625 0.02403846153846154 0.028846153846153848
0 0.43149038461538464 0.6466346153846154 0.028846153846153848 0.028846153846153848
0 0.46033653846153844 0.6862980769230769 0.03125 0.028846153846153848
0 0.45913461538461536 0.5432692307692307 0.028846153846153848 0.038461538461538464
0 0.45913461538461536 0.49759615384615385 0.03365384615384615 0.038461538461538464
0 0.43149038461538464 0.5168269230769231 0.028846153846153848 0.02403846153846154
0 0.4326923076923077 0.5396634615384616 0.038461538461538464 0.03365384615384615
0 0.40024038461538464 0.5 0.040865384615384616 0.03365384615384615
0 0.4050480769230769 0.5432692307692307 0.03125 0.038461538461538464
0 0.37740384615384615 0.5492788461538461 0.02403846153846154 0.052884615384615384
0 0.34615384615384615 0.5348557692307693 0.03125 0.04567307692307692
0 0.30288461538461536 0.5264423076923077 0.028846153846153848 0.0625
0 0.3245192307692308 0.5264423076923077 0.014423076923076924 0.038461538461538464
0 0.12740384615384615 0.4026442307692308 0.03365384615384615 0.03365384615384615
0 0.15985576923076922 0.4110576923076923 0.03125 0.052884615384615384
0 0.12620192307692307 0.421875 0.038461538461538464 0.038461538461538464
0 0.06610576923076923 0.43149038461538464 0.03365384615384615 0.03365384615384615
0 0.09615384615384616 0.42788461538461536 0.03365384615384615 0.038461538461538464
0 0.06009615384615385 0.4651442307692308 0.04326923076923077 0.04567307692307692
0 0.039663461538461536 0.49399038461538464 0.04326923076923077 0.04567307692307692
0 0.11538461538461539 0.49399038461538464 0.04326923076923077 0.04567307692307692
0 0.15504807692307693 0.4735576923076923 0.040865384615384616 0.052884615384615384
0 0.1201923076923077 0.46033653846153844 0.040865384615384616 0.02403846153846154
0 0.18389423076923078 0.5168269230769231 0.04326923076923077 0.08173076923076923
0 0.14302884615384615 0.5456730769230769 0.04326923076923077 0.02403846153846154
0 0.07932692307692307 0.5432692307692307 0.04807692307692308 0.038461538461538464
0 0.04447115384615385 0.5925480769230769 0.04807692307692308 0.04567307692307692
0 0.10817307692307693 0.5925480769230769 0.04326923076923077 0.03365384615384615
0 0.17548076923076922 0.5925480769230769 0.040865384615384616 0.03365384615384615
0 0.13581730769230768 0.6670673076923077 0.03125 0.02403846153846154
0 0.1658653846153846 0.6983173076923077 0.040865384615384616 0.0625
0 0.1971153846153846 0.7043269230769231 0.03365384615384615 0.052884615384615384
0 0.12740384615384615 0.7103365384615384 0.040865384615384616 0.052884615384615384
0 0.15745192307692307 0.7475961538461539 0.038461538461538464 0.02403846153846154
0 0.1814903846153846 0.7620192307692307 0.038461538461538464 0.0625
0 0.21875 0.7379807692307693 0.03125 0.052884615384615384
0 0.2091346153846154 0.7932692307692307 0.052884615384615384 0.057692307692307696
0 0.1502403846153846 0.7872596153846154 0.052884615384615384 0.04567307692307692
0 0.07451923076923077 0.6694711538461539 0.038461538461538464 0.028846153846153848
0 0.04447115384615385 0.6983173076923077 0.03365384615384615 0.052884615384615384
0 0.07211538461538461 0.7127403846153846 0.040865384615384616 0.04567307692307692
0 0.09254807692307693 0.7439903846153846 0.028846153846153848 0.052884615384615384
0 0.12620192307692307 0.7584134615384616 0.038461538461538464 0.04567307692307692
0 0.09254807692307693 0.7872596153846154 0.03365384615384615 0.03365384615384615
0 0.0625 0.7644230769230769 0.03365384615384615 0.057692307692307696
0 0.040865384615384616 0.7379807692307693 0.028846153846153848 0.038461538461538464
0 0.015625 0.71875 0.03125 0.057692307692307696
0 0.01201923076923077 0.7764423076923077 0.02403846153846154 0.057692307692307696
0 0.03245192307692308 0.7932692307692307 0.03125 0.057692307692307696
0 0.17427884615384615 0.8533653846153846 0.052884615384615384 0.038461538461538464
0 0.09254807692307693 0.859375 0.040865384615384616 0.052884615384615384
0 0.020432692307692308 0.859375 0.040865384615384616 0.052884615384615384
0 0.03245192307692308 0.9338942307692307 0.052884615384615384 0.0625
0 0.09615384615384616 0.9362980769230769 0.04807692307692308 0.04567307692307692
0 0.1466346153846154 0.9278846153846154 0.052884615384615384 0.052884615384615384
0 0.19951923076923078 0.9134615384615384 0.040865384615384616 0.04567307692307692
0 0.2620192307692308 0.9314903846153846 0.040865384615384616 0.04567307692307692
0 0.33653846153846156 0.9399038461538461 0.052884615384615384 0.028846153846153848
0 0.4074519230769231 0.9278846153846154 0.040865384615384616 0.052884615384615384
0 0.37259615384615385 0.8942307692307693 0.055288461538461536 0.0625
0 0.3004807692307692 0.8942307692307693 0.055288461538461536 0.038461538461538464
0 0.2620192307692308 0.8557692307692307 0.04807692307692308 0.057692307692307696
0 0.3329326923076923 0.8329326923076923 0.04326923076923077 0.057692307692307696
0 0.4074519230769231 0.8449519230769231 0.040865384615384616 0.0673076923076923
0 0.4483173076923077 0.8161057692307693 0.03365384615384615 0.0673076923076923
0 0.4891826923076923 0.8185096153846154 0.04807692307692308 0.052884615384615384
0 0.5588942307692307 0.8137019230769231 0.040865384615384616 0.0625
0 0.5913461538461539 0.8076923076923077 0.03125 0.052884615384615384
0 0.5228365384615384 0.7992788461538461 0.03125 0.04567307692307692
0 0.5841346153846154 0.7584134615384616 0.03125 0.04567307692307692
0 0.5588942307692307 0.7151442307692307 0.019230769230769232 0.016826923076923076
0 0.5276442307692307 0.7127403846153846 0.03365384615384615 0.03365384615384615
0 0.4951923076923077 0.7103365384615384 0.038461538461538464 0.028846153846153848
0 0.5072115384615384 0.7524038461538461 0.040865384615384616 0.057692307692307696
0 0.5480769230769231 0.7584134615384616 0.040865384615384616 0.04567307692307692
0 0.4723557692307692 0.7620192307692307 0.040865384615384616 0.028846153846153848
0 0.46875 0.7415865384615384 0.040865384615384616 0.03365384615384615
0 0.45913461538461536 0.7127403846153846 0.03365384615384615 0.02403846153846154
0 0.4338942307692308 0.7211538461538461 0.028846153846153848 0.028846153846153848
0 0.44350961538461536 0.7584134615384616 0.02403846153846154 0.03365384615384615
0 0.3701923076923077 0.7704326923076923 0.04326923076923077 0.057692307692307696
0 0.4050480769230769 0.7560096153846154 0.03125 0.07451923076923077
0 0.39302884615384615 0.7043269230769231 0.03365384615384615 0.052884615384615384
0 0.3701923076923077 0.6610576923076923 0.038461538461538464 0.0673076923076923
0 0.3942307692307692 0.6550480769230769 0.02403846153846154 0.02403846153846154
0 0.3329326923076923 0.6634615384615384 0.038461538461538464 0.08653846153846154
0 0.29086538461538464 0.671875 0.04326923076923077 0.08173076923076923
0 0.25721153846153844 0.6778846153846154 0.03125 0.057692307692307696
0 0.2620192307692308 0.7584134615384616 0.03365384615384615 0.09134615384615384
0 0.2980769230769231 0.7524038461538461 0.04326923076923077 0.10336538461538461
0 0.33653846153846156 0.7355769230769231 0.038461538461538464 0.0673076923076923
0 0.37259615384615385 0.7728365384615384 0.04807692307692308 0.052884615384615384
0 0.13221153846153846 0.8473557692307693 0.03125 0.028846153846153848
0 0.0829326923076923 0.5396634615384616 0.040865384615384616 0.03365384615384615
0 0.19831730769230768 0.390625 0.03125 0.03365384615384615
0 0.23317307692307693 0.38461538461538464 0.03125 0.04567307692307692
0 0.2704326923076923 0.38822115384615385 0.03125 0.052884615384615384
0 0.203125 0.43149038461538464 0.03365384615384615 0.03365384615384615
0 0.2536057692307692 0.43149038461538464 0.038461538461538464 0.03365384615384615
0 0.40384615384615385 0.39903846153846156 0.028846153846153848 0.028846153846153848
0 0.42427884615384615 0.4543269230769231 0.03365384615384615 0.03365384615384615
0 0.3894230769230769 0.4567307692307692 0.028846153846153848 0.028846153846153848
0 0.35697115384615385 0.47115384615384615 0.038461538461538464 0.04567307692307692
0 0.3125 0.4543269230769231 0.04326923076923077 0.08173076923076923
0 0.328125 0.421875 0.040865384615384616 0.0625