0 0.5360576923076923 0.5108173076923077 0.1875 0.19951923076923078
0 0.5432692307692307 0.31971153846153844 0.19230769230769232 0.24759615384615385
0 0.4423076923076923 0.28966346153846156 0.20673076923076922 0.20673076923076922
0 0.3473557692307692 0.4651442307692308 0.18028846153846154 0.33413461538461536
0 0.28125 0.3329326923076923 0.125 0.12740384615384615
0 0.23197115384615385 0.44350961538461536 0.08173076923076923 0.125
0 0.2403846153846154 0.5324519230769231 0.2620192307692308 0.14182692307692307
0 0.2512019230769231 0.65625 0.14182692307692307 0.1201923076923077
0 0.31971153846153844 0.6875 0.19230769230769232 0.18269230769230768
0 0.4891826923076923 0.6694711538461539 0.20192307692307693 0.11538461538461539
0 0.6995192307692307 0.5913461538461539 0.2620192307692308 0.1778846153846154
0 0.5793269230769231 0.4651442307692308 0.7427884615384616 0.7403846153846154
0 0.5012019230769231 0.9074519230769231 0.5120192307692307 0.18028846153846154
0 0.6778846153846154 0.8112980769230769 0.21875 0.1466346153846154
0 0.7572115384615384 0.8713942307692307 0.17307692307692307 0.25240384615384615
0 0.6262019230769231 0.8461538461538461 0.6947115384615384 0.30288461538461536