0 0.5504807692307693 0.5853365384615384 0.5144230769230769 0.6754807692307693
0 0.8305288461538461 0.7271634615384616 0.2932692307692308 0.4326923076923077
0 0.8846153846153846 0.9254807692307693 0.22355769230769232 0.13942307692307693
0 0.5132211538461539 0.9206730769230769 0.37740384615384615 0.14903846153846154
0 0.17427884615384615 0.6646634615384616 0.3485576923076923 0.5048076923076923
0 0.3629807692307692 0.17908653846153846 0.30288461538461536 0.35336538461538464
0 0.6814903846153846 0.24519230769230768 0.3605769230769231 0.3870192307692308
0 0.828125 0.2860576923076923 0.1875 0.4807692307692308
0 0.046875 0.23677884615384615 0.09375 0.41346153846153844
0 0.1310096153846154 0.125 0.2091346153846154 0.24519230769230768
0 0.21995192307692307 0.028846153846153848 0.125 0.057692307692307696
0 0.5793269230769231 0.039663461538461536 0.24519230769230768 0.07451923076923077
0 0.8040865384615384 0.04326923076923077 0.18509615384615385 0.08173076923076923
0 0.9423076923076923 0.04567307692307692 0.11057692307692307 0.08653846153846154
0 0.03485576923076923 0.02283653846153846 0.06490384615384616 0.040865384615384616