0 0.028846153846153848 0.7067307692307693 0.05048076923076923 0.2620192307692308
0 0.09975961538461539 0.8846153846153846 0.19230769230769232 0.21875
0 0.25 0.9747596153846154 0.11538461538461539 0.038461538461538464
0 0.125 0.625 0.19230769230769232 0.3004807692307692
0 0.2536057692307692 0.8028846153846154 0.18269230769230768 0.3076923076923077
0 0.40384615384615385 0.8966346153846154 0.18269230769230768 0.19230769230769232
0 0.051682692307692304 0.38100961538461536 0.09615384615384616 0.33653846153846156
0 0.10096153846153846 0.13942307692307693 0.1971153846153846 0.27403846153846156
0 0.20192307692307693 0.34975961538461536 0.20432692307692307 0.33653846153846156
0 0.33533653846153844 0.5564903846153846 0.21153846153846154 0.3125
0 0.4795673076923077 0.6911057692307693 0.17548076923076922 0.3076923076923077
0 0.5649038461538461 0.9122596153846154 0.13701923076923078 0.16346153846153846
0 0.6850961538461539 0.9158653846153846 0.1201923076923077 0.15625
0 0.8016826923076923 0.8942307692307693 0.13701923076923078 0.19951923076923078
0 0.9182692307692307 0.9591346153846154 0.08653846153846154 0.0673076923076923
0 0.9026442307692307 0.7932692307692307 0.14423076923076922 0.25
0 0.9579326923076923 0.890625 0.08173076923076923 0.20673076923076922
0 0.9627403846153846 0.6454326923076923 0.06971153846153846 0.2620192307692308
0 0.8689903846153846 0.5276442307692307 0.15384615384615385 0.28125
0 0.7668269230769231 0.6658653846153846 0.14182692307692307 0.2692307692307692
0 0.6370192307692307 0.7247596153846154 0.14182692307692307 0.28846153846153844
0 0.9507211538461539 0.390625 0.09375 0.24759615384615385
0 0.9771634615384616 0.20552884615384615 0.040865384615384616 0.1658653846153846
0 0.9447115384615384 0.0733173076923077 0.10576923076923077 0.14182692307692307
0 0.8689903846153846 0.2247596153846154 0.15384615384615385 0.2620192307692308
0 0.7608173076923077 0.36538461538461536 0.16346153846153846 0.2692307692307692
0 0.6502403846153846 0.44711538461538464 0.17548076923076922 0.2548076923076923
0 0.5036057692307693 0.3942307692307692 0.15865384615384615 0.27403846153846156
0 0.36899038461538464 0.234375 0.1778846153846154 0.3173076923076923
0 0.25841346153846156 0.0733173076923077 0.17067307692307693 0.14182692307692307
0 0.46033653846153844 0.08533653846153846 0.19951923076923078 0.1658653846153846
0 0.5793269230769231 0.1875 0.16826923076923078 0.27403846153846156
0 0.7151442307692307 0.12379807692307693 0.17548076923076922 0.24278846153846154
0 0.8305288461538461 0.06129807692307692 0.13701923076923078 0.11778846153846154
0 0.6129807692307693 0.026442307692307692 0.1201923076923077 0.04807692307692308