0 0.6526442307692307 0.40865384615384615 0.0625 0.21634615384615385
0 0.20552884615384615 0.36778846153846156 0.0625 0.1778846153846154
0 0.16706730769230768 0.38221153846153844 0.0673076923076923 0.12980769230769232
0 0.23076923076923078 0.3762019230769231 0.040865384615384616 0.14423076923076922
0 0.2620192307692308 0.3870192307692308 0.05048076923076923 0.11298076923076923
0 0.09375 0.46033653846153844 0.040865384615384616 0.0625
0 0.0985576923076923 0.5348557692307693 0.05048076923076923 0.15625
0 0.11177884615384616 0.5192307692307693 0.05048076923076923 0.14423076923076922
0 0.12980769230769232 0.5324519230769231 0.057692307692307696 0.15384615384615385
0 0.14783653846153846 0.5372596153846154 0.057692307692307696 0.16105769230769232
0 0.18990384615384615 0.5396634615384616 0.03365384615384615 0.13942307692307693
0 0.18509615384615385 0.21754807692307693 0.07692307692307693 0.10576923076923077
0 0.21634615384615385 0.2283653846153846 0.0673076923076923 0.10817307692307693
0 0.23798076923076922 0.234375 0.04567307692307692 0.08653846153846154
0 0.20793269230769232 0.08533653846153846 0.040865384615384616 0.09134615384615384
0 0.23076923076923078 0.09134615384615384 0.057692307692307696 0.10576923076923077
0 0.2764423076923077 0.09735576923076923 0.057692307692307696 0.07211538461538461
0 0.22115384615384615 0.1502403846153846 0.09615384615384616 0.038461538461538464
0 0.2920673076923077 0.020432692307692308 0.06490384615384616 0.040865384615384616
0 0.24158653846153846 0.018028846153846152 0.03125 0.036057692307692304
0 0.21514423076923078 0.013221153846153846 0.036057692307692304 0.026442307692307692
0 0.6706730769230769 0.6346153846153846 0.0625 0.22596153846153846
0 0.7379807692307693 0.6394230769230769 0.07692307692307693 0.23557692307692307
0 0.7079326923076923 0.41346153846153844 0.07211538461538461 0.22596153846153846
0 0.7716346153846154 0.4483173076923077 0.0625 0.2956730769230769
0 0.8173076923076923 0.4266826923076923 0.07211538461538461 0.25240384615384615
0 0.8173076923076923 0.4483173076923077 0.10096153846153846 0.3317307692307692
0 0.9242788461538461 0.3918269230769231 0.07692307692307693 0.21634615384615385
0 0.9014423076923077 0.41947115384615385 0.08653846153846154 0.29086538461538464
0 0.9615384615384616 0.42908653846153844 0.07211538461538461 0.30528846153846156
0 0.8245192307692307 0.1778846153846154 0.040865384615384616 0.19230769230769232
0 0.8040865384615384 0.2091346153846154 0.0625 0.14903846153846154
0 0.8605769230769231 0.21514423076923078 0.03365384615384615 0.15384615384615385
0 0.6670673076923077 0.23076923076923078 0.036057692307692304 0.12980769230769232
0 0.7055288461538461 0.21033653846153846 0.040865384615384616 0.10817307692307693
0 0.7307692307692307 0.21033653846153846 0.036057692307692304 0.09134615384615384
0 0.7536057692307693 0.20192307692307693 0.0625 0.11778846153846154
0 0.9338942307692307 0.171875 0.08653846153846154 0.1971153846153846
0 0.90625 0.171875 0.040865384615384616 0.21153846153846154
0 0.9939903846153846 0.3269230769230769 0.007211538461538462 0.07211538461538461
0 0.9915865384615384 0.18990384615384615 0.01201923076923077 0.0673076923076923
0 0.9891826923076923 0.0829326923076923 0.016826923076923076 0.04567307692307692
0 0.04326923076923077 0.8497596153846154 0.07692307692307693 0.10817307692307693
0 0.17067307692307693 0.8569711538461539 0.10576923076923077 0.10576923076923077
0 0.05889423076923077 0.7019230769230769 0.10096153846153846 0.10096153846153846
0 0.109375 0.6310096153846154 0.07211538461538461 0.016826923076923076
0 0.203125 0.7091346153846154 0.11538461538461539 0.1201923076923077
0 0.33052884615384615 0.8389423076923077 0.125 0.11298076923076923
0 0.3701923076923077 0.6995192307692307 0.11057692307692307 0.10576923076923077
0 0.5733173076923077 0.7211538461538461 0.125 0.11298076923076923
0 0.5528846153846154 0.8581730769230769 0.11057692307692307 0.11778846153846154
0 0.7007211538461539 0.8737980769230769 0.13221153846153846 0.11298076923076923
0 0.8245192307692307 0.90625 0.03365384615384615 0.10817307692307693
0 0.8064903846153846 0.9002403846153846 0.014423076923076924 0.09615384615384616
0 0.8533653846153846 0.8954326923076923 0.036057692307692304 0.12980769230769232
0 0.8810096153846154 0.9026442307692307 0.028846153846153848 0.10817307692307693
0 0.90625 0.8978365384615384 0.02403846153846154 0.10817307692307693
0 0.9182692307692307 0.8810096153846154 0.019230769230769232 0.057692307692307696
0 0.7944711538461539 0.7475961538461539 0.036057692307692304 0.09615384615384616
0 0.8076923076923077 0.7475961538461539 0.028846153846153848 0.06971153846153846
0 0.8269230769230769 0.734375 0.028846153846153848 0.052884615384615384
0 0.8497596153846154 0.7608173076923077 0.0625 0.11298076923076923
0 0.8629807692307693 0.7668269230769231 0.055288461538461536 0.06490384615384616
0 0.8725961538461539 0.7800480769230769 0.04567307692307692 0.04807692307692308
0 0.8557692307692307 0.6454326923076923 0.03365384615384615 0.09134615384615384
0 0.8810096153846154 0.6454326923076923 0.028846153846153848 0.10096153846153846
0 0.9038461538461539 0.6478365384615384 0.036057692307692304 0.10576923076923077
0 0.9387019230769231 0.6526442307692307 0.05048076923076923 0.09615384615384616
0 0.9495192307692307 0.6526442307692307 0.036057692307692304 0.07692307692307693
0 0.9699519230769231 0.7872596153846154 0.05048076923076923 0.11298076923076923
0 0.9411057692307693 0.7956730769230769 0.028846153846153848 0.11298076923076923
0 0.9807692307692307 0.7764423076923077 0.03365384615384615 0.10096153846153846
0 0.9831730769230769 0.9350961538461539 0.03365384615384615 0.125
0 0.9639423076923077 0.9326923076923077 0.028846153846153848 0.11778846153846154
0 0.9939903846153846 0.6322115384615384 0.007211538461538462 0.057692307692307696
0 0.5564903846153846 0.5865384615384616 0.12740384615384615 0.10576923076923077
0 0.42908653846153844 0.5805288461538461 0.11057692307692307 0.10096153846153846
0 0.28365384615384615 0.5649038461538461 0.12740384615384615 0.10576923076923077
0 0.35216346153846156 0.4675480769230769 0.11057692307692307 0.10096153846153846
0 0.49038461538461536 0.4651442307692308 0.10576923076923077 0.09615384615384616
0 0.3629807692307692 0.35216346153846156 0.10576923076923077 0.07692307692307693
0 0.3245192307692308 0.25841346153846156 0.09134615384615384 0.07211538461538461
0 0.4387019230769231 0.2692307692307692 0.10096153846153846 0.07692307692307693
0 0.5733173076923077 0.27884615384615385 0.09615384615384616 0.07692307692307693
0 0.5108173076923077 0.36538461538461536 0.09134615384615384 0.08653846153846154
0 0.018028846153846152 0.47596153846153844 0.028846153846153848 0.09134615384615384
0 0.078125 0.34975961538461536 0.1466346153846154 0.14423076923076922
0 0.07932692307692307 0.21033653846153846 0.14903846153846154 0.125
0 0.07932692307692307 0.10216346153846154 0.14903846153846154 0.09134615384615384
0 0.08413461538461539 0.02403846153846154 0.15865384615384615 0.04807692307692308