0 0.5408653846153846 0.6622596153846154 0.4951923076923077 0.45913461538461536
0 0.8064903846153846 0.8918269230769231 0.375 0.2091346153846154
0 0.4050480769230769 0.9230769230769231 0.44711538461538464 0.1466346153846154
0 0.18870192307692307 0.9098557692307693 0.22115384615384615 0.17548076923076922
0 0.19831730769230768 0.5985576923076923 0.36538461538461536 0.3173076923076923
0 0.10096153846153846 0.7415865384615384 0.20192307692307693 0.08653846153846154
0 0.036057692307692304 0.8209134615384616 0.07211538461538461 0.1875
0 0.08533653846153846 0.43990384615384615 0.17067307692307693 0.16826923076923078
0 0.07211538461538461 0.3942307692307692 0.14423076923076922 0.1466346153846154
0 0.41466346153846156 0.47836538461538464 0.3870192307692308 0.2403846153846154
0 0.8629807692307693 0.6622596153846154 0.2644230769230769 0.38221153846153844
0 0.8112980769230769 0.47716346153846156 0.36538461538461536 0.23557692307692307
0 0.5721153846153846 0.2668269230769231 0.35096153846153844 0.4014423076923077
0 0.7680288461538461 0.203125 0.27884615384615385 0.28846153846153844
0 0.875 0.09975961538461539 0.24519230769230768 0.19471153846153846
0 0.9206730769230769 0.2920673076923077 0.14903846153846154 0.1971153846153846
0 0.4338942307692308 0.054086538461538464 0.3870192307692308 0.10336538461538461
0 0.17548076923076922 0.21634615384615385 0.23557692307692307 0.30288461538461536