0 0.15625 0.5408653846153846 0.22596153846153846 0.3605769230769231
0 0.296875 0.5240384615384616 0.20673076923076922 0.44711538461538464
0 0.4230769230769231 0.671875 0.3245192307692308 0.3269230769230769
0 0.6274038461538461 0.7079326923076923 0.375 0.18028846153846154
0 0.8545673076923077 0.4807692307692308 0.15384615384615385 0.41586538461538464
0 0.7451923076923077 0.5408653846153846 0.13942307692307693 0.2091346153846154
0 0.6959134615384616 0.3858173076923077 0.25 0.20192307692307693
0 0.609375 0.5432692307692307 0.1346153846153846 0.22355769230769232
0 0.5168269230769231 0.4014423076923077 0.10096153846153846 0.24519230769230768
0 0.5853365384615384 0.19110576923076922 0.11057692307692307 0.28365384615384615
0 0.47836538461538464 0.24879807692307693 0.11298076923076923 0.2692307692307692
0 0.30408653846153844 0.21033653846153846 0.1346153846153846 0.28846153846153844
0 0.14543269230769232 0.3473557692307692 0.15384615384615385 0.53125