0 0.4639423076923077 0.4891826923076923 0.1875 0.19951923076923078
0 0.4567307692307692 0.6802884615384616 0.19230769230769232 0.24759615384615385
0 0.5576923076923077 0.7103365384615384 0.20673076923076922 0.20673076923076922
0 0.6526442307692307 0.5348557692307693 0.18028846153846154 0.33413461538461536
0 0.71875 0.6670673076923077 0.125 0.12740384615384615
0 0.7680288461538461 0.5564903846153846 0.08173076923076923 0.125
0 0.7596153846153846 0.4675480769230769 0.2620192307692308 0.14182692307692307
0 0.7487980769230769 0.34375 0.14182692307692307 0.1201923076923077
0 0.6802884615384616 0.3125 0.19230769230769232 0.18269230769230768
0 0.5108173076923077 0.33052884615384615 0.20192307692307693 0.11538461538461539
0 0.3004807692307692 0.40865384615384615 0.2620192307692308 0.1778846153846154
0 0.4206730769230769 0.5348557692307693 0.7427884615384616 0.7403846153846154
0 0.5 0.09134615384615384 0.5096153846153846 0.18269230769230768
0 0.32211538461538464 0.18870192307692307 0.21875 0.14423076923076922
0 0.24278846153846154 0.12740384615384615 0.16826923076923078 0.2548076923076923
0 0.3737980769230769 0.15264423076923078 0.6923076923076923 0.30528846153846156