0 0.9555288461538461 0.9615384615384616 0.08413461538461539 0.07211538461538461
0 0.9663461538461539 0.8389423076923077 0.0625 0.16826923076923078
0 0.9375 0.6959134615384616 0.10096153846153846 0.23557692307692307
0 0.8617788461538461 0.6322115384615384 0.09615384615384616 0.23557692307692307
0 0.9627403846153846 0.6045673076923077 0.06971153846153846 0.13701923076923078
0 0.9302884615384616 0.42427884615384615 0.1346153846153846 0.3004807692307692
0 0.7055288461538461 0.39903846153846156 0.20192307692307693 0.17307692307692307
0 0.6346153846153846 0.23918269230769232 0.17548076923076922 0.16826923076923078
0 0.5552884615384616 0.36177884615384615 0.17548076923076922 0.2980769230769231
0 0.41225961538461536 0.390625 0.13942307692307693 0.28125
0 0.27163461538461536 0.5180288461538461 0.1875 0.2644230769230769
0 0.21875 0.6538461538461539 0.11057692307692307 0.19230769230769232
0 0.11177884615384616 0.6430288461538461 0.10096153846153846 0.16105769230769232
0 0.06610576923076923 0.7079326923076923 0.08653846153846154 0.1778846153846154
0 0.051682692307692304 0.8521634615384616 0.09615384615384616 0.16105769230769232
0 0.026442307692307692 0.9699519230769231 0.04807692307692308 0.055288461538461536
0 0.16706730769230768 0.8545673076923077 0.14423076923076922 0.1971153846153846
0 0.29086538461538464 0.7920673076923077 0.13942307692307693 0.20673076923076922
0 0.3557692307692308 0.9519230769230769 0.21153846153846154 0.09134615384615384
0 0.19831730769230768 0.9651442307692307 0.10817307692307693 0.06490384615384616
0 0.41466346153846156 0.78125 0.10576923076923077 0.21875
0 0.42788461538461536 0.5805288461538461 0.1346153846153846 0.23557692307692307
0 0.4831730769230769 0.578125 0.0985576923076923 0.16826923076923078
0 0.6117788461538461 0.7475961538461539 0.14423076923076922 0.20192307692307693
0 0.7524038461538461 0.859375 0.12980769230769232 0.25961538461538464
0 0.8629807692307693 0.8930288461538461 0.10576923076923077 0.17307692307692307
0 0.84375 0.7764423076923077 0.0673076923076923 0.10576923076923077
0 0.7524038461538461 0.49278846153846156 0.20673076923076922 0.23557692307692307
0 0.5949519230769231 0.609375 0.17067307692307693 0.21875
0 0.734375 0.671875 0.16826923076923078 0.1346153846153846
0 0.5997596153846154 0.8870192307692307 0.1658653846153846 0.22115384615384615
0 0.5132211538461539 0.9266826923076923 0.13701923076923078 0.14423076923076922