0 0.625 0.2283653846153846 0.37740384615384615 0.3942307692307692
0 0.9579326923076923 0.14302884615384615 0.07932692307692307 0.06971153846153846
0 0.9423076923076923 0.2091346153846154 0.08173076923076923 0.052884615384615384
0 0.9879807692307693 0.20432692307692307 0.019230769230769232 0.04807692307692308
0 0.7836538461538461 0.9735576923076923 0.10096153846153846 0.04807692307692308
0 0.28846153846153844 0.39302884615384615 0.38221153846153844 0.3942307692307692
0 0.7151442307692307 0.5961538461538461 0.33653846153846156 0.33653846153846156
0 0.3004807692307692 0.7884615384615384 0.40384615384615385 0.3942307692307692
0 0.20673076923076922 0.18870192307692307 0.23557692307692307 0.15384615384615385
0 0.0889423076923077 0.09735576923076923 0.16826923076923078 0.1875
0 0.037259615384615384 0.2776442307692308 0.0673076923076923 0.18269230769230768