0 0.4182692307692308 0.29086538461538464 0.33413461538461536 0.3629807692307692
0 0.24519230769230768 0.5048076923076923 0.32211538461538464 0.3942307692307692
0 0.09615384615384616 0.6995192307692307 0.18269230769230768 0.3918269230769231
0 0.3173076923076923 0.7836538461538461 0.28365384615384615 0.35336538461538464
0 0.5336538461538461 0.546875 0.27884615384615385 0.36778846153846156
0 0.7331730769230769 0.33533653846153844 0.33413461538461536 0.4423076923076923
0 0.8725961538461539 0.5396634615384616 0.25 0.36778846153846156
0 0.7055288461538461 0.7415865384615384 0.2692307692307692 0.3485576923076923
0 0.5168269230769231 0.8665865384615384 0.2692307692307692 0.2620192307692308
0 0.24158653846153846 0.9266826923076923 0.25240384615384615 0.14182692307692307
0 0.7680288461538461 0.8990384615384616 0.25240384615384615 0.1971153846153846