0 0.15865384615384615 0.17067307692307693 0.18269230769230768 0.20673076923076922
0 0.125 0.037259615384615384 0.1346153846153846 0.0625
0 0.1814903846153846 0.3449519230769231 0.1346153846153846 0.1201923076923077
0 0.8016826923076923 0.4423076923076923 0.35096153846153844 0.4735576923076923
0 0.5108173076923077 0.22355769230769232 0.33653846153846156 0.4375
0 0.33052884615384615 0.06009615384615385 0.15384615384615385 0.11057692307692307
0 0.7151442307692307 0.12139423076923077 0.21634615384615385 0.23076923076923078
0 0.9122596153846154 0.2644230769230769 0.17067307692307693 0.5240384615384616
0 0.8353365384615384 0.14783653846153846 0.08653846153846154 0.15865384615384615
0 0.7584134615384616 0.18629807692307693 0.06009615384615385 0.0889423076923077
0 0.9326923076923077 0.6971153846153846 0.12980769230769232 0.36538461538461536
0 0.9459134615384616 0.9074519230769231 0.10817307692307693 0.18028846153846154
0 0.7728365384615384 0.8305288461538461 0.3245192307692308 0.33413461538461536
0 0.5240384615384616 0.7163461538461539 0.3245192307692308 0.4735576923076923
0 0.4098557692307692 0.9435096153846154 0.19471153846153846 0.10817307692307693
0 0.19591346153846154 0.8233173076923077 0.15865384615384615 0.35096153846153844
0 0.11899038461538461 0.7319711538461539 0.019230769230769232 0.03125
0 0.06009615384615385 0.6262019230769231 0.014423076923076924 0.03125
0 0.11899038461538461 0.5793269230769231 0.026442307692307692 0.03125
0 0.08533653846153846 0.47115384615384615 0.026442307692307692 0.038461538461538464
0 0.12860576923076922 0.43990384615384615 0.028846153846153848 0.04807692307692308
0 0.10697115384615384 0.42908653846153844 0.019230769230769232 0.026442307692307692
0 0.2644230769230769 0.5444711538461539 0.2644230769230769 0.34134615384615385
0 0.3004807692307692 0.3317307692307692 0.09375 0.125
0 0.31490384615384615 0.22355769230769232 0.09375 0.20673076923076922
0 0.19230769230769232 0.3317307692307692 0.12980769230769232 0.11538461538461539
0 0.31490384615384615 0.7319711538461539 0.125 0.15865384615384615