0 0.9651442307692307 0.6081730769230769 0.0673076923076923 0.4182692307692308
0 0.9110576923076923 0.3389423076923077 0.17307692307692307 0.6610576923076923
0 0.8209134615384616 0.27884615384615385 0.02403846153846154 0.08653846153846154
0 0.8004807692307693 0.1778846153846154 0.038461538461538464 0.0625
0 0.8052884615384616 0.234375 0.014423076923076924 0.03365384615384615
0 0.7872596153846154 0.11298076923076923 0.02403846153846154 0.06971153846153846
0 0.7608173076923077 0.21754807692307693 0.028846153846153848 0.06971153846153846
0 0.7800480769230769 0.04326923076923077 0.02403846153846154 0.06971153846153846
0 0.8197115384615384 0.039663461538461536 0.036057692307692304 0.0625
0 0.7908653846153846 0.5961538461538461 0.0985576923076923 0.3389423076923077
0 0.7139423076923077 0.44350961538461536 0.0673076923076923 0.38221153846153844
0 0.7391826923076923 0.22115384615384615 0.17307692307692307 0.42788461538461536
0 0.5817307692307693 0.4387019230769231 0.11057692307692307 0.375
0 0.6262019230769231 0.33533653846153844 0.11778846153846154 0.6538461538461539
0 0.5360576923076923 0.33533653846153844 0.019230769230769232 0.0625
0 0.5216346153846154 0.3389423076923077 0.009615384615384616 0.052884615384615384
0 0.515625 0.2692307692307692 0.019230769230769232 0.052884615384615384
0 0.5612980769230769 0.29086538461538464 0.02403846153846154 0.04326923076923077
0 0.5673076923076923 0.2127403846153846 0.01201923076923077 0.04326923076923077
0 0.5625 0.11298076923076923 0.009615384615384616 0.052884615384615384
0 0.5456730769230769 0.1310096153846154 0.014423076923076924 0.06971153846153846
0 0.5276442307692307 0.1346153846153846 0.019230769230769232 0.0625
0 0.5168269230769231 0.19951923076923078 0.014423076923076924 0.03365384615384615
0 0.5192307692307693 0.03485576923076923 0.02403846153846154 0.052884615384615384
0 0.5408653846153846 0.051682692307692304 0.02403846153846154 0.052884615384615384
0 0.5709134615384616 0.039663461538461536 0.02403846153846154 0.0625
0 0.4675480769230769 0.18269230769230768 0.09134615384615384 0.34615384615384615
0 0.4987980769230769 0.48677884615384615 0.03365384615384615 0.19230769230769232
0 0.46033653846153844 0.5048076923076923 0.04326923076923077 0.1201923076923077
0 0.49038461538461536 0.3605769230769231 0.0625 0.14903846153846154
0 0.4206730769230769 0.5865384615384616 0.057692307692307696 0.3389423076923077
0 0.3641826923076923 0.40865384615384615 0.16826923076923078 0.47115384615384615
0 0.36778846153846156 0.18269230769230768 0.14182692307692307 0.34615384615384615
0 0.3161057692307692 0.12139423076923077 0.019230769230769232 0.06971153846153846
0 0.2932692307692308 0.16947115384615385 0.019230769230769232 0.0625
0 0.2776442307692308 0.1045673076923077 0.009615384615384616 0.03365384615384615
0 0.24639423076923078 0.17427884615384615 0.09134615384615384 0.3317307692307692
0 0.27524038461538464 0.32211538461538464 0.016826923076923076 0.1201923076923077
0 0.30649038461538464 0.5348557692307693 0.125 0.3557692307692308
0 0.19230769230769232 0.5516826923076923 0.13701923076923078 0.375
0 0.12740384615384615 0.6478365384615384 0.040865384615384616 0.12980769230769232
0 0.056490384615384616 0.5048076923076923 0.11298076923076923 0.5721153846153846
0 0.040865384615384616 0.12980769230769232 0.07692307692307693 0.25
0 0.10576923076923077 0.15264423076923078 0.04326923076923077 0.2692307692307692
0 0.171875 0.33052884615384615 0.10817307692307693 0.43509615384615385
0 0.1502403846153846 0.3473557692307692 0.019230769230769232 0.052884615384615384
0 0.13221153846153846 0.3954326923076923 0.019230769230769232 0.04326923076923077
0 0.12620192307692307 0.3389423076923077 0.019230769230769232 0.052884615384615384
0 0.09975961538461539 0.34375 0.019230769230769232 0.04326923076923077