0 0.08653846153846154 0.06610576923076923 0.16826923076923078 0.1201923076923077
0 0.2091346153846154 0.22355769230769232 0.18990384615384615 0.3581730769230769
0 0.07572115384615384 0.421875 0.1466346153846154 0.36538461538461536
0 0.2247596153846154 0.6129807692307693 0.1971153846153846 0.38461538461538464
0 0.09254807692307693 0.8449519230769231 0.18028846153846154 0.30528846153846156
0 0.3389423076923077 0.8665865384615384 0.19230769230769232 0.2620192307692308
0 0.49038461538461536 0.7043269230769231 0.1778846153846154 0.35096153846153844
0 0.40625 0.3713942307692308 0.19951923076923078 0.41346153846153844
0 0.4651442307692308 0.08533653846153846 0.24519230769230768 0.15865384615384615
0 0.5853365384615384 0.22596153846153846 0.1778846153846154 0.34134615384615385
0 0.6298076923076923 0.5600961538461539 0.14423076923076922 0.30288461538461536
0 0.8052884615384616 0.8533653846153846 0.17307692307692307 0.28846153846153844
0 0.7632211538461539 0.30528846153846156 0.1778846153846154 0.37259615384615385
0 0.6947115384615384 0.052884615384615384 0.17548076923076922 0.09375
0 0.90625 0.19591346153846154 0.18269230769230768 0.38221153846153844