0 0.17668269230769232 0.0673076923076923 0.23557692307692307 0.07211538461538461
0 0.1141826923076923 0.046875 0.15625 0.03125
0 0.054086538461538464 0.140625 0.036057692307692304 0.12980769230769232
0 0.078125 0.25721153846153844 0.07692307692307693 0.04807692307692308
0 0.08653846153846154 0.31490384615384615 0.09375 0.08653846153846154
0 0.09134615384615384 0.4423076923076923 0.10096153846153846 0.1778846153846154
0 0.17427884615384615 0.6334134615384616 0.25961538461538464 0.22355769230769232
0 0.07572115384615384 0.5288461538461539 0.07211538461538461 0.13942307692307693
0 0.25 0.8617788461538461 0.10576923076923077 0.0889423076923077
0 0.11778846153846154 0.8125 0.14903846153846154 0.32211538461538464
0 0.24519230769230768 0.7367788461538461 0.125 0.16105769230769232
0 0.3389423076923077 0.7632211538461539 0.07211538461538461 0.1346153846153846
0 0.31971153846153844 0.9014423076923077 0.09375 0.04326923076923077
0 0.3125 0.9399038461538461 0.07211538461538461 0.04807692307692308
0 0.3798076923076923 0.9302884615384616 0.036057692307692304 0.0673076923076923
0 0.359375 0.8569711538461539 0.07692307692307693 0.052884615384615384
0 0.328125 0.859375 0.038461538461538464 0.02403846153846154
0 0.43990384615384615 0.9194711538461539 0.08653846153846154 0.0889423076923077
0 0.4483173076923077 0.8774038461538461 0.09375 0.08653846153846154
0 0.5384615384615384 0.8930288461538461 0.09375 0.0889423076923077
0 0.5865384615384616 0.9194711538461539 0.09375 0.0889423076923077
0 0.515625 0.9579326923076923 0.0673076923076923 0.03125
0 0.6634615384615384 0.8978365384615384 0.12980769230769232 0.125
0 0.7271634615384616 0.9447115384615384 0.052884615384615384 0.038461538461538464
0 0.8509615384615384 0.9014423076923077 0.08653846153846154 0.0625
0 0.859375 0.7103365384615384 0.15625 0.125
0 0.7728365384615384 0.734375 0.07211538461538461 0.04807692307692308
0 0.7103365384615384 0.734375 0.0625 0.057692307692307696
0 0.625 0.7295673076923077 0.07211538461538461 0.07692307692307693
0 0.640625 0.6358173076923077 0.1201923076923077 0.09375
0 0.5420673076923077 0.796875 0.2644230769230769 0.09375
0 0.43509615384615385 0.7055288461538461 0.09375 0.0889423076923077
0 0.5228365384615384 0.7427884615384616 0.07211538461538461 0.11057692307692307
0 0.5829326923076923 0.7415865384615384 0.09375 0.125
0 0.5084134615384616 0.640625 0.15144230769230768 0.11057692307692307
0 0.49158653846153844 0.5673076923076923 0.0985576923076923 0.0889423076923077
0 0.38221153846153844 0.65625 0.14903846153846154 0.15144230769230768
0 0.8545673076923077 0.8485576923076923 0.18269230769230768 0.07211538461538461
0 0.8040865384615384 0.6322115384615384 0.1778846153846154 0.12980769230769232
0 0.6826923076923077 0.5805288461538461 0.0985576923076923 0.08173076923076923
0 0.7271634615384616 0.48197115384615385 0.1778846153846154 0.1875
0 0.5516826923076923 0.4735576923076923 0.17307692307692307 0.1778846153846154
0 0.578125 0.5865384615384616 0.0673076923076923 0.04807692307692308
0 0.38341346153846156 0.49278846153846156 0.1778846153846154 0.15625
0 0.22115384615384615 0.46634615384615385 0.15625 0.12980769230769232
0 0.22716346153846154 0.12980769230769232 0.125 0.10576923076923077
0 0.140625 0.19471153846153846 0.16346153846153846 0.15625
0 0.14302884615384615 0.27283653846153844 0.036057692307692304 0.036057692307692304
0 0.16706730769230768 0.296875 0.0673076923076923 0.0673076923076923
0 0.22355769230769232 0.25 0.07211538461538461 0.052884615384615384
0 0.265625 0.21634615384615385 0.0673076923076923 0.057692307692307696
0 0.31490384615384615 0.25 0.057692307692307696 0.052884615384615384
0 0.3233173076923077 0.21033653846153846 0.038461538461538464 0.052884615384615384
0 0.35216346153846156 0.17908653846153846 0.07211538461538461 0.026442307692307692
0 0.36778846153846156 0.13341346153846154 0.057692307692307696 0.07211538461538461
0 0.328125 0.14543269230769232 0.038461538461538464 0.04807692307692308
0 0.38341346153846156 0.07091346153846154 0.07211538461538461 0.0625
0 0.328125 0.0625 0.08653846153846154 0.052884615384615384
0 0.32091346153846156 0.10697115384615384 0.04326923076923077 0.036057692307692304
0 0.4375 0.06490384615384616 0.0985576923076923 0.0673076923076923
0 0.21394230769230768 0.34134615384615385 0.14423076923076922 0.12980769230769232
0 0.2608173076923077 0.28365384615384615 0.04807692307692308 0.038461538461538464
0 0.42427884615384615 0.42908653846153844 0.07211538461538461 0.052884615384615384
0 0.49278846153846156 0.36658653846153844 0.08653846153846154 0.0889423076923077
0 0.5865384615384616 0.36778846153846156 0.09375 0.07692307692307693
0 0.5384615384615384 0.3125 0.1201923076923077 0.08173076923076923
0 0.4579326923076923 0.26322115384615385 0.057692307692307696 0.0625
0 0.36658653846153844 0.3173076923076923 0.16826923076923078 0.16105769230769232
0 0.140625 0.390625 0.04807692307692308 0.04807692307692308
0 0.42427884615384615 0.265625 0.052884615384615384 0.04807692307692308
0 0.38341346153846156 0.21153846153846154 0.08173076923076923 0.0673076923076923
0 0.453125 0.18509615384615385 0.057692307692307696 0.0673076923076923
0 0.42427884615384615 0.15865384615384615 0.04326923076923077 0.04807692307692308
0 0.4110576923076923 0.12980769230769232 0.036057692307692304 0.0625
0 0.4483173076923077 0.11658653846153846 0.04807692307692308 0.052884615384615384
0 0.49158653846153844 0.12740384615384615 0.0889423076923077 0.0673076923076923
0 0.5108173076923077 0.0985576923076923 0.057692307692307696 0.04326923076923077
0 0.5228365384615384 0.0625 0.08173076923076923 0.0625
0 0.5625 0.10096153846153846 0.036057692307692304 0.038461538461538464
0 0.5865384615384616 0.1141826923076923 0.057692307692307696 0.038461538461538464
0 0.6430288461538461 0.14302884615384615 0.07211538461538461 0.07211538461538461
0 0.6538461538461539 0.08653846153846154 0.07692307692307693 0.057692307692307696
0 0.5552884615384616 0.20072115384615385 0.16346153846153846 0.1346153846153846
0 0.6490384615384616 0.27403846153846156 0.057692307692307696 0.04807692307692308
0 0.6850961538461539 0.296875 0.03125 0.038461538461538464
0 0.6694711538461539 0.34134615384615385 0.0625 0.057692307692307696
0 0.6694711538461539 0.39302884615384615 0.0625 0.052884615384615384
0 0.71875 0.35096153846153844 0.04326923076923077 0.057692307692307696
0 0.828125 0.46033653846153844 0.04807692307692308 0.08173076923076923
0 0.8353365384615384 0.5360576923076923 0.04326923076923077 0.04326923076923077
0 0.9146634615384616 0.3954326923076923 0.11538461538461539 0.5048076923076923
0 0.7235576923076923 0.22355769230769232 0.07211538461538461 0.04326923076923077
0 0.7235576923076923 0.16947115384615385 0.0625 0.036057692307692304
0 0.7728365384615384 0.12259615384615384 0.16826923076923078 0.08653846153846154
0 0.859375 0.109375 0.038461538461538464 0.04807692307692308
0 0.9447115384615384 0.057692307692307696 0.04807692307692308 0.052884615384615384
0 0.78125 0.30408653846153844 0.15144230769230768 0.30288461538461536
0 0.765625 0.055288461538461536 0.28846153846153844 0.057692307692307696
0 0.6021634615384616 0.051682692307692304 0.07211538461538461 0.04807692307692308
0 0.5072115384615384 0.49759615384615385 0.9326923076923077 0.9519230769230769