0 0.7067307692307693 0.453125 0.36538461538461536 0.5288461538461539
0 0.7091346153846154 0.6911057692307693 0.125 0.004807692307692308
0 0.6129807692307693 0.703125 0.13942307692307693 0.09615384615384616
0 0.578125 0.18389423076923078 0.04326923076923077 0.03365384615384615
0 0.2536057692307692 0.4639423076923077 0.3701923076923077 0.5168269230769231
0 0.2620192307692308 0.18389423076923078 0.10336538461538461 0.0673076923076923
0 0.3701923076923077 0.1971153846153846 0.07451923076923077 0.028846153846153848
0 0.15144230769230768 0.1971153846153846 0.07451923076923077 0.028846153846153848
0 0.4375 0.4362980769230769 0.03365384615384615 0.2403846153846154
0 0.19110576923076922 0.7283653846153846 0.09615384615384616 0.055288461538461536
0 0.28365384615384615 0.7355769230769231 0.0673076923076923 0.038461538461538464
0 0.3762019230769231 0.7283653846153846 0.08173076923076923 0.04326923076923077
0 0.23798076923076922 0.75 0.2403846153846154 0.0673076923076923
5 0.7055288461538461 0.47836538461538464 0.46875 0.7451923076923077