0 0.9711538461538461 0.7067307692307693 0.05048076923076923 0.2620192307692308
0 0.9002403846153846 0.8846153846153846 0.19230769230769232 0.21875
0 0.75 0.9747596153846154 0.11538461538461539 0.038461538461538464
0 0.875 0.625 0.19230769230769232 0.3004807692307692
0 0.7463942307692307 0.8028846153846154 0.18269230769230768 0.3076923076923077
0 0.5961538461538461 0.8966346153846154 0.18269230769230768 0.19230769230769232
0 0.9483173076923077 0.38100961538461536 0.09615384615384616 0.33653846153846156
0 0.9002403846153846 0.140625 0.19471153846153846 0.2764423076923077
0 0.7980769230769231 0.34975961538461536 0.20432692307692307 0.33653846153846156
0 0.6646634615384616 0.5564903846153846 0.21153846153846154 0.3125
0 0.5204326923076923 0.6911057692307693 0.17548076923076922 0.3076923076923077
0 0.43509615384615385 0.9122596153846154 0.13701923076923078 0.16346153846153846
0 0.31490384615384615 0.9158653846153846 0.1201923076923077 0.15625
0 0.19831730769230768 0.8942307692307693 0.13701923076923078 0.19951923076923078
0 0.08173076923076923 0.9591346153846154 0.08653846153846154 0.0673076923076923
0 0.09735576923076923 0.7932692307692307 0.14423076923076922 0.25
0 0.042067307692307696 0.890625 0.08173076923076923 0.20673076923076922
0 0.036057692307692304 0.6466346153846154 0.07211538461538461 0.25961538461538464
0 0.1310096153846154 0.5276442307692307 0.15384615384615385 0.28125
0 0.23317307692307693 0.6658653846153846 0.14182692307692307 0.2692307692307692
0 0.3629807692307692 0.7247596153846154 0.14182692307692307 0.28846153846153844
0 0.04807692307692308 0.390625 0.09615384615384616 0.24519230769230768
0 0.021634615384615384 0.20673076923076922 0.04326923076923077 0.16346153846153846
0 0.055288461538461536 0.0733173076923077 0.11057692307692307 0.14182692307692307
0 0.1310096153846154 0.2247596153846154 0.15384615384615385 0.2620192307692308
0 0.23918269230769232 0.36538461538461536 0.16346153846153846 0.2692307692307692
0 0.34975961538461536 0.44711538461538464 0.17548076923076922 0.2548076923076923
0 0.4963942307692308 0.3942307692307692 0.15865384615384615 0.27403846153846156
0 0.6310096153846154 0.234375 0.1778846153846154 0.3173076923076923
0 0.7415865384615384 0.0733173076923077 0.17067307692307693 0.14182692307692307
0 0.5396634615384616 0.08533653846153846 0.19951923076923078 0.1658653846153846
0 0.4206730769230769 0.1875 0.16826923076923078 0.27403846153846156
0 0.28725961538461536 0.12379807692307693 0.17548076923076922 0.24278846153846154
0 0.171875 0.06129807692307692 0.13701923076923078 0.11778846153846154
0 0.3870192307692308 0.026442307692307692 0.1201923076923077 0.04807692307692308