0 0.10216346153846154 0.10096153846153846 0.1658653846153846 0.19230769230769232
0 0.016826923076923076 0.06971153846153846 0.026442307692307692 0.12980769230769232
0 0.06610576923076923 0.23197115384615385 0.125 0.18509615384615385
0 0.17427884615384615 0.33533653846153844 0.16346153846153846 0.23798076923076922
0 0.06610576923076923 0.3942307692307692 0.10817307692307693 0.17067307692307693
0 0.009615384615384616 0.3629807692307692 0.01201923076923077 0.1201923076923077
0 0.12980769230769232 0.5649038461538461 0.15144230769230768 0.21153846153846154
0 0.03485576923076923 0.5360576923076923 0.0625 0.15384615384615385
0 0.15625 0.7548076923076923 0.15865384615384615 0.17067307692307693
0 0.04807692307692308 0.6959134615384616 0.0889423076923077 0.21634615384615385
0 0.07211538461538461 0.9026442307692307 0.13942307692307693 0.18990384615384615
0 0.14903846153846154 0.8557692307692307 0.07211538461538461 0.0625
0 0.16346153846153846 0.9182692307692307 0.12980769230769232 0.15865384615384615
0 0.29086538461538464 0.9543269230769231 0.10576923076923077 0.08653846153846154
0 0.296875 0.8221153846153846 0.15384615384615385 0.18028846153846154
0 0.25240384615384615 0.6754807692307693 0.1201923076923077 0.14423076923076922
0 0.30649038461538464 0.5612980769230769 0.17307692307692307 0.17548076923076922
0 0.359375 0.4026442307692308 0.1778846153846154 0.22596153846153846
0 0.24879807692307693 0.0829326923076923 0.17307692307692307 0.15625
0 0.35096153846153844 0.1935096153846154 0.10096153846153846 0.1201923076923077
0 0.48677884615384615 0.22115384615384615 0.17067307692307693 0.20673076923076922
0 0.5036057692307693 0.0673076923076923 0.11057692307692307 0.125
0 0.3786057692307692 0.09254807692307693 0.16826923076923078 0.17548076923076922
0 0.6009615384615384 0.0673076923076923 0.1201923076923077 0.125
0 0.7319711538461539 0.11298076923076923 0.17307692307692307 0.21634615384615385
0 0.9038461538461539 0.08774038461538461 0.1778846153846154 0.16346153846153846
0 0.8461538461538461 0.27884615384615385 0.18509615384615385 0.23798076923076922
0 0.6947115384615384 0.23197115384615385 0.11538461538461539 0.1346153846153846
0 0.6117788461538461 0.27283653846153844 0.11298076923076923 0.1971153846153846
0 0.5024038461538461 0.3894230769230769 0.11538461538461539 0.13942307692307693
0 0.47115384615384615 0.5024038461538461 0.1466346153846154 0.23076923076923078
0 0.6021634615384616 0.46634615384615385 0.12980769230769232 0.22115384615384615
0 0.7319711538461539 0.5072115384615384 0.15865384615384615 0.23317307692307693
0 0.7644230769230769 0.3581730769230769 0.11538461538461539 0.14903846153846154
0 0.8762019230769231 0.46634615384615385 0.13942307692307693 0.15865384615384615
0 0.9771634615384616 0.45072115384615385 0.040865384615384616 0.14182692307692307
0 0.9699519230769231 0.6346153846153846 0.055288461538461536 0.23076923076923078
0 0.8725961538461539 0.6189903846153846 0.15384615384615385 0.24759615384615385
0 0.6983173076923077 0.6237980769230769 0.10817307692307693 0.11298076923076923
0 0.6117788461538461 0.7115384615384616 0.15865384615384615 0.22596153846153846
0 0.7127403846153846 0.765625 0.12740384615384615 0.18028846153846154
0 0.6310096153846154 0.9050480769230769 0.1346153846153846 0.15865384615384615
0 0.7668269230769231 0.8557692307692307 0.12740384615384615 0.18509615384615385
0 0.8894230769230769 0.8329326923076923 0.1658653846153846 0.20192307692307693
0 0.9807692307692307 0.8401442307692307 0.03365384615384615 0.18990384615384615
0 0.9807692307692307 0.9567307692307693 0.03365384615384615 0.08173076923076923
0 0.9134615384615384 0.9807692307692307 0.12980769230769232 0.03365384615384615
0 0.8125 0.9471153846153846 0.14903846153846154 0.10096153846153846
0 0.609375 0.9807692307692307 0.0985576923076923 0.03365384615384615
0 0.49278846153846156 0.9543269230769231 0.16346153846153846 0.08653846153846154
0 0.39903846153846156 0.8605769230769231 0.09615384615384616 0.15384615384615385
0 0.5120192307692307 0.8245192307692307 0.1658653846153846 0.18509615384615385
0 0.3762019230769231 0.7007211538461539 0.1201923076923077 0.16346153846153846
0 0.46875 0.6826923076923077 0.15865384615384615 0.13942307692307693