0 0.1466346153846154 0.7896634615384616 0.28846153846153844 0.41586538461538464
0 0.03125 0.953125 0.052884615384615384 0.09134615384615384
0 0.02283653846153846 0.12860576923076922 0.038461538461538464 0.24759615384615385
0 0.21033653846153846 0.16706730769230768 0.34375 0.3245192307692308
0 0.5252403846153846 0.07932692307692307 0.3701923076923077 0.14903846153846154
0 0.484375 0.31490384615384615 0.2668269230769231 0.5673076923076923
0 0.30528846153846156 0.6670673076923077 0.23076923076923078 0.3245192307692308
0 0.6911057692307693 0.17067307692307693 0.24759615384615385 0.3293269230769231
0 0.84375 0.051682692307692304 0.09615384615384616 0.09134615384615384
0 0.6947115384615384 0.4254807692307692 0.22355769230769232 0.28365384615384615
0 0.875 0.2091346153846154 0.24519230769230768 0.40865384615384615
0 0.8918269230769231 0.203125 0.125 0.10817307692307693
0 0.9627403846153846 0.25240384615384615 0.07211538461538461 0.22596153846153846
0 0.890625 0.4987980769230769 0.21394230769230768 0.29086538461538464
0 0.7884615384615384 0.8125 0.18269230769230768 0.3701923076923077
0 0.5709134615384616 0.8088942307692307 0.22355769230769232 0.3798076923076923
0 0.6526442307692307 0.5721153846153846 0.1466346153846154 0.15384615384615385
0 0.9711538461538461 0.6730769230769231 0.052884615384615384 0.6442307692307693