0 0.7920673076923077 0.6814903846153846 0.40384615384615385 0.21634615384615385
0 0.7896634615384616 0.9050480769230769 0.40865384615384615 0.18269230769230768
0 0.9591346153846154 0.8040865384615384 0.07211538461538461 0.15384615384615385
0 0.8713942307692307 0.4230769230769231 0.24519230769230768 0.19230769230769232
0 0.9507211538461539 0.5673076923076923 0.08653846153846154 0.14423076923076922
0 0.5 0.4675480769230769 0.4423076923076923 0.25961538461538464
0 0.45072115384615385 0.7908653846153846 0.37740384615384615 0.2644230769230769
0 0.16466346153846154 0.8798076923076923 0.3293269230769231 0.23557692307692307
0 0.4375 0.9507211538461539 0.3605769230769231 0.09134615384615384
0 0.7620192307692307 0.28966346153846156 0.3317307692307692 0.25
0 0.8798076923076923 0.09375 0.23076923076923078 0.18269230769230768
0 0.6009615384615384 0.11778846153846154 0.34134615384615385 0.23076923076923078
0 0.38221153846153844 0.24158653846153846 0.3389423076923077 0.30288461538461536
0 0.1971153846153846 0.10697115384615384 0.3701923076923077 0.20673076923076922
0 0.13942307692307693 0.296875 0.27884615384615385 0.25
0 0.16947115384615385 0.5612980769230769 0.3389423076923077 0.24519230769230768
0 0.038461538461538464 0.7199519230769231 0.07692307692307693 0.20432692307692307
0 0.20793269230769232 0.71875 0.2403846153846154 0.14182692307692307
0 0.4182692307692308 0.0673076923076923 0.125 0.12980769230769232