0 0.6995192307692307 0.49399038461538464 0.5625 0.6442307692307693
0 0.5721153846153846 0.37259615384615385 0.6225961538461539 0.31490384615384615
0 0.7536057692307693 0.43990384615384615 0.3125 0.34615384615384615
0 0.9447115384615384 0.4879807692307692 0.08413461538461539 0.22596153846153846
0 0.6490384615384616 0.8185096153846154 0.34615384615384615 0.35096153846153844
0 0.7512019230769231 0.7524038461538461 0.2692307692307692 0.39903846153846156
0 0.47115384615384615 0.6165865384615384 0.28125 0.4110576923076923
0 0.4110576923076923 0.8149038461538461 0.1201923076923077 0.16826923076923078
0 0.34134615384615385 0.8629807692307693 0.10096153846153846 0.16826923076923078
0 0.25721153846153844 0.9014423076923077 0.08653846153846154 0.16105769230769232
0 0.3329326923076923 0.9615384615384616 0.10336538461538461 0.06490384615384616
0 0.4026442307692308 0.9579326923076923 0.08413461538461539 0.07211538461538461
0 0.3161057692307692 0.7944711538461539 0.06490384615384616 0.125
0 0.22716346153846154 0.7644230769230769 0.1201923076923077 0.1971153846153846
0 0.171875 0.8930288461538461 0.09134615384615384 0.14423076923076922
0 0.09375 0.8040865384615384 0.13942307692307693 0.18990384615384615
0 0.17427884615384615 0.6790865384615384 0.10096153846153846 0.12980769230769232
0 0.2920673076923077 0.6730769230769231 0.07692307692307693 0.1201923076923077
0 0.25240384615384615 0.6274038461538461 0.06971153846153846 0.0889423076923077
0 0.3112980769230769 0.6009615384615384 0.06009615384615385 0.07211538461538461
0 0.18509615384615385 0.5769230769230769 0.11057692307692307 0.15384615384615385
0 0.10216346153846154 0.6610576923076923 0.06971153846153846 0.11778846153846154
0 0.026442307692307692 0.6490384615384616 0.04807692307692308 0.23798076923076922
0 0.09014423076923077 0.5564903846153846 0.07451923076923077 0.17307692307692307
0 0.028846153846153848 0.49759615384615385 0.05048076923076923 0.10096153846153846
0 0.23197115384615385 0.5324519230769231 0.057692307692307696 0.055288461538461536