0 0.0625 0.8004807692307693 0.1201923076923077 0.31009615384615385
0 0.13942307692307693 0.6262019230769231 0.15384615384615385 0.30288461538461536
0 0.056490384615384616 0.31971153846153844 0.10576923076923077 0.28365384615384615
0 0.15985576923076922 0.3918269230769231 0.15625 0.2644230769230769
0 0.28725961538461536 0.5036057692307693 0.18269230769230768 0.33653846153846156
0 0.31850961538461536 0.25 0.18269230769230768 0.33653846153846156
0 0.23317307692307693 0.13341346153846154 0.17307692307692307 0.2644230769230769
0 0.4723557692307692 0.46875 0.18269230769230768 0.3557692307692308
0 0.3786057692307692 0.6959134615384616 0.16346153846153846 0.36538461538461536
0 0.2764423076923077 0.8413461538461539 0.1971153846153846 0.30288461538461536
0 0.5360576923076923 0.9266826923076923 0.15865384615384615 0.1346153846153846
0 0.5432692307692307 0.7596153846153846 0.19951923076923078 0.34134615384615385
0 0.7139423076923077 0.8701923076923077 0.1971153846153846 0.24519230769230768
0 0.7079326923076923 0.6262019230769231 0.19230769230769232 0.3173076923076923
0 0.6310096153846154 0.43028846153846156 0.15625 0.3173076923076923
0 0.8028846153846154 0.4206730769230769 0.18269230769230768 0.4110576923076923
0 0.6947115384615384 0.234375 0.19230769230769232 0.27884615384615385
0 0.5673076923076923 0.12379807692307693 0.15384615384615385 0.24519230769230768
0 0.4831730769230769 0.29086538461538464 0.15384615384615385 0.1778846153846154
0 0.4411057692307692 0.13581730769230768 0.10576923076923077 0.2091346153846154
0 0.47836538461538464 0.03485576923076923 0.0625 0.06971153846153846
0 0.6995192307692307 0.057692307692307696 0.13942307692307693 0.11538461538461539
0 0.8329326923076923 0.1201923076923077 0.17307692307692307 0.2283653846153846
0 0.8990384615384616 0.265625 0.1658653846153846 0.3173076923076923