0 0.9338942307692307 0.8762019230769231 0.1201923076923077 0.0889423076923077
0 0.8581730769230769 0.9146634615384616 0.12980769230769232 0.16346153846153846
0 0.7043269230769231 0.9122596153846154 0.27403846153846156 0.13942307692307693
0 0.765625 0.9855769230769231 0.15384615384615385 0.021634615384615384
0 0.6694711538461539 0.8004807692307693 0.14903846153846154 0.10096153846153846
0 0.5925480769230769 0.875 0.11538461538461539 0.055288461538461536
0 0.47596153846153844 0.9146634615384616 0.1875 0.1201923076923077
0 0.37740384615384615 0.9651442307692307 0.15384615384615385 0.0625
0 0.5408653846153846 0.9819711538461539 0.17307692307692307 0.028846153846153848
0 0.24278846153846154 0.9831730769230769 0.08173076923076923 0.026442307692307692
0 0.10697115384615384 0.9603365384615384 0.16826923076923078 0.07451923076923077
0 0.265625 0.9086538461538461 0.21153846153846154 0.11778846153846154
0 0.35216346153846156 0.8185096153846154 0.19230769230769232 0.11057692307692307
0 0.20192307692307693 0.7800480769230769 0.15384615384615385 0.10576923076923077
0 0.09254807692307693 0.8521634615384616 0.16346153846153846 0.14903846153846154
0 0.019230769230769232 0.890625 0.038461538461538464 0.16826923076923078
0 0.08173076923076923 0.71875 0.16346153846153846 0.11298076923076923
0 0.18870192307692307 0.6310096153846154 0.15865384615384615 0.12740384615384615
0 0.3329326923076923 0.6995192307692307 0.20673076923076922 0.1201923076923077
0 0.5168269230769231 0.7620192307692307 0.21153846153846154 0.22115384615384615
0 0.49158653846153844 0.6478365384615384 0.11057692307692307 0.11057692307692307
0 0.6117788461538461 0.6237980769230769 0.17307692307692307 0.12740384615384615
0 0.8088942307692307 0.6274038461538461 0.23076923076923078 0.08413461538461539
0 0.9074519230769231 0.7091346153846154 0.17307692307692307 0.11538461538461539
0 0.7872596153846154 0.7512019230769231 0.1971153846153846 0.14903846153846154
0 0.9014423076923077 0.8125 0.11057692307692307 0.07692307692307693
0 0.9483173076923077 0.6382211538461539 0.09134615384615384 0.0625
0 0.9158653846153846 0.5396634615384616 0.15865384615384615 0.1346153846153846
0 0.7487980769230769 0.5528846153846154 0.20673076923076922 0.11538461538461539
0 0.5168269230769231 0.5216346153846154 0.20192307692307693 0.12740384615384615
0 0.35216346153846156 0.5925480769230769 0.16826923076923078 0.11057692307692307
0 0.23798076923076922 0.5288461538461539 0.11538461538461539 0.08413461538461539
0 0.09615384615384616 0.5096153846153846 0.16826923076923078 0.11538461538461539
0 0.04927884615384615 0.609375 0.0985576923076923 0.10576923076923077
0 0.1935096153846154 0.41586538461538464 0.16826923076923078 0.11298076923076923
0 0.06610576923076923 0.3894230769230769 0.12980769230769232 0.15865384615384615
0 0.28725961538461536 0.33052884615384615 0.16826923076923078 0.11538461538461539
0 0.4266826923076923 0.3894230769230769 0.1875 0.11057692307692307
0 0.5432692307692307 0.4495192307692308 0.16826923076923078 0.052884615384615384
0 0.5661057692307693 0.39783653846153844 0.09134615384615384 0.07692307692307693
0 0.6826923076923077 0.4723557692307692 0.14182692307692307 0.09615384615384616
0 0.8305288461538461 0.390625 0.21875 0.23076923076923078
0 0.9423076923076923 0.43990384615384615 0.10336538461538461 0.08653846153846154
0 0.9314903846153846 0.33052884615384615 0.125 0.13942307692307693
0 0.9399038461538461 0.23317307692307693 0.11057692307692307 0.08653846153846154
0 0.8389423076923077 0.2403846153846154 0.14903846153846154 0.06490384615384616
0 0.7379807692307693 0.24879807692307693 0.11057692307692307 0.052884615384615384
0 0.6802884615384616 0.3401442307692308 0.20192307692307693 0.18509615384615385
0 0.5060096153846154 0.30528846153846156 0.15865384615384615 0.11538461538461539
0 0.6117788461538461 0.22596153846153846 0.15384615384615385 0.10096153846153846
0 0.49399038461538464 0.18389423076923078 0.16826923076923078 0.1346153846153846
0 0.6478365384615384 0.12139423076923077 0.22355769230769232 0.11298076923076923
0 0.7980769230769231 0.18509615384615385 0.1201923076923077 0.11538461538461539
0 0.78125 0.0673076923076923 0.1875 0.11298076923076923
0 0.9182692307692307 0.12740384615384615 0.15384615384615385 0.125
0 0.9158653846153846 0.03485576923076923 0.15865384615384615 0.0673076923076923
0 0.5625 0.08052884615384616 0.3605769230769231 0.15865384615384615
0 0.45072115384615385 0.03365384615384615 0.09375 0.0625
0 0.5504807692307693 0.01201923076923077 0.10576923076923077 0.019230769230769232
0 0.3425480769230769 0.06370192307692307 0.11778846153846154 0.12259615384615384
0 0.32572115384615385 0.11778846153846154 0.10336538461538461 0.18509615384615385
0 0.24639423076923078 0.22355769230769232 0.17307692307692307 0.11298076923076923
0 0.10697115384615384 0.27283653846153844 0.19230769230769232 0.15865384615384615
0 0.027644230769230768 0.203125 0.052884615384615384 0.2403846153846154
0 0.10096153846153846 0.15144230769230768 0.11538461538461539 0.12740384615384615
0 0.0985576923076923 0.06129807692307692 0.07692307692307693 0.07211538461538461
0 0.0625 0.042067307692307696 0.125 0.07932692307692307
0 0.203125 0.026442307692307692 0.1658653846153846 0.04807692307692308