0 0.6514423076923077 0.5949519230769231 0.25 0.3942307692307692
0 0.4699519230769231 0.7620192307692307 0.2548076923076923 0.2980769230769231
0 0.4387019230769231 0.4795673076923077 0.21153846153846154 0.375
0 0.25721153846153844 0.43990384615384615 0.24759615384615385 0.47596153846153844
0 0.20192307692307693 0.6334134615384616 0.25721153846153844 0.4951923076923077
0 0.6370192307692307 0.2439903846153846 0.5336538461538461 0.4182692307692308
0 0.84375 0.3125 0.13942307692307693 0.47115384615384615
0 0.7896634615384616 0.4795673076923077 0.125 0.31490384615384615
0 0.6850961538461539 0.15504807692307693 0.09134615384615384 0.16826923076923078
0 0.30288461538461536 0.14783653846153846 0.1778846153846154 0.29086538461538464
0 0.5997596153846154 0.054086538461538464 0.34134615384615385 0.10576923076923077
0 0.13942307692307693 0.13341346153846154 0.16826923076923078 0.25721153846153844