0 0.71875 0.6057692307692307 0.22355769230769232 0.12740384615384615
0 0.6310096153846154 0.7896634615384616 0.15865384615384615 0.11538461538461539
0 0.7235576923076923 0.9110576923076923 0.20192307692307693 0.14903846153846154
0 0.7572115384615384 0.4639423076923077 0.16826923076923078 0.1201923076923077
0 0.5360576923076923 0.43149038461538464 0.11057692307692307 0.08413461538461539
0 0.49759615384615385 0.5396634615384616 0.21875 0.14182692307692307
0 0.4266826923076923 0.4014423076923077 0.15384615384615385 0.10576923076923077
0 0.5216346153846154 0.29086538461538464 0.20192307692307693 0.13942307692307693
0 0.6442307692307693 0.3858173076923077 0.20673076923076922 0.14423076923076922
0 0.1971153846153846 0.4326923076923077 0.3942307692307692 0.41346153846153844
0 0.27884615384615385 0.7728365384615384 0.5576923076923077 0.4254807692307692