0 0.052884615384615384 0.90625 0.10096153846153846 0.18269230769230768
0 0.06610576923076923 0.6959134615384616 0.12740384615384615 0.35336538461538464
0 0.08533653846153846 0.265625 0.16826923076923078 0.5216346153846154
0 0.18870192307692307 0.16346153846153846 0.15865384615384615 0.16826923076923078
0 0.019230769230769232 0.07091346153846154 0.038461538461538464 0.12980769230769232
0 0.19951923076923078 0.4423076923076923 0.34615384615384615 0.4735576923076923
0 0.4831730769230769 0.22355769230769232 0.3317307692307692 0.4375
0 0.2848557692307692 0.12620192307692307 0.21634615384615385 0.2403846153846154
0 0.4699519230769231 0.7127403846153846 0.3125 0.47836538461538464
0 0.6826923076923077 0.7259615384615384 0.11298076923076923 0.13701923076923078
0 0.7415865384615384 0.5552884615384616 0.2692307692307692 0.3317307692307692
0 0.8810096153846154 0.5733173076923077 0.026442307692307692 0.04326923076923077
0 0.8641826923076923 0.44471153846153844 0.02403846153846154 0.038461538461538464
0 0.8834134615384616 0.43149038461538464 0.014423076923076924 0.021634615384615384
0 0.9134615384615384 0.4735576923076923 0.028846153846153848 0.052884615384615384
0 0.9146634615384616 0.3137019230769231 0.026442307692307692 0.038461538461538464
0 0.9362980769230769 0.6310096153846154 0.02403846153846154 0.04326923076923077
0 0.5841346153846154 0.9435096153846154 0.20673076923076922 0.10817307692307693
0 0.6658653846153846 0.06370192307692307 0.15384615384615385 0.11538461538461539
0 0.8449519230769231 0.17668269230769232 0.1971153846153846 0.20673076923076922
0 0.8052884615384616 0.3293269230769231 0.13221153846153846 0.1201923076923077
0 0.7091346153846154 0.33413461538461536 0.0985576923076923 0.10096153846153846
0 0.6862980769230769 0.2283653846153846 0.08173076923076923 0.17307692307692307
0 0.22956730769230768 0.8353365384615384 0.3245192307692308 0.3245192307692308