0 0.2439903846153846 0.21514423076923078 0.1875 0.25961538461538464
0 0.4170673076923077 0.21995192307692307 0.18990384615384615 0.25
0 0.6153846153846154 0.2848557692307692 0.18990384615384615 0.23076923076923078
0 0.7992788461538461 0.22956730769230768 0.19471153846153846 0.2692307692307692
0 0.25 0.5625 0.18269230769230768 0.24519230769230768
0 0.4266826923076923 0.47716346153846156 0.21153846153846154 0.2548076923076923
0 0.609375 0.47716346153846156 0.17067307692307693 0.18509615384615385
0 0.7043269230769231 0.5 0.07692307692307693 0.18990384615384615
0 0.8076923076923077 0.49038461538461536 0.19471153846153846 0.25961538461538464
0 0.2956730769230769 0.7800480769230769 0.1778846153846154 0.25
0 0.46033653846153844 0.7319711538461539 0.17307692307692307 0.24519230769230768
0 0.6189903846153846 0.7548076923076923 0.15865384615384615 0.22115384615384615
0 0.7860576923076923 0.8305288461538461 0.18990384615384615 0.23076923076923078