2 0.4831730769230769 0.5913461538461539 0.1875 0.5673076923076923
0 0.1502403846153846 0.5913461538461539 0.21394230769230768 0.44711538461538464
0 0.20192307692307693 0.6213942307692307 0.21394230769230768 0.4423076923076923
0 0.36899038461538464 0.6346153846153846 0.0625 0.37259615384615385
0 0.12740384615384615 0.6814903846153846 0.12980769230769232 0.4110576923076923
0 0.25600961538461536 0.6947115384615384 0.07692307692307693 0.3076923076923077
0 0.20432692307692307 0.7139423076923077 0.0625 0.4855769230769231
0 0.3016826923076923 0.7427884615384616 0.11778846153846154 0.45913461538461536
0 0.45913461538461536 0.15264423076923078 0.27403846153846156 0.3004807692307692
0 0.8461538461538461 0.26802884615384615 0.24278846153846154 0.42788461538461536
2 0.6346153846153846 0.34615384615384615 0.15865384615384615 0.5408653846153846
0 0.33413461538461536 0.3485576923076923 0.21394230769230768 0.3173076923076923
0 0.5600961538461539 0.046875 0.5192307692307693 0.0889423076923077