0 0.9675480769230769 0.17548076923076922 0.052884615384615384 0.12740384615384615
0 0.9459134615384616 0.11899038461538461 0.0985576923076923 0.09375
0 0.9675480769230769 0.054086538461538464 0.052884615384615384 0.07211538461538461
0 0.9074519230769231 0.0829326923076923 0.17307692307692307 0.15865384615384615
0 0.8966346153846154 0.03245192307692308 0.1201923076923077 0.057692307692307696
0 0.8221153846153846 0.03485576923076923 0.08173076923076923 0.0625
0 0.8112980769230769 0.07572115384615384 0.06009615384615385 0.036057692307692304
0 0.7463942307692307 0.06490384615384616 0.06009615384615385 0.06490384615384616
0 0.6394230769230769 0.016826923076923076 0.0673076923076923 0.02403846153846154
0 0.7872596153846154 0.18629807692307693 0.15384615384615385 0.09615384615384616
0 0.8882211538461539 0.21514423076923078 0.10336538461538461 0.07692307692307693
0 0.7788461538461539 0.2824519230769231 0.16826923076923078 0.10096153846153846
0 0.9591346153846154 0.37740384615384615 0.07211538461538461 0.12259615384615384
0 0.9567307692307693 0.30288461538461536 0.07692307692307693 0.0625
0 0.4098557692307692 0.12860576923076922 0.21875 0.21394230769230768
0 0.3088942307692308 0.10336538461538461 0.09134615384615384 0.1778846153846154
0 0.40384615384615385 0.036057692307692304 0.1875 0.06490384615384616
0 0.39302884615384615 0.2668269230769231 0.04326923076923077 0.038461538461538464
0 0.4098557692307692 0.24759615384615385 0.052884615384615384 0.038461538461538464
0 0.39663461538461536 0.21514423076923078 0.016826923076923076 0.02403846153846154
0 0.4375 0.21033653846153846 0.04326923076923077 0.04326923076923077
0 0.4182692307692308 0.17908653846153846 0.038461538461538464 0.03365384615384615
0 0.46153846153846156 0.17427884615384615 0.038461538461538464 0.05048076923076923
0 0.43990384615384615 0.14543269230769232 0.038461538461538464 0.036057692307692304
0 0.46153846153846156 0.10817307692307693 0.038461538461538464 0.036057692307692304
0 0.5024038461538461 0.13221153846153846 0.052884615384615384 0.038461538461538464
0 0.5168269230769231 0.09975961538461539 0.04807692307692308 0.03365384615384615
0 0.5084134615384616 0.07572115384615384 0.04326923076923077 0.036057692307692304
0 0.4182692307692308 0.3245192307692308 0.06009615384615385 0.04807692307692308
0 0.4423076923076923 0.27884615384615385 0.04326923076923077 0.05048076923076923
0 0.4723557692307692 0.24759615384615385 0.04807692307692308 0.052884615384615384
0 0.5024038461538461 0.1814903846153846 0.07692307692307693 0.05048076923076923
0 0.5661057692307693 0.17548076923076922 0.06009615384615385 0.0625
0 0.5300480769230769 0.21875 0.0673076923076923 0.04807692307692308
0 0.5661057692307693 0.26322115384615385 0.038461538461538464 0.04807692307692308
0 0.6009615384615384 0.22115384615384615 0.04326923076923077 0.057692307692307696
0 0.5084134615384616 0.27524038461538464 0.0673076923076923 0.06490384615384616
0 0.47836538461538464 0.3137019230769231 0.07211538461538461 0.052884615384615384
0 0.4639423076923077 0.3641826923076923 0.07692307692307693 0.052884615384615384
0 0.2403846153846154 0.04927884615384615 0.0985576923076923 0.09134615384615384
0 0.5793269230769231 0.4182692307692308 0.23076923076923078 0.27884615384615385
0 0.5685096153846154 0.5504807692307693 0.11057692307692307 0.057692307692307696
0 0.5817307692307693 0.5168269230769231 0.09134615384615384 0.038461538461538464
0 0.5793269230769231 0.49759615384615385 0.021634615384615384 0.02403846153846154
0 0.5733173076923077 0.5757211538461539 0.11057692307692307 0.06490384615384616
0 0.5793269230769231 0.5492788461538461 0.07692307692307693 0.038461538461538464
0 0.5901442307692307 0.5853365384615384 0.14182692307692307 0.0673076923076923
0 0.6009615384615384 0.59375 0.12980769230769232 0.07932692307692307
0 0.6033653846153846 0.6141826923076923 0.13701923076923078 0.0673076923076923
0 0.6069711538461539 0.6430288461538461 0.1201923076923077 0.04807692307692308
0 0.5793269230769231 0.671875 0.052884615384615384 0.03365384615384615
0 0.6670673076923077 0.42908653846153844 0.08653846153846154 0.07692307692307693
0 0.6742788461538461 0.4326923076923077 0.11538461538461539 0.11057692307692307
0 0.671875 0.4891826923076923 0.11057692307692307 0.07211538461538461
0 0.7211538461538461 0.421875 0.04326923076923077 0.052884615384615384
0 0.6742788461538461 0.5036057692307693 0.10336538461538461 0.07211538461538461
0 0.6935096153846154 0.5252403846153846 0.0985576923076923 0.08653846153846154
0 0.7463942307692307 0.43990384615384615 0.04807692307692308 0.10576923076923077
0 0.7572115384615384 0.45072115384615385 0.038461538461538464 0.10576923076923077
0 0.7127403846153846 0.5540865384615384 0.10336538461538461 0.10096153846153846
0 0.734375 0.5709134615384616 0.13701923076923078 0.12740384615384615
0 0.7872596153846154 0.4963942307692308 0.052884615384615384 0.06490384615384616
0 0.5985576923076923 0.7115384615384616 0.038461538461538464 0.0673076923076923
0 0.6502403846153846 0.7079326923076923 0.08653846153846154 0.0673076923076923
0 0.6526442307692307 0.6574519230769231 0.09134615384615384 0.04807692307692308
0 0.6935096153846154 0.6790865384615384 0.03365384615384615 0.038461538461538464
0 0.7427884615384616 0.6213942307692307 0.0985576923076923 0.038461538461538464
0 0.7596153846153846 0.5901442307692307 0.0673076923076923 0.036057692307692304
0 0.8305288461538461 0.5829326923076923 0.0673076923076923 0.04326923076923077
0 0.8257211538461539 0.5540865384615384 0.03365384615384615 0.021634615384615384
0 0.8413461538461539 0.6189903846153846 0.0673076923076923 0.057692307692307696
0 0.8774038461538461 0.6430288461538461 0.04807692307692308 0.038461538461538464
0 0.8473557692307693 0.6670673076923077 0.052884615384615384 0.04326923076923077
0 0.8305288461538461 0.7103365384615384 0.07692307692307693 0.05048076923076923
0 0.9206730769230769 0.65625 0.06009615384615385 0.07211538461538461
0 0.78125 0.7223557692307693 0.07692307692307693 0.09615384615384616
0 0.7319711538461539 0.703125 0.052884615384615384 0.05048076923076923
0 0.6778846153846154 0.7824519230769231 0.14182692307692307 0.14423076923076922
0 0.6262019230769231 0.7704326923076923 0.07211538461538461 0.0625
0 0.7403846153846154 0.78125 0.06009615384615385 0.0625
0 0.765625 0.8004807692307693 0.27403846153846156 0.22596153846153846
0 0.8137019230769231 0.796875 0.2403846153846154 0.17307692307692307
0 0.9038461538461539 0.7536057692307693 0.10336538461538461 0.05048076923076923
0 0.8822115384615384 0.7752403846153846 0.13701923076923078 0.07211538461538461
0 0.859375 0.8629807692307693 0.2764423076923077 0.2692307692307692
0 0.15625 0.028846153846153848 0.06009615384615385 0.05048076923076923
0 0.5408653846153846 0.9639423076923077 0.0673076923076923 0.04326923076923077
0 0.5012019230769231 0.984375 0.09375 0.026442307692307692
0 0.5661057692307693 0.9879807692307693 0.05048076923076923 0.019230769230769232
0 0.16947115384615385 0.9507211538461539 0.08653846153846154 0.052884615384615384
0 0.1814903846153846 0.9819711538461539 0.0889423076923077 0.03125
0 0.10697115384615384 0.9807692307692307 0.09375 0.03365384615384615
0 0.06610576923076923 0.9711538461538461 0.04326923076923077 0.036057692307692304
0 0.06009615384615385 0.9326923076923077 0.07692307692307693 0.040865384615384616
0 0.04927884615384615 0.8954326923076923 0.07692307692307693 0.036057692307692304
0 0.054086538461538464 0.8689903846153846 0.03365384615384615 0.021634615384615384
0 0.051682692307692304 0.8401442307692307 0.06009615384615385 0.036057692307692304
0 0.06850961538461539 0.8185096153846154 0.038461538461538464 0.021634615384615384
0 0.10096153846153846 0.8028846153846154 0.06009615384615385 0.03365384615384615
0 0.1201923076923077 0.8677884615384616 0.0673076923076923 0.03365384615384615
0 0.1141826923076923 0.8329326923076923 0.052884615384615384 0.036057692307692304
0 0.15625 0.8004807692307693 0.04807692307692308 0.04326923076923077
0 0.1502403846153846 0.7740384615384616 0.04807692307692308 0.03365384615384615
0 0.16346153846153846 0.8389423076923077 0.04326923076923077 0.03125
0 0.16947115384615385 0.875 0.03365384615384615 0.038461538461538464
0 0.1502403846153846 0.9002403846153846 0.04807692307692308 0.038461538461538464
0 0.1141826923076923 0.9326923076923077 0.04326923076923077 0.04807692307692308
0 0.10697115384615384 0.8966346153846154 0.028846153846153848 0.02403846153846154
0 0.23197115384615385 0.2403846153846154 0.06009615384615385 0.03365384615384615
0 0.2704326923076923 0.22235576923076922 0.016826923076923076 0.02403846153846154
0 0.2704326923076923 0.2403846153846154 0.028846153846153848 0.019230769230769232
0 0.2704326923076923 0.2644230769230769 0.028846153846153848 0.021634615384615384
0 0.22716346153846154 0.27524038461538464 0.04807692307692308 0.028846153846153848
0 0.23197115384615385 0.2536057692307692 0.038461538461538464 0.014423076923076924
0 0.18870192307692307 0.26802884615384615 0.028846153846153848 0.028846153846153848
0 0.19951923076923078 0.2956730769230769 0.028846153846153848 0.019230769230769232
0 0.17427884615384615 0.296875 0.021634615384615384 0.028846153846153848
0 0.1935096153846154 0.32091346153846156 0.038461538461538464 0.03365384615384615
0 0.16346153846153846 0.3293269230769231 0.03365384615384615 0.028846153846153848
0 0.2536057692307692 0.3173076923076923 0.08173076923076923 0.0673076923076923
0 0.2920673076923077 0.36538461538461536 0.10336538461538461 0.07932692307692307
0 0.28966346153846156 0.46153846153846156 0.0985576923076923 0.09134615384615384
0 0.171875 0.44350961538461536 0.10336538461538461 0.09134615384615384
0 0.18269230769230768 0.38100961538461536 0.10336538461538461 0.06490384615384616
0 0.21875 0.5240384615384616 0.11057692307692307 0.07692307692307693
0 0.42427884615384615 0.8713942307692307 0.23798076923076922 0.25240384615384615
0 0.32211538461538464 0.8112980769230769 0.0985576923076923 0.07211538461538461
0 0.37740384615384615 0.7439903846153846 0.08653846153846154 0.0673076923076923
0 0.4375 0.7115384615384616 0.0673076923076923 0.0673076923076923
0 0.36658653846153844 0.6935096153846154 0.07692307692307693 0.052884615384615384
0 0.3581730769230769 0.6538461538461539 0.07211538461538461 0.03365384615384615
0 0.3629807692307692 0.6105769230769231 0.06009615384615385 0.0625
0 0.4098557692307692 0.6105769230769231 0.052884615384615384 0.04807692307692308
0 0.4266826923076923 0.6538461538461539 0.052884615384615384 0.0625
0 0.2620192307692308 0.6430288461538461 0.1201923076923077 0.0625
0 0.2620192307692308 0.5829326923076923 0.052884615384615384 0.04326923076923077
0 0.30288461538461536 0.5973557692307693 0.04807692307692308 0.021634615384615384
0 0.3004807692307692 0.5757211538461539 0.0673076923076923 0.028846153846153848
0 0.28125 0.5360576923076923 0.04807692307692308 0.06490384615384616
0 0.31971153846153844 0.5360576923076923 0.06009615384615385 0.057692307692307696
0 0.3557692307692308 0.5600961538461539 0.0673076923076923 0.02403846153846154
0 0.3605769230769231 0.5348557692307693 0.03365384615384615 0.03365384615384615
0 0.39302884615384615 0.5276442307692307 0.04326923076923077 0.03365384615384615
0 0.39903846153846156 0.546875 0.04326923076923077 0.028846153846153848
0 0.36899038461538464 0.49038461538461536 0.04807692307692308 0.038461538461538464
0 0.3581730769230769 0.46875 0.028846153846153848 0.03365384615384615
0 0.2764423076923077 0.7788461538461539 0.038461538461538464 0.04326923076923077
0 0.26802884615384615 0.7367788461538461 0.04326923076923077 0.038461538461538464
0 0.25721153846153844 0.7115384615384616 0.03365384615384615 0.019230769230769232
0 0.3173076923076923 0.7704326923076923 0.04326923076923077 0.03365384615384615
0 0.30288461538461536 0.7391826923076923 0.038461538461538464 0.036057692307692304
0 0.2980769230769231 0.7007211538461539 0.028846153846153848 0.038461538461538464
0 0.3173076923076923 0.7223557692307693 0.03365384615384615 0.02403846153846154
0 0.11778846153846154 0.38221153846153844 0.038461538461538464 0.038461538461538464
0 0.12259615384615384 0.3473557692307692 0.04807692307692308 0.04326923076923077
0 0.11778846153846154 0.31850961538461536 0.06009615384615385 0.021634615384615384
0 0.14182692307692307 0.2920673076923077 0.052884615384615384 0.02403846153846154
0 0.12620192307692307 0.26802884615384615 0.04326923076923077 0.028846153846153848
0 0.16346153846153846 0.2536057692307692 0.052884615384615384 0.028846153846153848
0 0.16947115384615385 0.27163461538461536 0.03365384615384615 0.028846153846153848
0 0.11177884615384616 0.2403846153846154 0.028846153846153848 0.02403846153846154
0 0.16105769230769232 0.2247596153846154 0.06009615384615385 0.036057692307692304
0 0.15264423076923078 0.1971153846153846 0.04326923076923077 0.02403846153846154
0 0.19110576923076922 0.19230769230769232 0.04326923076923077 0.036057692307692304
0 0.18870192307692307 0.16105769230769232 0.038461538461538464 0.019230769230769232
0 0.22115384615384615 0.14302884615384615 0.038461538461538464 0.019230769230769232
0 0.22716346153846154 0.16346153846153846 0.038461538461538464 0.021634615384615384
0 0.22956730769230768 0.19230769230769232 0.03365384615384615 0.036057692307692304
0 0.20793269230769232 0.21875 0.04326923076923077 0.02403846153846154
0 0.12259615384615384 0.06129807692307692 0.04807692307692308 0.028846153846153848
0 0.08774038461538461 0.020432692307692308 0.08653846153846154 0.03365384615384615
0 0.055288461538461536 0.056490384615384616 0.11057692307692307 0.05048076923076923
0 0.0625 0.07451923076923077 0.10336538461538461 0.038461538461538464
0 0.1201923076923077 0.11177884615384616 0.03365384615384615 0.028846153846153848
0 0.10096153846153846 0.14903846153846154 0.016826923076923076 0.028846153846153848
0 0.12259615384615384 0.13221153846153846 0.038461538461538464 0.02403846153846154
0 0.12259615384615384 0.0889423076923077 0.028846153846153848 0.019230769230769232
0 0.16706730769230768 0.0829326923076923 0.038461538461538464 0.014423076923076924
0 0.17427884615384615 0.0673076923076923 0.04326923076923077 0.019230769230769232
0 0.15865384615384615 0.10817307692307693 0.021634615384615384 0.028846153846153848
0 0.2127403846153846 0.10697115384615384 0.04326923076923077 0.038461538461538464
0 0.18870192307692307 0.11899038461538461 0.04807692307692308 0.04326923076923077
0 0.12259615384615384 0.14903846153846154 0.06009615384615385 0.05048076923076923
0 0.014423076923076924 0.1466346153846154 0.028846153846153848 0.0625
0 0.021634615384615384 0.21754807692307693 0.04326923076923077 0.08653846153846154
0 0.046875 0.2644230769230769 0.028846153846153848 0.021634615384615384
0 0.014423076923076924 0.28846153846153844 0.028846153846153848 0.057692307692307696
0 0.014423076923076924 0.32211538461538464 0.028846153846153848 0.02403846153846154
0 0.04927884615384615 0.3293269230769231 0.03365384615384615 0.036057692307692304
0 0.04326923076923077 0.3004807692307692 0.03365384615384615 0.021634615384615384
0 0.046875 0.2860576923076923 0.038461538461538464 0.014423076923076924
0 0.019230769230769232 0.35096153846153844 0.038461538461538464 0.04326923076923077
0 0.016826923076923076 0.39302884615384615 0.03365384615384615 0.04807692307692308
0 0.057692307692307696 0.3713942307692308 0.04807692307692308 0.04807692307692308
0 0.057692307692307696 0.4110576923076923 0.04807692307692308 0.04807692307692308
0 0.025240384615384616 0.43990384615384615 0.05048076923076923 0.057692307692307696
0 0.0625 0.46153846153846156 0.09134615384615384 0.04807692307692308
0 0.027644230769230768 0.49399038461538464 0.052884615384615384 0.0625
0 0.0733173076923077 0.5096153846153846 0.08173076923076923 0.04807692307692308
0 0.08413461538461539 0.5564903846153846 0.07211538461538461 0.052884615384615384
0 0.027644230769230768 0.546875 0.052884615384615384 0.05048076923076923
0 0.054086538461538464 0.6009615384615384 0.07692307692307693 0.057692307692307696
0 0.021634615384615384 0.59375 0.04326923076923077 0.04326923076923077
0 0.025240384615384616 0.6538461538461539 0.05048076923076923 0.07692307692307693
0 0.09615384615384616 0.6189903846153846 0.07211538461538461 0.06490384615384616
0 0.10096153846153846 0.6634615384615384 0.07211538461538461 0.057692307692307696
0 0.11778846153846154 0.7151442307692307 0.06009615384615385 0.06971153846153846
0 0.09014423076923077 0.7560096153846154 0.04807692307692308 0.04807692307692308
0 0.054086538461538464 0.7956730769230769 0.03365384615384615 0.03365384615384615
0 0.03365384615384615 0.7596153846153846 0.0673076923076923 0.0625
0 0.054086538461538464 0.7139423076923077 0.07692307692307693 0.06490384615384616
0 0.010817307692307692 0.7043269230769231 0.021634615384615384 0.04807692307692308
0 0.021634615384615384 0.8064903846153846 0.04326923076923077 0.038461538461538464
0 0.014423076923076924 0.8762019230769231 0.028846153846153848 0.10336538461538461