0 0.12379807692307693 0.9338942307692307 0.0889423076923077 0.1201923076923077
0 0.08533653846153846 0.8581730769230769 0.16346153846153846 0.12980769230769232
0 0.08774038461538461 0.7043269230769231 0.13942307692307693 0.27163461538461536
0 0.014423076923076924 0.765625 0.021634615384615384 0.15384615384615385
0 0.19951923076923078 0.6694711538461539 0.10336538461538461 0.14903846153846154
0 0.125 0.5925480769230769 0.055288461538461536 0.11298076923076923
0 0.08533653846153846 0.47596153846153844 0.1201923076923077 0.1875
0 0.03485576923076923 0.37740384615384615 0.0625 0.15384615384615385
0 0.018028846153846152 0.5408653846153846 0.028846153846153848 0.17307692307692307
0 0.016826923076923076 0.24278846153846154 0.026442307692307692 0.08173076923076923
0 0.039663461538461536 0.10697115384615384 0.07451923076923077 0.16826923076923078
0 0.09134615384615384 0.265625 0.11778846153846154 0.21153846153846154
0 0.1814903846153846 0.35216346153846156 0.11057692307692307 0.19230769230769232
0 0.21995192307692307 0.20192307692307693 0.10576923076923077 0.15384615384615385
0 0.14783653846153846 0.09254807692307693 0.14903846153846154 0.16346153846153846
0 0.109375 0.020432692307692308 0.17067307692307693 0.036057692307692304
0 0.28125 0.0829326923076923 0.11538461538461539 0.16105769230769232
0 0.36899038461538464 0.18870192307692307 0.12740384615384615 0.15865384615384615
0 0.3004807692307692 0.3329326923076923 0.1201923076923077 0.20673076923076922
0 0.23798076923076922 0.5168269230769231 0.22115384615384615 0.21153846153846154
0 0.35216346153846156 0.49158653846153844 0.11057692307692307 0.11057692307692307
0 0.3762019230769231 0.6117788461538461 0.12740384615384615 0.17307692307692307
0 0.37259615384615385 0.8088942307692307 0.08413461538461539 0.23076923076923078
0 0.29086538461538464 0.9074519230769231 0.11778846153846154 0.17307692307692307
0 0.24879807692307693 0.7872596153846154 0.14903846153846154 0.1971153846153846
0 0.1875 0.9014423076923077 0.07692307692307693 0.11057692307692307
0 0.36177884615384615 0.9483173076923077 0.0625 0.09134615384615384
0 0.46033653846153844 0.9158653846153846 0.1346153846153846 0.15865384615384615
0 0.44711538461538464 0.7487980769230769 0.11778846153846154 0.20673076923076922
0 0.47836538461538464 0.5168269230769231 0.12740384615384615 0.20192307692307693
0 0.4074519230769231 0.35216346153846156 0.11057692307692307 0.16826923076923078
0 0.47115384615384615 0.23798076923076922 0.08413461538461539 0.11538461538461539
0 0.49038461538461536 0.09615384615384616 0.11538461538461539 0.16826923076923078
0 0.390625 0.05048076923076923 0.10817307692307693 0.09615384615384616
0 0.5841346153846154 0.1935096153846154 0.11298076923076923 0.16826923076923078
0 0.6105769230769231 0.06610576923076923 0.16105769230769232 0.12980769230769232
0 0.6694711538461539 0.28725961538461536 0.11778846153846154 0.16826923076923078
0 0.6105769230769231 0.4266826923076923 0.11057692307692307 0.1875
0 0.5504807692307693 0.5432692307692307 0.052884615384615384 0.16826923076923078
0 0.6021634615384616 0.5661057692307693 0.07692307692307693 0.09134615384615384
0 0.5276442307692307 0.6826923076923077 0.09615384615384616 0.14182692307692307
0 0.609375 0.8305288461538461 0.23076923076923078 0.21875
0 0.5600961538461539 0.9423076923076923 0.08653846153846154 0.10336538461538461
0 0.6694711538461539 0.9314903846153846 0.13701923076923078 0.125
0 0.7668269230769231 0.9399038461538461 0.08653846153846154 0.11057692307692307
0 0.7596153846153846 0.8389423076923077 0.06490384615384616 0.14903846153846154
0 0.7512019230769231 0.7379807692307693 0.052884615384615384 0.11057692307692307
0 0.6598557692307693 0.6802884615384616 0.18509615384615385 0.20192307692307693
0 0.6947115384615384 0.5060096153846154 0.11538461538461539 0.15865384615384615
0 0.7740384615384616 0.6117788461538461 0.10096153846153846 0.15384615384615385
0 0.8161057692307693 0.49399038461538464 0.1346153846153846 0.17067307692307693
0 0.8786057692307693 0.6478365384615384 0.11298076923076923 0.22355769230769232
0 0.8149038461538461 0.7980769230769231 0.11538461538461539 0.1201923076923077
0 0.9326923076923077 0.78125 0.11298076923076923 0.1875
0 0.8725961538461539 0.9182692307692307 0.125 0.15384615384615385
0 0.9651442307692307 0.9158653846153846 0.0673076923076923 0.15865384615384615
0 0.9194711538461539 0.5625 0.15865384615384615 0.3605769230769231
0 0.9663461538461539 0.45072115384615385 0.0625 0.09375
0 0.9879807692307693 0.5504807692307693 0.019230769230769232 0.10576923076923077
0 0.9362980769230769 0.3425480769230769 0.12259615384615384 0.11778846153846154
0 0.8822115384615384 0.32572115384615385 0.18509615384615385 0.10336538461538461
0 0.7764423076923077 0.24639423076923078 0.11298076923076923 0.17548076923076922
0 0.7271634615384616 0.10697115384615384 0.15865384615384615 0.19230769230769232
0 0.796875 0.027644230769230768 0.2403846153846154 0.055288461538461536
0 0.8485576923076923 0.10096153846153846 0.12740384615384615 0.11538461538461539
0 0.9387019230769231 0.0985576923076923 0.07211538461538461 0.07692307692307693
0 0.9567307692307693 0.06370192307692307 0.08173076923076923 0.12259615384615384
0 0.9735576923076923 0.203125 0.04807692307692308 0.1658653846153846