0 0.3112980769230769 0.140625 0.17067307692307693 0.12740384615384615
0 0.5180288461538461 0.10576923076923077 0.14903846153846154 0.1346153846153846
0 0.9182692307692307 0.21514423076923078 0.15865384615384615 0.17067307692307693
0 0.8605769230769231 0.1346153846153846 0.10336538461538461 0.11538461538461539
0 0.765625 0.16466346153846154 0.18028846153846154 0.14903846153846154
0 0.5973557692307693 0.21394230769230768 0.17548076923076922 0.14903846153846154
0 0.6394230769230769 0.125 0.08173076923076923 0.05048076923076923
0 0.4206730769230769 0.20432692307692307 0.18028846153846154 0.08653846153846154
0 0.41225961538461536 0.2620192307692308 0.16346153846153846 0.13942307692307693
0 0.3112980769230769 0.33052884615384615 0.15865384615384615 0.14423076923076922
0 0.47716346153846156 0.359375 0.15865384615384615 0.12980769230769232
0 0.5492788461538461 0.41947115384615385 0.09615384615384616 0.08173076923076923
0 0.5252403846153846 0.27163461538461536 0.08173076923076923 0.08173076923076923
0 0.7163461538461539 0.27403846153846156 0.09134615384615384 0.09134615384615384
0 0.6466346153846154 0.34975961538461536 0.19230769230769232 0.14423076923076922
0 0.7992788461538461 0.4483173076923077 0.23557692307692307 0.1466346153846154
0 0.6189903846153846 0.5264423076923077 0.25721153846153844 0.14903846153846154
0 0.3942307692307692 0.4675480769230769 0.21153846153846154 0.16346153846153846
0 0.4254807692307692 0.6213942307692307 0.27403846153846156 0.1466346153846154
0 0.2548076923076923 0.6141826923076923 0.12980769230769232 0.13942307692307693
0 0.18028846153846154 0.5072115384615384 0.1971153846153846 0.1201923076923077
0 0.1778846153846154 0.16826923076923078 0.34615384615384615 0.2283653846153846
0 0.028846153846153848 0.30649038461538464 0.04807692307692308 0.1201923076923077
0 0.051682692307692304 0.21754807692307693 0.09134615384615384 0.0673076923076923
0 0.12139423076923077 0.40384615384615385 0.23076923076923078 0.38221153846153844
0 0.10336538461538461 0.6310096153846154 0.1346153846153846 0.1346153846153846
0 0.15264423076923078 0.671875 0.07692307692307693 0.125
0 0.3762019230769231 0.7427884615384616 0.1346153846153846 0.0889423076923077
0 0.32211538461538464 0.7079326923076923 0.07692307692307693 0.07211538461538461
0 0.2247596153846154 0.796875 0.22115384615384615 0.14423076923076922
0 0.23677884615384615 0.6947115384615384 0.10336538461538461 0.0625
0 0.09254807692307693 0.7427884615384616 0.10336538461538461 0.07211538461538461
0 0.09495192307692307 0.8317307692307693 0.1201923076923077 0.11057692307692307
0 0.22716346153846154 0.8701923076923077 0.14423076923076922 0.057692307692307696
0 0.38100961538461536 0.8185096153846154 0.10336538461538461 0.06971153846153846
0 0.47716346153846156 0.7836538461538461 0.13942307692307693 0.10817307692307693
0 0.4891826923076923 0.8509615384615384 0.11298076923076923 0.08173076923076923
0 0.5973557692307693 0.9014423076923077 0.10336538461538461 0.11057692307692307
0 0.5180288461538461 0.9399038461538461 0.1201923076923077 0.11057692307692307
0 0.39903846153846156 0.9038461538461539 0.1201923076923077 0.11538461538461539
0 0.3112980769230769 0.8786057692307693 0.057692307692307696 0.057692307692307696
0 0.2620192307692308 0.9459134615384616 0.16346153846153846 0.10336538461538461
0 0.1466346153846154 0.9338942307692307 0.1201923076923077 0.11538461538461539
0 0.39903846153846156 0.9627403846153846 0.1201923076923077 0.04326923076923077
0 0.8629807692307693 0.6009615384615384 0.25240384615384615 0.24278846153846154
0 0.8533653846153846 0.3473557692307692 0.20192307692307693 0.23076923076923078
0 0.8485576923076923 0.6778846153846154 0.2980769230769231 0.23557692307692307
0 0.8040865384615384 0.6911057692307693 0.27884615384615385 0.19230769230769232
0 0.8653846153846154 0.7608173076923077 0.17548076923076922 0.125
0 0.796875 0.7427884615384616 0.3870192307692308 0.28846153846153844
0 0.7704326923076923 0.7776442307692307 0.36538461538461536 0.25961538461538464
0 0.5829326923076923 0.6177884615384616 0.0625 0.0625
0 0.8762019230769231 0.9038461538461539 0.16346153846153846 0.10817307692307693
0 0.7067307692307693 0.7740384615384616 0.3605769230769231 0.20432692307692307
0 0.6935096153846154 0.8317307692307693 0.44711538461538464 0.28846153846153844
0 0.7295673076923077 0.8942307692307693 0.15865384615384615 0.12740384615384615
0 0.6466346153846154 0.8497596153846154 0.20192307692307693 0.16346153846153846