0 0.3870192307692308 0.6550480769230769 0.05048076923076923 0.07211538461538461
0 0.42908653846153844 0.6622596153846154 0.03365384615384615 0.08653846153846154
0 0.41346153846153844 0.6033653846153846 0.05048076923076923 0.07211538461538461
0 0.4651442307692308 0.6622596153846154 0.038461538461538464 0.04807692307692308
0 0.4651442307692308 0.6153846153846154 0.052884615384615384 0.0673076923076923
0 0.47716346153846156 0.5829326923076923 0.04567307692307692 0.052884615384615384
0 0.48677884615384615 0.7091346153846154 0.05048076923076923 0.07692307692307693
0 0.5120192307692307 0.6550480769230769 0.04567307692307692 0.0625
0 0.5264423076923077 0.6081730769230769 0.052884615384615384 0.0625
0 0.5649038461538461 0.6598557692307693 0.052884615384615384 0.08173076923076923
0 0.6021634615384616 0.6081730769230769 0.057692307692307696 0.07211538461538461
0 0.5552884615384616 0.5829326923076923 0.06490384615384616 0.07211538461538461
0 0.5576923076923077 0.5336538461538461 0.052884615384615384 0.057692307692307696
0 0.59375 0.5432692307692307 0.05048076923076923 0.0673076923076923
0 0.640625 0.5745192307692307 0.06490384615384616 0.07692307692307693
0 0.5516826923076923 0.4795673076923077 0.057692307692307696 0.0625
0 0.6033653846153846 0.5072115384615384 0.052884615384615384 0.0673076923076923
0 0.6538461538461539 0.5204326923076923 0.07692307692307693 0.052884615384615384
0 0.65625 0.47716346153846156 0.057692307692307696 0.057692307692307696
0 0.6310096153846154 0.44350961538461536 0.052884615384615384 0.0625
0 0.5769230769230769 0.3894230769230769 0.04567307692307692 0.0673076923076923
0 0.6370192307692307 0.3786057692307692 0.05048076923076923 0.0673076923076923
0 0.6274038461538461 0.3473557692307692 0.04567307692307692 0.036057692307692304
0 0.6598557692307693 0.3016826923076923 0.057692307692307696 0.07692307692307693
0 0.6862980769230769 0.3713942307692308 0.057692307692307696 0.09134615384615384
0 0.6899038461538461 0.4411057692307692 0.05048076923076923 0.0673076923076923
0 0.4026442307692308 0.7223557692307693 0.4543269230769231 0.5504807692307693