0 0.10576923076923077 0.6947115384615384 0.20673076923076922 0.5048076923076923
0 0.13822115384615385 0.9266826923076923 0.2692307692307692 0.1346153846153846
0 0.41947115384615385 0.9146634615384616 0.3076923076923077 0.15865384615384615
0 0.37259615384615385 0.5769230769230769 0.34134615384615385 0.6586538461538461
0 0.22716346153846154 0.44471153846153844 0.1971153846153846 0.2644230769230769
0 0.5180288461538461 0.5024038461538461 0.1875 0.6394230769230769
0 0.7103365384615384 0.6850961538461539 0.34375 0.6177884615384616
0 0.7451923076923077 0.90625 0.42788461538461536 0.1778846153846154
0 0.39903846153846156 0.4675480769230769 0.07692307692307693 0.1346153846153846
0 0.6418269230769231 0.4879807692307692 0.10576923076923077 0.2692307692307692
0 0.8221153846153846 0.4387019230769231 0.2980769230769231 0.2764423076923077
0 0.9735576923076923 0.4411057692307692 0.04807692307692308 0.10817307692307693
0 0.9735576923076923 0.5144230769230769 0.04807692307692308 0.09134615384615384
0 0.90625 0.7764423076923077 0.18269230769230768 0.4375
0 0.8786057692307693 0.6141826923076923 0.09375 0.1466346153846154