0 0.3870192307692308 0.5204326923076923 0.1201923076923077 0.040865384615384616
0 0.7391826923076923 0.7800480769230769 0.2956730769230769 0.14423076923076922
0 0.8966346153846154 0.8149038461538461 0.19471153846153846 0.13942307692307693
0 0.9711538461538461 0.7463942307692307 0.04326923076923077 0.10336538461538461
0 0.8521634615384616 0.6694711538461539 0.28365384615384615 0.14423076923076922
0 0.9651442307692307 0.5600961538461539 0.057692307692307696 0.10576923076923077
0 0.53125 0.8016826923076923 0.14423076923076922 0.23317307692307693
0 0.34615384615384615 0.5576923076923077 0.10096153846153846 0.03365384615384615
0 0.34615384615384615 0.5036057692307693 0.0625 0.02403846153846154
0 0.2920673076923077 0.5408653846153846 0.06971153846153846 0.038461538461538464
0 0.2512019230769231 0.5769230769230769 0.10096153846153846 0.040865384615384616
0 0.22596153846153846 0.6213942307692307 0.08653846153846154 0.052884615384615384
0 0.2764423076923077 0.6490384615384616 0.0625 0.04807692307692308
0 0.3076923076923077 0.6009615384615384 0.08653846153846154 0.04326923076923077
0 0.39903846153846156 0.6237980769230769 0.1201923076923077 0.040865384615384616
0 0.3425480769230769 0.6418269230769231 0.09375 0.04326923076923077
0 0.39903846153846156 0.6694711538461539 0.09375 0.04326923076923077
0 0.3329326923076923 0.6634615384615384 0.038461538461538464 0.019230769230769232
0 0.39302884615384615 0.5925480769230769 0.09375 0.028846153846153848
0 0.44350961538461536 0.5673076923076923 0.09375 0.040865384615384616
0 0.46274038461538464 0.5264423076923077 0.06971153846153846 0.040865384615384616
0 0.53125 0.5625 0.08173076923076923 0.057692307692307696
0 0.4879807692307692 0.6081730769230769 0.08173076923076923 0.052884615384615384
0 0.484375 0.6478365384615384 0.10096153846153846 0.03125
0 0.5120192307692307 0.6802884615384616 0.09375 0.040865384615384616
0 0.45913461538461536 0.6923076923076923 0.0625 0.03125
0 0.5408653846153846 0.6334134615384616 0.0625 0.03365384615384615
0 0.5661057692307693 0.6117788461538461 0.0625 0.021634615384615384
0 0.5721153846153846 0.5877403846153846 0.0625 0.03125
0 0.6129807692307693 0.5600961538461539 0.06971153846153846 0.04326923076923077
0 0.5192307692307693 0.5348557692307693 0.06971153846153846 0.02403846153846154
0 0.12860576923076922 0.6478365384615384 0.13221153846153846 0.07692307692307693
0 0.03125 0.6490384615384616 0.0625 0.09134615384615384
0 0.07572115384615384 0.5877403846153846 0.15144230769230768 0.0625
0 0.025240384615384616 0.5528846153846154 0.05048076923076923 0.08653846153846154
0 0.07211538461538461 0.5372596153846154 0.06971153846153846 0.038461538461538464
0 0.038461538461538464 0.4987980769230769 0.07692307692307693 0.055288461538461536
0 0.06610576923076923 0.9675480769230769 0.13221153846153846 0.06009615384615385
0 0.7103365384615384 0.9399038461538461 0.16346153846153846 0.11298076923076923
0 0.8581730769230769 0.9387019230769231 0.09375 0.07692307692307693
0 0.9495192307692307 0.9471153846153846 0.08653846153846154 0.05048076923076923
0 0.9471153846153846 0.984375 0.09375 0.026442307692307692
0 0.44711538461538464 0.96875 0.125 0.057692307692307696
0 0.43028846153846156 0.7992788461538461 0.10576923076923077 0.11298076923076923
0 0.3173076923076923 0.96875 0.16826923076923078 0.057692307692307696
0 0.5288461538461539 0.9170673076923077 0.2644230769230769 0.15865384615384615
0 0.7103365384615384 0.9290865384615384 0.16346153846153846 0.13701923076923078
0 0.8990384615384616 0.953125 0.1875 0.0889423076923077
0 0.2512019230769231 0.9338942307692307 0.22596153846153846 0.0625
0 0.2512019230769231 0.9098557692307693 0.1875 0.06009615384615385
0 0.2860576923076923 0.9122596153846154 0.18269230769230768 0.10817307692307693
0 0.3233173076923077 0.8677884615384616 0.23317307692307693 0.026442307692307692
0 0.3401442307692308 0.8725961538461539 0.25 0.07211538461538461
0 0.36177884615384615 0.8966346153846154 0.1201923076923077 0.03125
0 0.421875 0.8521634615384616 0.08653846153846154 0.057692307692307696
0 0.33653846153846156 0.8221153846153846 0.1201923076923077 0.014423076923076924
0 0.33653846153846156 0.8461538461538461 0.13221153846153846 0.019230769230769232
0 0.21995192307692307 0.8413461538461539 0.28846153846153844 0.12259615384615384
0 0.23317307692307693 0.8377403846153846 0.41346153846153844 0.16826923076923078
0 0.08533653846153846 0.7536057692307693 0.16826923076923078 0.16105769230769232
0 0.078125 0.7692307692307693 0.1201923076923077 0.16826923076923078
0 0.13581730769230768 0.7151442307692307 0.10576923076923077 0.07211538461538461
0 0.22355769230769232 0.7007211538461539 0.04326923076923077 0.04567307692307692
0 0.13581730769230768 0.7704326923076923 0.24519230769230768 0.10817307692307693
0 0.20793269230769232 0.7560096153846154 0.3269230769230769 0.12980769230769232
0 0.21754807692307693 0.7848557692307693 0.32211538461538464 0.16826923076923078
0 0.038461538461538464 0.8305288461538461 0.07692307692307693 0.18028846153846154
0 0.30528846153846156 0.7451923076923077 0.19471153846153846 0.03125
0 0.3557692307692308 0.7752403846153846 0.20673076923076922 0.040865384615384616