0 0.6586538461538461 0.6550480769230769 0.33653846153846156 0.4855769230769231
0 0.3557692307692308 0.5973557692307693 0.3245192307692308 0.4951923076923077
0 0.45913461538461536 0.296875 0.11538461538461539 0.23076923076923078
0 0.5372596153846154 0.203125 0.20673076923076922 0.3245192307692308
0 0.23557692307692307 0.21394230769230768 0.09134615384615384 0.18028846153846154
0 0.34134615384615385 0.234375 0.14423076923076922 0.20192307692307693
0 0.18389423076923078 0.3449519230769231 0.14903846153846154 0.125
0 0.05048076923076923 0.6237980769230769 0.10096153846153846 0.2692307692307692
0 0.13942307692307693 0.6213942307692307 0.08653846153846154 0.10817307692307693
0 0.13942307692307693 0.5853365384615384 0.125 0.19230769230769232
0 0.9074519230769231 0.71875 0.1778846153846154 0.2644230769230769
0 0.9146634615384616 0.5901442307692307 0.16346153846153846 0.1201923076923077