0 0.5829326923076923 0.47836538461538464 0.7163461538461539 0.40384615384615385
0 0.27403846153846156 0.6490384615384616 0.5384615384615384 0.5240384615384616
0 0.06971153846153846 0.37259615384615385 0.12980769230769232 0.15384615384615385
0 0.10216346153846154 0.28725961538461536 0.11778846153846154 0.057692307692307696
0 0.13942307692307693 0.18509615384615385 0.2692307692307692 0.19951923076923078
0 0.06129807692307692 0.09014423076923077 0.11298076923076923 0.08653846153846154
0 0.21995192307692307 0.0829326923076923 0.21634615384615385 0.10576923076923077
0 0.43509615384615385 0.10697115384615384 0.27884615384615385 0.19951923076923078
0 0.3173076923076923 0.17668269230769232 0.3125 0.15384615384615385
0 0.2548076923076923 0.3233173076923077 0.19951923076923078 0.14423076923076922
0 0.49759615384615385 0.2403846153846154 0.28365384615384615 0.13942307692307693
0 0.6394230769230769 0.14423076923076922 0.27884615384615385 0.09615384615384616
0 0.8112980769230769 0.11778846153846154 0.23557692307692307 0.057692307692307696
0 0.7764423076923077 0.21995192307692307 0.2956730769230769 0.15865384615384615
0 0.9182692307692307 0.18269230769230768 0.15865384615384615 0.12980769230769232
0 0.9038461538461539 0.33533653846153844 0.1875 0.28125
0 0.8221153846153846 0.6790865384615384 0.13942307692307693 0.07211538461538461
0 0.7800480769230769 0.7283653846153846 0.11778846153846154 0.0625
0 0.6478365384615384 0.6850961538461539 0.22115384615384615 0.11538461538461539
0 0.6069711538461539 0.7680288461538461 0.11778846153846154 0.0673076923076923
0 0.4807692307692308 0.7992788461538461 0.1778846153846154 0.04807692307692308
0 0.41947115384615385 0.8665865384615384 0.08653846153846154 0.11057692307692307
0 0.3004807692307692 0.8689903846153846 0.17307692307692307 0.09134615384615384
0 0.17427884615384615 0.875 0.1346153846153846 0.057692307692307696
0 0.056490384615384616 0.8930288461538461 0.10096153846153846 0.052884615384615384
0 0.1045673076923077 0.9182692307692307 0.19951923076923078 0.057692307692307696
0 0.3389423076923077 0.9459134615384616 0.23557692307692307 0.10576923076923077
0 0.2800480769230769 0.9387019230769231 0.08653846153846154 0.0625
0 0.19951923076923078 0.9423076923076923 0.07692307692307693 0.04807692307692308
0 0.30649038461538464 0.9038461538461539 0.09615384615384616 0.038461538461538464
0 0.5372596153846154 0.8954326923076923 0.13942307692307693 0.08653846153846154
0 0.7019230769230769 0.8341346153846154 0.2956730769230769 0.20673076923076922
0 0.5372596153846154 0.8473557692307693 0.22596153846153846 0.055288461538461536
0 0.8629807692307693 0.765625 0.14423076923076922 0.12980769230769232