0 0.4579326923076923 0.453125 0.08173076923076923 0.22596153846153846
0 0.3449519230769231 0.5300480769230769 0.125 0.27403846153846156
0 0.12259615384615384 0.3605769230769231 0.09615384615384616 0.22596153846153846
0 0.07451923076923077 0.46274038461538464 0.04326923076923077 0.08653846153846154
0 0.03365384615384615 0.2932692307692308 0.0625 0.1875
0 0.06490384615384616 0.12980769230769232 0.125 0.24519230769230768
0 0.07692307692307693 0.7836538461538461 0.02403846153846154 0.06009615384615385
0 0.04927884615384615 0.6466346153846154 0.09134615384615384 0.1875
0 0.028846153846153848 0.4795673076923077 0.05048076923076923 0.1201923076923077
0 0.13581730769230768 0.6502403846153846 0.04326923076923077 0.08653846153846154
0 0.07692307692307693 0.9362980769230769 0.036057692307692304 0.08653846153846154
0 0.042067307692307696 0.8701923076923077 0.02403846153846154 0.04807692307692308
0 0.014423076923076924 0.8605769230769231 0.02403846153846154 0.08173076923076923
0 0.020432692307692308 0.9194711538461539 0.02403846153846154 0.0673076923076923
0 0.038461538461538464 0.9302884615384616 0.028846153846153848 0.06009615384615385
0 0.026442307692307692 0.7668269230769231 0.019230769230769232 0.052884615384615384
0 0.010817307692307692 0.7704326923076923 0.014423076923076924 0.07211538461538461
0 0.013221153846153846 0.7127403846153846 0.019230769230769232 0.026442307692307692
0 0.16346153846153846 0.8461538461538461 0.14903846153846154 0.2932692307692308
0 0.26322115384615385 0.4266826923076923 0.026442307692307692 0.052884615384615384
0 0.21995192307692307 0.5901442307692307 0.125 0.3269230769230769
0 0.20072115384615385 0.35336538461538464 0.057692307692307696 0.1201923076923077
0 0.20793269230769232 0.25961538461538464 0.02403846153846154 0.038461538461538464
0 0.24278846153846154 0.28365384615384615 0.026442307692307692 0.06009615384615385
0 0.2439903846153846 0.3870192307692308 0.028846153846153848 0.052884615384615384
0 0.27524038461538464 0.3701923076923077 0.026442307692307692 0.04807692307692308
0 0.2860576923076923 0.6730769230769231 0.02403846153846154 0.0673076923076923
0 0.33653846153846156 0.703125 0.02403846153846154 0.07211538461538461
0 0.2956730769230769 0.8329326923076923 0.08173076923076923 0.15865384615384615
0 0.25841346153846156 0.9362980769230769 0.04326923076923077 0.11298076923076923
0 0.33774038461538464 0.9399038461538461 0.026442307692307692 0.0673076923076923
0 0.3641826923076923 0.8004807692307693 0.057692307692307696 0.1346153846153846
0 0.40024038461538464 0.9338942307692307 0.04326923076923077 0.1201923076923077
0 0.4375 0.7367788461538461 0.028846153846153848 0.07211538461538461
0 0.41346153846153844 0.6670673076923077 0.02403846153846154 0.08173076923076923
0 0.3858173076923077 0.6766826923076923 0.026442307692307692 0.07211538461538461
0 0.4182692307692308 0.59375 0.03365384615384615 0.0673076923076923
0 0.375 0.3269230769230769 0.04326923076923077 0.10576923076923077
0 0.30649038461538464 0.23317307692307693 0.10576923076923077 0.2548076923076923
0 0.26322115384615385 0.013221153846153846 0.04326923076923077 0.026442307692307692
0 0.17668269230769232 0.12379807692307693 0.12740384615384615 0.24519230769230768
0 0.3870192307692308 0.17307692307692307 0.20673076923076922 0.34615384615384615
0 0.49759615384615385 0.15985576923076922 0.18509615384615385 0.31971153846153844
0 0.5048076923076923 0.3701923076923077 0.057692307692307696 0.10096153846153846
0 0.5144230769230769 0.5168269230769231 0.028846153846153848 0.08653846153846154
0 0.4807692307692308 0.6237980769230769 0.057692307692307696 0.11298076923076923
0 0.49158653846153844 0.8762019230769231 0.10576923076923077 0.23317307692307693
0 0.5685096153846154 0.90625 0.052884615384615384 0.1346153846153846
0 0.5793269230769231 0.7103365384615384 0.13942307692307693 0.28846153846153844
0 0.5997596153846154 0.43028846153846156 0.0985576923076923 0.22115384615384615
0 0.6298076923076923 0.19951923076923078 0.04326923076923077 0.09375
0 0.6670673076923077 0.49038461538461536 0.04326923076923077 0.10096153846153846
0 0.6706730769230769 0.7596153846153846 0.05048076923076923 0.09375
0 0.6550480769230769 0.8737980769230769 0.04807692307692308 0.1201923076923077
0 0.7007211538461539 0.6995192307692307 0.038461538461538464 0.09375
0 0.6742788461538461 0.5961538461538461 0.13942307692307693 0.10096153846153846
0 0.7451923076923077 0.8100961538461539 0.09134615384615384 0.20673076923076922
0 0.7548076923076923 0.9266826923076923 0.16346153846153846 0.10576923076923077
0 0.8137019230769231 0.7632211538461539 0.08173076923076923 0.22115384615384615
0 0.8497596153846154 0.6262019230769231 0.08653846153846154 0.1875
0 0.9387019230769231 0.4362980769230769 0.11778846153846154 0.22355769230769232
0 0.8990384615384616 0.7067307692307693 0.1971153846153846 0.5769230769230769
0 0.9435096153846154 0.25841346153846156 0.10817307692307693 0.14182692307692307
0 0.9206730769230769 0.35697115384615385 0.08173076923076923 0.11298076923076923
0 0.9543269230769231 0.078125 0.08653846153846154 0.15625
0 0.8858173076923077 0.020432692307692308 0.04326923076923077 0.038461538461538464
0 0.8581730769230769 0.12620192307692307 0.0673076923076923 0.2403846153846154
0 0.8004807692307693 0.09014423076923077 0.10096153846153846 0.18028846153846154
0 0.7944711538461539 0.08413461538461539 0.0889423076923077 0.16826923076923078
0 0.8353365384615384 0.26322115384615385 0.0985576923076923 0.34134615384615385
0 0.8173076923076923 0.2932692307692308 0.20673076923076922 0.10576923076923077
0 0.7920673076923077 0.3161057692307692 0.14423076923076922 0.27403846153846156
0 0.7512019230769231 0.15384615384615385 0.0625 0.0673076923076923
0 0.7367788461538461 0.08052884615384616 0.038461538461538464 0.08173076923076923
0 0.6646634615384616 0.43990384615384615 0.12259615384615384 0.34615384615384615
0 0.7199519230769231 0.40384615384615385 0.10096153846153846 0.36538461538461536
0 0.7103365384615384 0.4170673076923077 0.10576923076923077 0.3798076923076923
0 0.6947115384615384 0.40625 0.0985576923076923 0.3605769230769231
0 0.7247596153846154 0.3605769230769231 0.15144230769230768 0.41346153846153844
0 0.8064903846153846 0.546875 0.036057692307692304 0.15865384615384615
0 0.8353365384615384 0.44711538461538464 0.0673076923076923 0.17307692307692307
0 0.6177884615384616 0.07692307692307693 0.12259615384615384 0.15384615384615385
0 0.6586538461538461 0.030048076923076924 0.038461538461538464 0.06009615384615385
0 0.6947115384615384 0.054086538461538464 0.038461538461538464 0.10817307692307693