0 0.30649038461538464 0.7067307692307693 0.18028846153846154 0.23076923076923078
0 0.39903846153846156 0.5600961538461539 0.17548076923076922 0.25
0 0.23197115384615385 0.4266826923076923 0.20673076923076922 0.28846153846153844
0 0.18870192307692307 0.390625 0.1875 0.5480769230769231
0 0.4254807692307692 0.7692307692307693 0.12980769230769232 0.07211538461538461
0 0.5661057692307693 0.6995192307692307 0.1971153846153846 0.23557692307692307
0 0.6790865384615384 0.8425480769230769 0.17067307692307693 0.125
0 0.5889423076923077 0.8533653846153846 0.06009615384615385 0.10576923076923077
0 0.7620192307692307 0.5108173076923077 0.22596153846153846 0.07932692307692307
0 0.7355769230769231 0.6045673076923077 0.2403846153846154 0.3293269230769231
0 0.5300480769230769 0.5817307692307693 0.24759615384615385 0.34615384615384615
0 0.640625 0.3449519230769231 0.1778846153846154 0.22115384615384615
0 0.6730769230769231 0.1935096153846154 0.12980769230769232 0.16826923076923078
0 0.6538461538461539 0.12259615384615384 0.0985576923076923 0.057692307692307696
0 0.5853365384615384 0.12259615384615384 0.0625 0.057692307692307696
0 0.6935096153846154 0.04927884615384615 0.11057692307692307 0.07692307692307693
0 0.5324519230769231 0.22716346153846154 0.12259615384615384 0.15144230769230768
0 0.5132211538461539 0.3269230769230769 0.15384615384615385 0.17307692307692307
0 0.43509615384615385 0.10697115384615384 0.10096153846153846 0.10096153846153846
0 0.3233173076923077 0.06850961538461539 0.14423076923076922 0.1346153846153846
0 0.39302884615384615 0.23557692307692307 0.1875 0.2403846153846154
0 0.24158653846153846 0.18269230769230768 0.17067307692307693 0.22115384615384615
0 0.4206730769230769 0.03245192307692308 0.1346153846153846 0.06009615384615385
0 0.5228365384615384 0.09254807692307693 0.11298076923076923 0.18028846153846154
0 0.6045673076923077 0.04807692307692308 0.06490384615384616 0.09134615384615384
0 0.6574519230769231 0.09014423076923077 0.10817307692307693 0.17548076923076922
0 0.6754807692307693 0.20192307692307693 0.15625 0.10096153846153846
0 0.3762019230769231 0.39783653846153844 0.11538461538461539 0.08413461538461539
0 0.8209134615384616 0.38221153846153844 0.20673076923076922 0.13701923076923078
0 0.7451923076923077 0.30649038461538464 0.10576923076923077 0.21634615384615385
0 0.8521634615384616 0.2247596153846154 0.13701923076923078 0.16826923076923078
0 0.7680288461538461 0.1045673076923077 0.13701923076923078 0.16826923076923078
0 0.8521634615384616 0.0673076923076923 0.10817307692307693 0.12980769230769232
0 0.765625 0.7848557692307693 0.07932692307692307 0.08413461538461539
0 0.6694711538461539 0.7463942307692307 0.0625 0.04807692307692308
5 0.8882211538461539 0.45552884615384615 0.21875 0.90625
5 0.1310096153846154 0.4567307692307692 0.25721153846153844 0.9086538461538461
4 0.39783653846153844 0.8617788461538461 0.3701923076923077 0.10096153846153846
4 0.15625 0.7043269230769231 0.11538461538461539 0.3389423076923077
4 0.3786057692307692 0.39302884615384615 0.10096153846153846 0.09375
4 0.14302884615384615 0.2620192307692308 0.026442307692307692 0.11538461538461539