0 0.8954326923076923 0.1310096153846154 0.20192307692307693 0.25
0 0.9555288461538461 0.038461538461538464 0.08173076923076923 0.06490384615384616
0 0.7487980769230769 0.06850961538461539 0.08173076923076923 0.125
0 0.8161057692307693 0.08052884615384616 0.052884615384615384 0.14903846153846154
0 0.7896634615384616 0.21754807692307693 0.038461538461538464 0.0889423076923077
0 0.8377403846153846 0.14302884615384615 0.028846153846153848 0.14423076923076922
0 0.8665865384615384 0.3269230769230769 0.052884615384615384 0.23798076923076922
0 0.8870192307692307 0.23557692307692307 0.04807692307692308 0.10096153846153846
0 0.7800480769230769 0.38341346153846156 0.15865384615384615 0.16105769230769232
0 0.6802884615384616 0.16346153846153846 0.20673076923076922 0.31490384615384615
0 0.6454326923076923 0.1935096153846154 0.2644230769230769 0.375
0 0.796875 0.31850961538461536 0.10096153846153846 0.125
0 0.8317307692307693 0.44350961538461536 0.06971153846153846 0.13701923076923078
0 0.8197115384615384 0.6694711538461539 0.11298076923076923 0.14903846153846154
0 0.8798076923076923 0.6069711538461539 0.026442307692307692 0.09615384615384616
0 0.9146634615384616 0.5120192307692307 0.057692307692307696 0.08173076923076923
0 0.9555288461538461 0.5060096153846154 0.08173076923076923 0.1778846153846154
0 0.7764423076923077 0.5865384615384616 0.08173076923076923 0.10096153846153846
0 0.9146634615384616 0.6899038461538461 0.04326923076923077 0.14423076923076922
0 0.09375 0.5564903846153846 0.1466346153846154 0.23076923076923078
0 0.28966346153846156 0.8329326923076923 0.0673076923076923 0.16826923076923078
0 0.10697115384615384 0.6634615384615384 0.07451923076923077 0.13701923076923078
0 0.039663461538461536 0.5649038461538461 0.07451923076923077 0.15865384615384615
0 0.01201923076923077 0.29447115384615385 0.02403846153846154 0.2692307692307692
0 0.07451923076923077 0.23557692307692307 0.09134615384615384 0.22115384615384615
0 0.18629807692307693 0.27403846153846156 0.12740384615384615 0.31009615384615385
0 0.10817307692307693 0.11057692307692307 0.12980769230769232 0.20673076923076922
0 0.036057692307692304 0.09254807692307693 0.0673076923076923 0.17548076923076922
0 0.30288461538461536 0.20793269230769232 0.2403846153846154 0.40625
0 0.46033653846153844 0.6105769230769231 0.6057692307692307 0.7548076923076923
0 0.46274038461538464 0.15144230769230768 0.1201923076923077 0.2932692307692308