0 0.27884615384615385 0.33774038461538464 0.5576923076923077 0.6682692307692307
0 0.48197115384615385 0.04447115384615385 0.13942307692307693 0.08173076923076923
0 0.21875 0.1658653846153846 0.27403846153846156 0.1466346153846154
0 0.27884615384615385 0.1045673076923077 0.5576923076923077 0.20192307692307693
0 0.12980769230769232 0.7572115384615384 0.2548076923076923 0.4807692307692308
0 0.18509615384615385 0.9194711538461539 0.14423076923076922 0.1466346153846154
0 0.27524038461538464 0.7800480769230769 0.08653846153846154 0.11538461538461539
0 0.1778846153846154 0.8701923076923077 0.0673076923076923 0.0673076923076923
0 0.3016826923076923 0.8317307692307693 0.19230769230769232 0.09615384615384616
0 0.3713942307692308 0.7223557692307693 0.125 0.1466346153846154
0 0.27283653846153844 0.6790865384615384 0.040865384615384616 0.06971153846153846
0 0.3449519230769231 0.6622596153846154 0.14423076923076922 0.1346153846153846
0 0.25721153846153844 0.6057692307692307 0.0625 0.052884615384615384
0 0.2956730769230769 0.9254807692307693 0.11057692307692307 0.14423076923076922
0 0.3557692307692308 0.8822115384615384 0.052884615384615384 0.1346153846153846
0 0.38100961538461536 0.8846153846153846 0.0625 0.07692307692307693
0 0.47716346153846156 0.7992788461538461 0.20192307692307693 0.1778846153846154
0 0.6009615384615384 0.7992788461538461 0.08653846153846154 0.06971153846153846
0 0.6153846153846154 0.8401442307692307 0.10817307692307693 0.05048076923076923
0 0.6394230769230769 0.7355769230769231 0.07211538461538461 0.0673076923076923
0 0.5108173076923077 0.6298076923076923 0.1346153846153846 0.16826923076923078
0 0.4230769230769231 0.6021634615384616 0.125 0.09134615384615384
0 0.4387019230769231 0.5564903846153846 0.09134615384615384 0.06971153846153846
0 0.4567307692307692 0.47836538461538464 0.12980769230769232 0.10096153846153846
0 0.38461538461538464 0.5216346153846154 0.0673076923076923 0.11538461538461539
0 0.4567307692307692 0.375 0.13942307692307693 0.15384615384615385
0 0.5180288461538461 0.3629807692307692 0.07692307692307693 0.052884615384615384
0 0.5108173076923077 0.4074519230769231 0.08173076923076923 0.04326923076923077
0 0.5721153846153846 0.46875 0.08173076923076923 0.1201923076923077
0 0.6418269230769231 0.42908653846153844 0.1201923076923077 0.08653846153846154
0 0.6935096153846154 0.3088942307692308 0.17067307692307693 0.20192307692307693
0 0.8088942307692307 0.31850961538461536 0.3701923076923077 0.14903846153846154
0 0.9411057692307693 0.13942307692307693 0.10817307692307693 0.2403846153846154
0 0.8581730769230769 0.1346153846153846 0.10817307692307693 0.21634615384615385
0 0.7704326923076923 0.0889423076923077 0.19230769230769232 0.16826923076923078
0 0.6959134615384616 0.15264423076923078 0.16346153846153846 0.12740384615384615
0 0.5793269230769231 0.16826923076923078 0.13942307692307693 0.1658653846153846
0 0.5853365384615384 0.32572115384615385 0.10817307692307693 0.17307692307692307
0 0.5540865384615384 0.26802884615384615 0.10817307692307693 0.057692307692307696
0 0.5612980769230769 0.36658653846153844 0.7524038461538461 0.7259615384615384
0 0.2283653846153846 0.7740384615384616 0.4519230769230769 0.44711538461538464
0 0.5709134615384616 0.9230769230769231 0.5216346153846154 0.14903846153846154
0 0.7572115384615384 0.9627403846153846 0.07211538461538461 0.07211538461538461
0 0.7908653846153846 0.9771634615384616 0.038461538461538464 0.040865384615384616
0 0.6983173076923077 0.9603365384615384 0.07932692307692307 0.07451923076923077
0 0.640625 0.9807692307692307 0.11298076923076923 0.03365384615384615
0 0.6213942307692307 0.9387019230769231 0.1201923076923077 0.06971153846153846
0 0.8894230769230769 0.9543269230769231 0.09134615384615384 0.08653846153846154
0 0.9435096153846154 0.9711538461538461 0.040865384615384616 0.05048076923076923
0 0.9567307692307693 0.9170673076923077 0.08173076923076923 0.16105769230769232
0 0.8918269230769231 0.8028846153846154 0.10336538461538461 0.1466346153846154
0 0.9639423076923077 0.8125 0.0625 0.08173076923076923
0 0.953125 0.7175480769230769 0.08173076923076923 0.08653846153846154
0 0.9591346153846154 0.6153846153846154 0.07211538461538461 0.1201923076923077
0 0.9747596153846154 0.6778846153846154 0.040865384615384616 0.05048076923076923
0 0.7572115384615384 0.8846153846153846 0.22596153846153846 0.10817307692307693
0 0.8149038461538461 0.6213942307692307 0.3605769230769231 0.4182692307692308
0 0.9350961538461539 0.14903846153846154 0.1201923076923077 0.20432692307692307
0 0.9326923076923077 0.026442307692307692 0.125 0.04807692307692308
0 0.5 0.5 0.9951923076923077 0.9951923076923077