0 0.5444711538461539 0.39302884615384615 0.1201923076923077 0.08413461538461539
0 0.8064903846153846 0.2403846153846154 0.09375 0.0625
0 0.9375 0.18389423076923078 0.10576923076923077 0.10096153846153846
0 0.49759615384615385 0.47596153846153844 0.08173076923076923 0.10576923076923077
0 0.5757211538461539 0.4891826923076923 0.0673076923076923 0.11538461538461539
0 0.45552884615384615 0.18269230769230768 0.08413461538461539 0.08173076923076923
0 0.1622596153846154 0.3293269230769231 0.11057692307692307 0.0889423076923077
0 0.1045673076923077 0.39783653846153844 0.10096153846153846 0.07692307692307693
0 0.28725961538461536 0.5420673076923077 0.08413461538461539 0.08173076923076923
0 0.40865384615384615 0.5973557692307693 0.09615384615384616 0.11057692307692307
0 0.2980769230769231 0.6646634615384616 0.10576923076923077 0.1201923076923077
0 0.3425480769230769 0.7019230769230769 0.08173076923076923 0.09615384615384616
0 0.5108173076923077 0.8449519230769231 0.09615384615384616 0.10576923076923077
0 0.5661057692307693 0.7307692307692307 0.10096153846153846 0.12980769230769232
0 0.6045673076923077 0.8293269230769231 0.10576923076923077 0.09375
0 0.6935096153846154 0.7752403846153846 0.14182692307692307 0.1201923076923077
0 0.7608173076923077 0.9435096153846154 0.12259615384615384 0.10817307692307693
0 0.8930288461538461 0.8425480769230769 0.09615384615384616 0.08413461538461539
0 0.9651442307692307 0.9831730769230769 0.06009615384615385 0.028846153846153848
0 0.4182692307692308 0.9807692307692307 0.08173076923076923 0.03365384615384615
0 0.0625 0.8978365384615384 0.0625 0.07211538461538461
0 0.036057692307692304 0.7512019230769231 0.0625 0.07211538461538461
0 0.078125 0.9795673076923077 0.057692307692307696 0.038461538461538464
0 0.014423076923076924 0.9831730769230769 0.02403846153846154 0.028846153846153848
0 0.057692307692307696 0.037259615384615384 0.0625 0.0673076923076923
0 0.03125 0.2536057692307692 0.04326923076923077 0.0625
0 0.11057692307692307 0.15384615384615385 0.07211538461538461 0.19951923076923078
0 0.15144230769230768 0.6778846153846154 0.1778846153846154 0.13942307692307693
0 0.23076923076923078 0.7716346153846154 0.052884615384615384 0.22596153846153846
0 0.34615384615384615 0.8641826923076923 0.1971153846153846 0.24519230769230768
0 0.546875 0.11778846153846154 0.08173076923076923 0.08413461538461539
0 0.4735576923076923 0.07572115384615384 0.04807692307692308 0.07211538461538461
0 0.5420673076923077 0.20192307692307693 0.0889423076923077 0.08413461538461539
0 0.4951923076923077 0.25961538461538464 0.07692307692307693 0.08413461538461539
0 0.5625 0.3112980769230769 0.07692307692307693 0.0625
0 0.5336538461538461 0.6466346153846154 0.10576923076923077 0.08413461538461539
0 0.6538461538461539 0.9387019230769231 0.14423076923076922 0.11778846153846154
0 0.7752403846153846 0.59375 0.11057692307692307 0.12980769230769232