0 0.09014423076923077 0.7391826923076923 0.10817307692307693 0.10576923076923077
0 0.10576923076923077 0.796875 0.15865384615384615 0.057692307692307696
0 0.26802884615384615 0.8112980769230769 0.15625 0.0625
0 0.21634615384615385 0.7644230769230769 0.14423076923076922 0.08653846153846154
0 0.3629807692307692 0.7427884615384616 0.13942307692307693 0.0889423076923077
0 0.2608173076923077 0.7079326923076923 0.10817307692307693 0.0673076923076923
0 0.18028846153846154 0.6646634615384616 0.1346153846153846 0.125
0 0.0829326923076923 0.6682692307692307 0.08173076923076923 0.03125
0 0.07451923076923077 0.6021634615384616 0.13942307692307693 0.10096153846153846
0 0.06971153846153846 0.5228365384615384 0.10817307692307693 0.10576923076923077
0 0.07692307692307693 0.46274038461538464 0.0625 0.04807692307692308
0 0.14903846153846154 0.47475961538461536 0.08173076923076923 0.06971153846153846
0 0.18028846153846154 0.5444711538461539 0.11298076923076923 0.10817307692307693
0 0.28365384615384615 0.5637019230769231 0.11298076923076923 0.09134615384615384
0 0.3088942307692308 0.5264423076923077 0.125 0.05048076923076923
0 0.3894230769230769 0.6646634615384616 0.07692307692307693 0.06971153846153846
0 0.30408653846153844 0.6490384615384616 0.10336538461538461 0.0625
0 0.3401442307692308 0.6105769230769231 0.09134615384615384 0.10096153846153846
0 0.3786057692307692 0.5985576923076923 0.09615384615384616 0.06971153846153846
0 0.3870192307692308 0.5540865384615384 0.08173076923076923 0.05048076923076923
0 0.3762019230769231 0.484375 0.09134615384615384 0.08173076923076923
0 0.27283653846153844 0.47716346153846156 0.125 0.07451923076923077
0 0.5132211538461539 0.7283653846153846 0.0673076923076923 0.0889423076923077
0 0.5360576923076923 0.796875 0.10336538461538461 0.07211538461538461
0 0.5204326923076923 0.8353365384615384 0.08173076923076923 0.04326923076923077
0 0.5588942307692307 0.859375 0.08653846153846154 0.04326923076923077
0 0.6129807692307693 0.8473557692307693 0.10336538461538461 0.057692307692307696
0 0.6418269230769231 0.8689903846153846 0.0673076923076923 0.03125
0 0.7295673076923077 0.8665865384615384 0.08653846153846154 0.04326923076923077
0 0.6983173076923077 0.8209134615384616 0.07692307692307693 0.0673076923076923
0 0.6009615384615384 0.7704326923076923 0.09615384615384616 0.10576923076923077
0 0.5877403846153846 0.7139423076923077 0.07211538461538461 0.04807692307692308
0 0.6394230769230769 0.7043269230769231 0.17548076923076922 0.05048076923076923
0 0.6574519230769231 0.7548076923076923 0.07692307692307693 0.0673076923076923
0 0.7007211538461539 0.7487980769230769 0.07211538461538461 0.052884615384615384
0 0.7391826923076923 0.7836538461538461 0.04807692307692308 0.038461538461538464
0 0.7884615384615384 0.8317307692307693 0.09134615384615384 0.057692307692307696
0 0.8088942307692307 0.8798076923076923 0.09134615384615384 0.06971153846153846
0 0.8629807692307693 0.8473557692307693 0.07692307692307693 0.0673076923076923
0 0.8401442307692307 0.7956730769230769 0.1346153846153846 0.0625
0 0.8509615384615384 0.7283653846153846 0.11298076923076923 0.09615384615384616
0 0.7632211538461539 0.6875 0.11298076923076923 0.03125
0 0.9326923076923077 0.7127403846153846 0.125 0.08173076923076923
0 0.9338942307692307 0.7848557692307693 0.12740384615384615 0.10336538461538461
0 0.9302884615384616 0.8557692307692307 0.10817307692307693 0.05048076923076923
0 0.515625 0.6274038461538461 0.0625 0.057692307692307696
0 0.5925480769230769 0.6274038461538461 0.0625 0.0673076923076923
0 0.5492788461538461 0.5697115384615384 0.1201923076923077 0.057692307692307696
0 0.5432692307692307 0.6237980769230769 0.02403846153846154 0.057692307692307696
0 0.6286057692307693 0.6201923076923077 0.040865384615384616 0.05048076923076923
0 0.703125 0.6213942307692307 0.10817307692307693 0.09134615384615384
0 0.7115384615384616 0.5853365384615384 0.0625 0.04326923076923077
0 0.6310096153846154 0.5709134615384616 0.09615384615384616 0.0625
0 0.5901442307692307 0.53125 0.0673076923076923 0.04326923076923077
0 0.5132211538461539 0.5036057692307693 0.057692307692307696 0.09615384615384616
0 0.5384615384615384 0.4266826923076923 0.10817307692307693 0.0673076923076923
0 0.5745192307692307 0.484375 0.08653846153846154 0.09615384615384616
0 0.6189903846153846 0.4338942307692308 0.08173076923076923 0.08173076923076923
0 0.6670673076923077 0.43990384615384615 0.057692307692307696 0.0625
0 0.7139423076923077 0.4675480769230769 0.07692307692307693 0.06971153846153846
0 0.6826923076923077 0.5060096153846154 0.08653846153846154 0.0625
0 0.7115384615384616 0.5348557692307693 0.09134615384615384 0.08173076923076923
0 0.6418269230769231 0.5036057692307693 0.057692307692307696 0.0673076923076923
0 0.8112980769230769 0.6298076923076923 0.08653846153846154 0.07692307692307693
0 0.8557692307692307 0.5793269230769231 0.15384615384615385 0.08653846153846154
0 0.8473557692307693 0.5264423076923077 0.12980769230769232 0.08173076923076923
0 0.8377403846153846 0.47475961538461536 0.10817307692307693 0.0625
0 0.8425480769230769 0.42427884615384615 0.10817307692307693 0.0625
0 0.9278846153846154 0.4338942307692308 0.07211538461538461 0.08173076923076923
0 0.953125 0.48677884615384615 0.07211538461538461 0.06971153846153846
0 0.9747596153846154 0.4495192307692308 0.04567307692307692 0.09134615384615384
0 0.9675480769230769 0.5324519230769231 0.06009615384615385 0.040865384615384616
0 0.9699519230769231 0.5865384615384616 0.055288461538461536 0.052884615384615384
0 0.9387019230769231 0.5697115384615384 0.0625 0.057692307692307696
0 0.8990384615384616 0.6213942307692307 0.1201923076923077 0.06971153846153846
0 0.8918269230769231 0.6490384615384616 0.07211538461538461 0.02403846153846154
0 0.9723557692307693 0.6346153846153846 0.05048076923076923 0.052884615384615384
0 0.23918269230769232 0.08052884615384616 0.04807692307692308 0.03125
0 0.22956730769230768 0.10576923076923077 0.04807692307692308 0.026442307692307692
0 0.265625 0.1141826923076923 0.02403846153846154 0.019230769230769232
0 0.2608173076923077 0.140625 0.036057692307692304 0.019230769230769232
0 0.23197115384615385 0.12980769230769232 0.019230769230769232 0.019230769230769232
0 0.234375 0.16466346153846154 0.02403846153846154 0.019230769230769232
0 0.26802884615384615 0.16466346153846154 0.019230769230769232 0.019230769230769232
0 0.23918269230769232 0.1971153846153846 0.04807692307692308 0.02403846153846154
0 0.24519230769230768 0.22235576923076922 0.036057692307692304 0.019230769230769232
0 0.24759615384615385 0.2548076923076923 0.052884615384615384 0.038461538461538464
0 0.25721153846153844 0.28365384615384615 0.040865384615384616 0.026442307692307692
0 0.25 0.3161057692307692 0.036057692307692304 0.03125
0 0.27884615384615385 0.33774038461538464 0.040865384615384616 0.03365384615384615
0 0.3173076923076923 0.34615384615384615 0.036057692307692304 0.019230769230769232
0 0.30649038461538464 0.07572115384615384 0.057692307692307696 0.04326923076923077
0 0.28365384615384615 0.10216346153846154 0.0625 0.05048076923076923
0 0.3016826923076923 0.15264423076923078 0.055288461538461536 0.04326923076923077
0 0.27884615384615385 0.18870192307692307 0.052884615384615384 0.03125
0 0.3293269230769231 0.19110576923076922 0.040865384615384616 0.03365384615384615
0 0.29086538461538464 0.22355769230769232 0.07692307692307693 0.03125
0 0.30408653846153844 0.25841346153846156 0.052884615384615384 0.04807692307692308
0 0.31490384615384615 0.2932692307692308 0.040865384615384616 0.03125
0 0.2860576923076923 0.30288461538461536 0.036057692307692304 0.03365384615384615
0 0.3269230769230769 0.3245192307692308 0.04807692307692308 0.02403846153846154
0 0.3557692307692308 0.07091346153846154 0.040865384615384616 0.03365384615384615
0 0.3918269230769231 0.06370192307692307 0.03125 0.026442307692307692
0 0.42788461538461536 0.06610576923076923 0.03125 0.038461538461538464
0 0.4567307692307692 0.056490384615384616 0.04807692307692308 0.03365384615384615
0 0.48197115384615385 0.0673076923076923 0.036057692307692304 0.019230769230769232
0 0.515625 0.06129807692307692 0.052884615384615384 0.03125
0 0.5649038461538461 0.06009615384615385 0.04807692307692308 0.04326923076923077
0 0.6105769230769231 0.0733173076923077 0.04807692307692308 0.038461538461538464
0 0.6442307692307693 0.06009615384615385 0.040865384615384616 0.026442307692307692
0 0.6887019230769231 0.06129807692307692 0.036057692307692304 0.03125
0 0.7247596153846154 0.0733173076923077 0.02403846153846154 0.02403846153846154
0 0.7548076923076923 0.06370192307692307 0.036057692307692304 0.03365384615384615
0 0.6935096153846154 0.09254807692307693 0.036057692307692304 0.03125
0 0.6550480769230769 0.08533653846153846 0.040865384615384616 0.02403846153846154
0 0.6310096153846154 0.1045673076923077 0.036057692307692304 0.03125
0 0.5973557692307693 0.11778846153846154 0.03125 0.026442307692307692
0 0.5745192307692307 0.09495192307692307 0.057692307692307696 0.026442307692307692
0 0.53125 0.09495192307692307 0.052884615384615384 0.026442307692307692
0 0.5 0.1045673076923077 0.052884615384615384 0.038461538461538464
0 0.45072115384615385 0.09495192307692307 0.057692307692307696 0.026442307692307692
0 0.7860576923076923 0.0985576923076923 0.04807692307692308 0.05048076923076923
0 0.7475961538461539 0.1201923076923077 0.040865384615384616 0.038461538461538464
0 0.7391826923076923 0.09615384615384616 0.04807692307692308 0.02403846153846154
0 0.7115384615384616 0.12980769230769232 0.040865384615384616 0.03365384615384615
0 0.6754807692307693 0.11778846153846154 0.040865384615384616 0.026442307692307692
0 0.6574519230769231 0.14903846153846154 0.036057692307692304 0.03365384615384615
0 0.6213942307692307 0.14423076923076922 0.04807692307692308 0.03365384615384615
0 0.5673076923076923 0.12740384615384615 0.040865384615384616 0.038461538461538464
0 0.5252403846153846 0.12740384615384615 0.03125 0.03125
0 0.5 0.1466346153846154 0.03125 0.03125
0 0.46875 0.14423076923076922 0.03125 0.03365384615384615
0 0.45072115384615385 0.1141826923076923 0.057692307692307696 0.05048076923076923
0 0.38100961538461536 0.11778846153846154 0.052884615384615384 0.04326923076923077
0 0.3473557692307692 0.11057692307692307 0.036057692307692304 0.026442307692307692
0 0.3557692307692308 0.15625 0.040865384615384616 0.03365384615384615
0 0.3870192307692308 0.15384615384615385 0.03125 0.03125
0 0.4230769230769231 0.14423076923076922 0.03125 0.026442307692307692
0 0.44591346153846156 0.15865384615384615 0.04807692307692308 0.038461538461538464
0 0.4098557692307692 0.1814903846153846 0.04807692307692308 0.038461538461538464
0 0.36538461538461536 0.1875 0.040865384615384616 0.03365384615384615
0 0.3762019230769231 0.21754807692307693 0.040865384615384616 0.03365384615384615
0 0.3449519230769231 0.23317307692307693 0.03125 0.03365384615384615
0 0.36538461538461536 0.2512019230769231 0.052884615384615384 0.03125
0 0.7836538461538461 0.14423076923076922 0.052884615384615384 0.036057692307692304
0 0.7367788461538461 0.15625 0.040865384615384616 0.019230769230769232
0 0.7163461538461539 0.16947115384615385 0.052884615384615384 0.02403846153846154
0 0.6646634615384616 0.1814903846153846 0.052884615384615384 0.03125
0 0.6262019230769231 0.16947115384615385 0.04807692307692308 0.03125
0 0.5745192307692307 0.16826923076923078 0.04807692307692308 0.026442307692307692
0 0.53125 0.15985576923076922 0.03125 0.019230769230769232
0 0.5204326923076923 0.18509615384615385 0.03125 0.014423076923076924
0 0.47716346153846156 0.17908653846153846 0.04807692307692308 0.026442307692307692
0 0.45072115384615385 0.20673076923076922 0.036057692307692304 0.04326923076923077
0 0.41466346153846156 0.22235576923076922 0.036057692307692304 0.04326923076923077
0 0.4254807692307692 0.25841346153846156 0.057692307692307696 0.038461538461538464
0 0.4026442307692308 0.2824519230769231 0.03125 0.03125
0 0.36538461538461536 0.2800480769230769 0.052884615384615384 0.019230769230769232
0 0.3737980769230769 0.30649038461538464 0.04807692307692308 0.03365384615384615
0 0.3605769230769231 0.3401442307692308 0.052884615384615384 0.02403846153846154
0 0.7680288461538461 0.17548076923076922 0.052884615384615384 0.026442307692307692
0 0.7704326923076923 0.20673076923076922 0.057692307692307696 0.026442307692307692
0 0.734375 0.1935096153846154 0.036057692307692304 0.014423076923076924
0 0.7007211538461539 0.20072115384615385 0.052884615384615384 0.03125
0 0.6574519230769231 0.21754807692307693 0.04807692307692308 0.03365384615384615
0 0.6129807692307693 0.22596153846153846 0.03125 0.026442307692307692
0 0.6262019230769231 0.19831730769230768 0.036057692307692304 0.026442307692307692
0 0.5925480769230769 0.19471153846153846 0.040865384615384616 0.026442307692307692
0 0.5540865384615384 0.19831730769230768 0.036057692307692304 0.04326923076923077
0 0.5853365384615384 0.22956730769230768 0.04807692307692308 0.03365384615384615
0 0.5180288461538461 0.2127403846153846 0.0673076923076923 0.038461538461538464
0 0.4795673076923077 0.2608173076923077 0.03125 0.03365384615384615
0 0.5204326923076923 0.24879807692307693 0.03125 0.03365384615384615
0 0.5540865384615384 0.24519230769230768 0.04807692307692308 0.04326923076923077
0 0.5588942307692307 0.2800480769230769 0.057692307692307696 0.026442307692307692
0 0.5949519230769231 0.2548076923076923 0.057692307692307696 0.03125
0 0.6466346153846154 0.25841346153846156 0.02403846153846154 0.03125
0 0.6802884615384616 0.2608173076923077 0.052884615384615384 0.026442307692307692
0 0.703125 0.2283653846153846 0.036057692307692304 0.02403846153846154
0 0.75 0.24278846153846154 0.036057692307692304 0.03125
0 0.7163461538461539 0.25721153846153844 0.040865384615384616 0.03365384615384615
0 0.7860576923076923 0.23557692307692307 0.036057692307692304 0.02403846153846154
0 0.7704326923076923 0.2644230769230769 0.04807692307692308 0.026442307692307692
0 0.7427884615384616 0.2824519230769231 0.040865384615384616 0.02403846153846154
0 0.7115384615384616 0.2860576923076923 0.040865384615384616 0.02403846153846154
0 0.6802884615384616 0.28966346153846156 0.040865384615384616 0.014423076923076924
0 0.6442307692307693 0.29927884615384615 0.052884615384615384 0.03365384615384615
0 0.6105769230769231 0.28365384615384615 0.036057692307692304 0.019230769230769232
0 0.6009615384615384 0.3161057692307692 0.04807692307692308 0.03125
0 0.5612980769230769 0.3112980769230769 0.019230769230769232 0.026442307692307692
0 0.5252403846153846 0.3161057692307692 0.040865384615384616 0.03125
0 0.515625 0.28725961538461536 0.03125 0.026442307692307692
0 0.4639423076923077 0.2932692307692308 0.052884615384615384 0.02403846153846154
0 0.47115384615384615 0.32211538461538464 0.057692307692307696 0.026442307692307692
0 0.4206730769230769 0.2956730769230769 0.04807692307692308 0.026442307692307692
0 0.4098557692307692 0.328125 0.036057692307692304 0.02403846153846154
0 0.41225961538461536 0.34615384615384615 0.03125 0.01201923076923077
0 0.4567307692307692 0.34134615384615385 0.057692307692307696 0.026442307692307692
0 0.5 0.34375 0.03125 0.02403846153846154
0 0.5336538461538461 0.34615384615384615 0.036057692307692304 0.019230769230769232
0 0.5721153846153846 0.34134615384615385 0.040865384615384616 0.026442307692307692
0 0.6033653846153846 0.34375 0.03125 0.014423076923076924
0 0.6310096153846154 0.3245192307692308 0.036057692307692304 0.038461538461538464
0 0.6490384615384616 0.33774038461538464 0.040865384615384616 0.026442307692307692
0 0.6911057692307693 0.34375 0.03125 0.02403846153846154
0 0.6983173076923077 0.3112980769230769 0.057692307692307696 0.03365384615384615
0 0.71875 0.33533653846153844 0.02403846153846154 0.014423076923076924
0 0.7367788461538461 0.31490384615384615 0.03125 0.026442307692307692
0 0.7572115384615384 0.33533653846153844 0.052884615384615384 0.03125
0 0.765625 0.29927884615384615 0.04807692307692308 0.026442307692307692
5 0.23197115384615385 0.6658653846153846 0.4543269230769231 0.49759615384615385
5 0.5072115384615384 0.1935096153846154 0.6850961538461539 0.3701923076923077
5 0.7283653846153846 0.6394230769230769 0.5384615384615384 0.5865384615384616