0 0.2848557692307692 0.5793269230769231 0.4495192307692308 0.6298076923076923
0 0.046875 0.6923076923076923 0.08653846153846154 0.5096153846153846
0 0.08173076923076923 0.9471153846153846 0.15384615384615385 0.09615384615384616
0 0.3401442307692308 0.9026442307692307 0.4230769230769231 0.18269230769230768
0 0.7019230769230769 0.8257211538461539 0.2403846153846154 0.33653846153846156
0 0.5264423076923077 0.8004807692307693 0.125 0.28365384615384615
0 0.6129807692307693 0.3004807692307692 0.28365384615384615 0.3894230769230769
0 0.31490384615384615 0.20793269230769232 0.30528846153846156 0.32211538461538464
0 0.0985576923076923 0.19230769230769232 0.1875 0.38461538461538464
0 0.0625 0.42908653846153844 0.08653846153846154 0.0673076923076923
0 0.2848557692307692 0.08413461538461539 0.19230769230769232 0.16826923076923078
0 0.5432692307692307 0.08413461538461539 0.3076923076923077 0.16826923076923078
0 0.8004807692307693 0.1502403846153846 0.2548076923076923 0.3004807692307692
0 0.9242788461538461 0.09134615384615384 0.1466346153846154 0.18269230769230768
0 0.9471153846153846 0.2980769230769231 0.10096153846153846 0.3269230769230769
0 0.8737980769230769 0.3954326923076923 0.24759615384615385 0.21394230769230768
0 0.78125 0.48677884615384615 0.1201923076923077 0.16346153846153846
0 0.7487980769230769 0.5420673076923077 0.09375 0.09615384615384616
0 0.6850961538461539 0.5216346153846154 0.057692307692307696 0.0625
0 0.6526442307692307 0.6105769230769231 0.08173076923076923 0.09615384615384616
0 0.6021634615384616 0.6550480769230769 0.0625 0.0673076923076923
0 0.7740384615384616 0.6153846153846154 0.0673076923076923 0.0625
0 0.8966346153846154 0.546875 0.20192307692307693 0.2860576923076923
0 0.9375 0.7259615384615384 0.07932692307692307 0.10576923076923077
0 0.8737980769230769 0.7319711538461539 0.08653846153846154 0.19951923076923078
0 0.7920673076923077 0.9182692307692307 0.07692307692307693 0.14182692307692307
0 0.6021634615384616 0.9663461538461539 0.057692307692307696 0.057692307692307696
0 0.8978365384615384 0.8894230769230769 0.1658653846153846 0.21153846153846154
0 0.9891826923076923 0.9122596153846154 0.016826923076923076 0.17067307692307693
0 0.9699519230769231 0.7295673076923077 0.055288461538461536 0.21875
0 0.5012019230769231 0.4987980769230769 0.9975961538461539 0.9975961538461539