0 0.17307692307692307 0.06610576923076923 0.2668269230769231 0.125
0 0.39302884615384615 0.037259615384615384 0.19230769230769232 0.0673076923076923
0 0.5516826923076923 0.10216346153846154 0.22115384615384615 0.1971153846153846
0 0.41586538461538464 0.23317307692307693 0.24519230769230768 0.2548076923076923
0 0.7427884615384616 0.06610576923076923 0.22115384615384615 0.125
0 0.8509615384615384 0.15745192307692307 0.21634615384615385 0.2091346153846154
0 0.6826923076923077 0.2620192307692308 0.2620192307692308 0.23076923076923078
0 0.5661057692307693 0.3870192307692308 0.23557692307692307 0.21153846153846154
0 0.6826923076923077 0.5 0.18269230769230768 0.19951923076923078
0 0.8137019230769231 0.40024038461538464 0.23076923076923078 0.23076923076923078
0 0.9254807692307693 0.29086538461538464 0.14423076923076922 0.22115384615384615
0 0.9699519230769231 0.4639423076923077 0.055288461538461536 0.15865384615384615
0 0.9038461538461539 0.5757211538461539 0.18269230769230768 0.2091346153846154
0 0.7884615384615384 0.6598557692307693 0.2091346153846154 0.21634615384615385
0 0.8966346153846154 0.7872596153846154 0.20192307692307693 0.21394230769230768
0 0.7800480769230769 0.8894230769230769 0.28125 0.21634615384615385
0 0.609375 0.8461538461538461 0.25721153846153844 0.23557692307692307
0 0.6262019230769231 0.9675480769230769 0.17067307692307693 0.06009615384615385
0 0.421875 0.9471153846153846 0.24278846153846154 0.10096153846153846
0 0.34615384615384615 0.7644230769230769 0.22115384615384615 0.25721153846153844
0 0.15384615384615385 0.7728365384615384 0.2980769230769231 0.30288461538461536
0 0.109375 0.49158653846153844 0.2091346153846154 0.2620192307692308
0 0.19110576923076922 0.2692307692307692 0.2668269230769231 0.2548076923076923
0 0.5444711538461539 0.6177884615384616 0.27884615384615385 0.27403846153846156
0 0.3485576923076923 0.48197115384615385 0.2620192307692308 0.2620192307692308
0 0.17668269230769232 0.9411057692307693 0.29086538461538464 0.11298076923076923