0 0.8413461538461539 0.13701923076923078 0.3125 0.2644230769230769
0 0.5649038461538461 0.10336538461538461 0.21394230769230768 0.1971153846153846
0 0.06370192307692307 0.20432692307692307 0.1201923076923077 0.39903846153846156
0 0.23677884615384615 0.1466346153846154 0.2956730769230769 0.27163461538461536
0 0.18269230769230768 0.16706730769230768 0.2980769230769231 0.31490384615384615
0 0.12740384615384615 0.5108173076923077 0.24759615384615385 0.31971153846153844
0 0.2704326923076923 0.4362980769230769 0.13942307692307693 0.13942307692307693
0 0.38221153846153844 0.39903846153846156 0.22115384615384615 0.21153846153846154
0 0.18509615384615385 0.2956730769230769 0.1466346153846154 0.1346153846153846
0 0.5192307692307693 0.27163461538461536 0.4254807692307692 0.2764423076923077
0 0.46033653846153844 0.07451923076923077 0.09375 0.11538461538461539
0 0.8305288461538461 0.055288461538461536 0.27403846153846156 0.10096153846153846
0 0.75 0.37740384615384615 0.22355769230769232 0.5432692307692307
0 0.9050480769230769 0.4338942307692308 0.16826923076923078 0.43028846153846156
0 0.9663461538461539 0.34375 0.0625 0.35096153846153844
0 0.9278846153846154 0.6887019230769231 0.13942307692307693 0.30528846153846156
0 0.8209134615384616 0.8341346153846154 0.12259615384615384 0.3269230769230769
0 0.6033653846153846 0.8064903846153846 0.14903846153846154 0.38221153846153844
0 0.9819711538461539 0.9375 0.03125 0.1201923076923077
0 0.9362980769230769 0.8545673076923077 0.12259615384615384 0.2860576923076923
0 0.3137019230769231 0.5829326923076923 0.3269230769230769 0.16346153846153846
0 0.33052884615384615 0.7920673076923077 0.40625 0.2764423076923077
0 0.14903846153846154 0.765625 0.2091346153846154 0.28846153846153844
0 0.1141826923076923 0.8737980769230769 0.22355769230769232 0.24759615384615385
0 0.030048076923076924 0.6778846153846154 0.052884615384615384 0.13221153846153846
0 0.3112980769230769 0.9411057692307693 0.20673076923076922 0.11538461538461539
0 0.4567307692307692 0.9375 0.15865384615384615 0.1201923076923077
0 0.5108173076923077 0.5721153846153846 0.22355769230769232 0.5384615384615384
0 0.6394230769230769 0.6947115384615384 0.12980769230769232 0.5576923076923077