0 0.5096153846153846 0.484375 0.6105769230769231 0.8245192307692307
0 0.8725961538461539 0.28846153846153844 0.25 0.5721153846153846
0 0.7524038461538461 0.6983173076923077 0.4567307692307692 0.5096153846153846
0 0.13341346153846154 0.17067307692307693 0.25961538461538464 0.3293269230769231
0 0.15384615384615385 0.36899038461538464 0.30288461538461536 0.5721153846153846
0 0.5060096153846154 0.07211538461538461 0.4855769230769231 0.1346153846153846
0 0.12740384615384615 0.8557692307692307 0.12980769230769232 0.1971153846153846
0 0.171875 0.7247596153846154 0.1346153846153846 0.14903846153846154
0 0.054086538461538464 0.7211538461538461 0.10096153846153846 0.14423076923076922
0 0.23076923076923078 0.9543269230769231 0.14903846153846154 0.08653846153846154
0 0.359375 0.9507211538461539 0.11538461538461539 0.09615384615384616
0 0.4675480769230769 0.9471153846153846 0.11778846153846154 0.10096153846153846