0 0.7740384615384616 0.9254807692307693 0.07211538461538461 0.10336538461538461
0 0.8545673076923077 0.9314903846153846 0.16105769230769232 0.10336538461538461
0 0.9435096153846154 0.9735576923076923 0.10096153846153846 0.04807692307692308
0 0.9435096153846154 0.8966346153846154 0.10096153846153846 0.10576923076923077
0 0.8425480769230769 0.8365384615384616 0.17307692307692307 0.09375
0 0.9375 0.796875 0.11298076923076923 0.09375
0 0.9615384615384616 0.7127403846153846 0.06490384615384616 0.08653846153846154
0 0.5240384615384616 0.953125 0.1201923076923077 0.08653846153846154
0 0.4879807692307692 0.9170673076923077 0.10576923076923077 0.0673076923076923
0 0.42908653846153844 0.9735576923076923 0.10576923076923077 0.04807692307692308
0 0.38100961538461536 0.9435096153846154 0.1201923076923077 0.08173076923076923
0 0.3545673076923077 0.9098557692307693 0.11298076923076923 0.07451923076923077
0 0.4579326923076923 0.8798076923076923 0.07211538461538461 0.052884615384615384
0 0.4170673076923077 0.8521634615384616 0.09615384615384616 0.05048076923076923
0 0.31490384615384615 0.8786057692307693 0.10576923076923077 0.057692307692307696
0 0.24158653846153846 0.9338942307692307 0.125 0.07211538461538461
0 0.2824519230769231 0.9711538461538461 0.16105769230769232 0.05048076923076923
0 0.13701923076923078 0.8954326923076923 0.09615384615384616 0.06971153846153846
0 0.06009615384615385 0.9254807692307693 0.10576923076923077 0.07692307692307693
0 0.06850961538461539 0.8581730769230769 0.11298076923076923 0.06971153846153846
0 0.013221153846153846 0.8942307692307693 0.021634615384615384 0.0625
0 0.013221153846153846 0.8293269230769231 0.021634615384615384 0.07211538461538461
0 0.016826923076923076 0.7608173076923077 0.028846153846153848 0.06971153846153846
0 0.016826923076923076 0.7043269230769231 0.028846153846153848 0.057692307692307696
0 0.06490384615384616 0.7211538461538461 0.1201923076923077 0.06971153846153846
0 0.056490384615384616 0.7932692307692307 0.10096153846153846 0.0673076923076923
0 0.06009615384615385 0.65625 0.1201923076923077 0.0673076923076923
0 0.13701923076923078 0.6838942307692307 0.07211538461538461 0.06490384615384616
0 0.29447115384615385 0.7151442307692307 0.23076923076923078 0.057692307692307696
0 0.2920673076923077 0.7680288461538461 0.09615384615384616 0.0625
0 0.23197115384615385 0.6550480769230769 0.1201923076923077 0.06971153846153846
0 0.3545673076923077 0.6838942307692307 0.17307692307692307 0.06009615384615385
0 0.39903846153846156 0.6322115384615384 0.10576923076923077 0.05048076923076923
0 0.3004807692307692 0.6262019230769231 0.10096153846153846 0.04807692307692308
0 0.38341346153846156 0.6165865384615384 0.13701923076923078 0.03365384615384615
0 0.44350961538461536 0.5685096153846154 0.125 0.06971153846153846
0 0.09615384615384616 0.37740384615384615 0.1875 0.0625
0 0.07572115384615384 0.3004807692307692 0.1466346153846154 0.0673076923076923
0 0.16105769230769232 0.3245192307692308 0.09615384615384616 0.057692307692307696
0 0.16105769230769232 0.25961538461538464 0.1201923076923077 0.06009615384615385
0 0.07572115384615384 0.22956730769230768 0.1466346153846154 0.06971153846153846
0 0.17908653846153846 0.1971153846153846 0.09615384615384616 0.06009615384615385
0 0.16105769230769232 0.12860576923076922 0.09615384615384616 0.06971153846153846
0 0.06370192307692307 0.15504807692307693 0.12259615384615384 0.06490384615384616
0 0.07932692307692307 0.0673076923076923 0.15384615384615385 0.07692307692307693
0 0.03365384615384615 0.10576923076923077 0.0625 0.052884615384615384
0 0.23798076923076922 0.13822115384615385 0.09615384615384616 0.06971153846153846
0 0.21754807692307693 0.06009615384615385 0.0889423076923077 0.07211538461538461
0 0.25841346153846156 0.030048076923076924 0.10096153846153846 0.06009615384615385
0 0.31850961538461536 0.06610576923076923 0.11298076923076923 0.09375
0 0.4254807692307692 0.0985576923076923 0.125 0.09134615384615384
0 0.47596153846153844 0.16346153846153846 0.10576923076923077 0.0673076923076923
0 0.5420673076923077 0.12860576923076922 0.1201923076923077 0.09134615384615384
0 0.5444711538461539 0.042067307692307696 0.125 0.06971153846153846
0 0.5564903846153846 0.003605769230769231 0.10096153846153846 0.007211538461538462
0 0.43509615384615385 0.028846153846153848 0.14423076923076922 0.057692307692307696
0 0.31850961538461536 0.010817307692307692 0.07932692307692307 0.021634615384615384
0 0.3605769230769231 0.1466346153846154 0.11298076923076923 0.0673076923076923
0 0.41346153846153844 0.19471153846153846 0.06490384615384616 0.05048076923076923
0 0.37740384615384615 0.20793269230769232 0.06490384615384616 0.05048076923076923
0 0.3329326923076923 0.21634615384615385 0.04807692307692308 0.038461538461538464
0 0.29447115384615385 0.17548076923076922 0.0889423076923077 0.0625
0 0.35697115384615385 0.2764423076923077 0.14423076923076922 0.08653846153846154
0 0.3629807692307692 0.33052884615384615 0.08173076923076923 0.019230769230769232
0 0.3545673076923077 0.375 0.14903846153846154 0.08173076923076923
0 0.3545673076923077 0.4362980769230769 0.07692307692307693 0.04807692307692308
0 0.4699519230769231 0.42788461538461536 0.14423076923076922 0.08173076923076923
0 0.4735576923076923 0.33052884615384615 0.14903846153846154 0.08653846153846154
0 0.49158653846153844 0.24158653846153846 0.14903846153846154 0.09615384615384616
0 0.6105769230769231 0.28365384615384615 0.16105769230769232 0.10096153846153846
0 0.5949519230769231 0.3762019230769231 0.15384615384615385 0.08653846153846154
0 0.6129807692307693 0.46153846153846156 0.15384615384615385 0.09134615384615384
0 0.5060096153846154 0.48677884615384615 0.07211538461538461 0.038461538461538464
0 0.45552884615384615 0.47716346153846156 0.04326923076923077 0.019230769230769232
0 0.5685096153846154 0.5216346153846154 0.07692307692307693 0.028846153846153848
0 0.4879807692307692 0.5180288461538461 0.07211538461538461 0.028846153846153848
0 0.75 0.5096153846153846 0.1778846153846154 0.08653846153846154
0 0.7319711538461539 0.421875 0.1778846153846154 0.09134615384615384
0 0.8545673076923077 0.4567307692307692 0.10096153846153846 0.08653846153846154
0 0.8545673076923077 0.3629807692307692 0.10096153846153846 0.08653846153846154
0 0.7415865384615384 0.328125 0.17307692307692307 0.09134615384615384
0 0.75 0.2403846153846154 0.16826923076923078 0.09375
0 0.8689903846153846 0.2764423076923077 0.1201923076923077 0.08653846153846154
0 0.9375 0.33774038461538464 0.11298076923076923 0.10336538461538461
0 0.9819711538461539 0.33533653846153844 0.02403846153846154 0.057692307692307696
0 0.9519230769230769 0.24879807692307693 0.08173076923076923 0.07692307692307693
0 0.9555288461538461 0.16826923076923078 0.07692307692307693 0.07692307692307693
0 0.9459134615384616 0.07692307692307693 0.09615384615384616 0.10096153846153846
0 0.49158653846153844 0.6586538461538461 0.17307692307692307 0.04326923076923077
0 0.4699519230769231 0.7463942307692307 0.12980769230769232 0.11298076923076923
0 0.4254807692307692 0.7728365384615384 0.13701923076923078 0.08173076923076923
0 0.4014423076923077 0.7980769230769231 0.06490384615384616 0.057692307692307696
0 0.5300480769230769 0.6117788461538461 0.15384615384615385 0.057692307692307696
0 0.5144230769230769 0.5649038461538461 0.0889423076923077 0.038461538461538464
0 0.5120192307692307 0.5913461538461539 0.14423076923076922 0.057692307692307696
0 0.6334134615384616 0.5685096153846154 0.11298076923076923 0.04326923076923077
0 0.7620192307692307 0.5769230769230769 0.1201923076923077 0.052884615384615384
0 0.8605769230769231 0.6021634615384616 0.125 0.0625
0 0.6610576923076923 0.6177884615384616 0.1778846153846154 0.04326923076923077
0 0.7524038461538461 0.6370192307692307 0.14903846153846154 0.08173076923076923
0 0.8545673076923077 0.671875 0.13701923076923078 0.07692307692307693
0 0.6754807692307693 0.7067307692307693 0.22115384615384615 0.052884615384615384
0 0.6225961538461539 0.6586538461538461 0.20673076923076922 0.057692307692307696
0 0.8365384615384616 0.7283653846153846 0.17307692307692307 0.09615384615384616
0 0.7560096153846154 0.7668269230769231 0.16826923076923078 0.06009615384615385
0 0.5649038461538461 0.7415865384615384 0.15384615384615385 0.10336538461538461
0 0.6670673076923077 0.78125 0.1778846153846154 0.09134615384615384
0 0.7019230769230769 0.8413461538461539 0.14423076923076922 0.06971153846153846
0 0.5300480769230769 0.8377403846153846 0.15384615384615385 0.06971153846153846
0 0.5769230769230769 0.8221153846153846 0.12980769230769232 0.06490384615384616