0 0.59375 0.140625 0.4831730769230769 0.27403846153846156
0 0.19230769230769232 0.07932692307692307 0.375 0.15144230769230768
0 0.15625 0.23076923076923078 0.30288461538461536 0.3173076923076923
0 0.051682692307692304 0.43149038461538464 0.09375 0.21153846153846154
0 0.14543269230769232 0.7043269230769231 0.27884615384615385 0.3389423076923077
0 0.29447115384615385 0.5685096153846154 0.30288461538461536 0.23557692307692307
0 0.41466346153846156 0.34615384615384615 0.4014423076923077 0.24519230769230768
0 0.6430288461538461 0.5216346153846154 0.5168269230769231 0.3125
0 0.4254807692307692 0.8425480769230769 0.46634615384615385 0.3125
0 0.8149038461538461 0.7740384615384616 0.36538461538461536 0.2644230769230769
0 0.6574519230769231 0.9567307692307693 0.19471153846153846 0.08173076923076923
0 0.5324519230769231 0.6790865384615384 0.22115384615384615 0.07932692307692307
0 0.9435096153846154 0.640625 0.10817307692307693 0.18509615384615385
0 0.8713942307692307 0.578125 0.14903846153846154 0.12259615384615384
0 0.9302884615384616 0.41346153846153844 0.1346153846153846 0.20673076923076922
0 0.8882211538461539 0.25 0.21875 0.15865384615384615
0 0.7091346153846154 0.3088942307692308 0.2091346153846154 0.09134615384615384
0 0.9302884615384616 0.057692307692307696 0.1346153846153846 0.11057692307692307