0 0.12379807692307693 0.47115384615384615 0.23557692307692307 0.16826923076923078
0 0.11057692307692307 0.5985576923076923 0.20673076923076922 0.125
0 0.1971153846153846 0.6262019230769231 0.3798076923076923 0.14903846153846154
0 0.08653846153846154 0.8076923076923077 0.15865384615384615 0.125
0 0.8665865384615384 0.9399038461538461 0.2283653846153846 0.11538461538461539
0 0.9375 0.9495192307692307 0.125 0.09615384615384616
0 0.7548076923076923 0.9519230769230769 0.14903846153846154 0.09134615384615384
0 0.7139423076923077 0.7788461538461539 0.10336538461538461 0.18990384615384615
0 0.8737980769230769 0.7884615384615384 0.24759615384615385 0.15384615384615385
0 0.8990384615384616 0.6634615384615384 0.1971153846153846 0.10096153846153846
0 0.9050480769230769 0.5721153846153846 0.18509615384615385 0.10576923076923077
0 0.27884615384615385 0.4639423076923077 0.0625 0.03125
0 0.4651442307692308 0.4639423076923077 0.0625 0.019230769230769232
0 0.5721153846153846 0.3942307692307692 0.0673076923076923 0.028846153846153848
0 0.5757211538461539 0.4879807692307692 0.09134615384615384 0.028846153846153848
0 0.7211538461538461 0.5012019230769231 0.04807692307692308 0.026442307692307692
0 0.7211538461538461 0.5300480769230769 0.07692307692307693 0.03125
0 0.671875 0.5528846153846154 0.07692307692307693 0.03125
0 0.6177884615384616 0.5360576923076923 0.0625 0.026442307692307692
0 0.5384615384615384 0.5432692307692307 0.0673076923076923 0.02403846153846154
0 0.40384615384615385 0.546875 0.0625 0.026442307692307692
0 0.36177884615384615 0.5588942307692307 0.0625 0.019230769230769232
0 0.4651442307692308 0.5733173076923077 0.04807692307692308 0.026442307692307692
0 0.5168269230769231 0.5673076923076923 0.0673076923076923 0.026442307692307692
0 0.5865384615384616 0.5637019230769231 0.0673076923076923 0.03365384615384615
0 0.6550480769230769 0.5805288461538461 0.0673076923076923 0.02403846153846154
0 0.7271634615384616 0.5685096153846154 0.04807692307692308 0.02403846153846154
0 0.7139423076923077 0.5961538461538461 0.09134615384615384 0.026442307692307692
0 0.5384615384615384 0.75 0.09615384615384616 0.028846153846153848
0 0.4795673076923077 0.7235576923076923 0.0625 0.02403846153846154
0 0.45913461538461536 0.6995192307692307 0.04807692307692308 0.019230769230769232
0 0.41346153846153844 0.6935096153846154 0.040865384615384616 0.019230769230769232
0 0.4483173076923077 0.6706730769230769 0.055288461538461536 0.03125
0 0.3894230769230769 0.6682692307692307 0.0625 0.026442307692307692
0 0.40384615384615385 0.6418269230769231 0.04807692307692308 0.019230769230769232
0 0.43149038461538464 0.6274038461538461 0.04807692307692308 0.026442307692307692
0 0.4170673076923077 0.59375 0.10336538461538461 0.04326923076923077
0 0.4723557692307692 0.6454326923076923 0.07692307692307693 0.03125
0 0.48677884615384615 0.6262019230769231 0.04807692307692308 0.028846153846153848
0 0.5384615384615384 0.6201923076923077 0.0673076923076923 0.028846153846153848
0 0.53125 0.5925480769230769 0.08173076923076923 0.02403846153846154
0 0.6033653846153846 0.6129807692307693 0.04807692307692308 0.026442307692307692
0 0.6418269230769231 0.6081730769230769 0.040865384615384616 0.019230769230769232
0 0.6442307692307693 0.6262019230769231 0.0625 0.02403846153846154
0 0.7175480769230769 0.625 0.0673076923076923 0.019230769230769232
0 0.7932692307692307 0.6189903846153846 0.0673076923076923 0.019230769230769232
0 0.8413461538461539 0.6105769230769231 0.055288461538461536 0.019230769230769232
0 0.7764423076923077 0.6454326923076923 0.04807692307692308 0.026442307692307692
0 0.8004807692307693 0.6694711538461539 0.055288461538461536 0.02403846153846154
0 0.8305288461538461 0.6971153846153846 0.0625 0.026442307692307692
0 0.7487980769230769 0.6682692307692307 0.0625 0.026442307692307692
0 0.734375 0.6466346153846154 0.03365384615384615 0.016826923076923076
0 0.6826923076923077 0.6454326923076923 0.0673076923076923 0.026442307692307692
0 0.6826923076923077 0.6670673076923077 0.055288461538461536 0.02403846153846154
0 0.5793269230769231 0.6610576923076923 0.08173076923076923 0.028846153846153848
0 0.6105769230769231 0.640625 0.09134615384615384 0.028846153846153848
0 0.5348557692307693 0.6490384615384616 0.0625 0.028846153846153848
0 0.5516826923076923 0.6766826923076923 0.0673076923076923 0.03125
0 0.6382211538461539 0.6790865384615384 0.07692307692307693 0.03125
0 0.6105769230769231 0.7055288461538461 0.07692307692307693 0.026442307692307692
0 0.6694711538461539 0.7175480769230769 0.055288461538461536 0.026442307692307692
0 0.5516826923076923 0.7007211538461539 0.040865384615384616 0.02403846153846154
0 0.5204326923076923 0.7127403846153846 0.04807692307692308 0.016826923076923076
0 0.5168269230769231 0.6862980769230769 0.055288461538461536 0.03365384615384615
0 0.23918269230769232 0.9543269230769231 0.25721153846153844 0.08653846153846154
0 0.21033653846153846 0.8485576923076923 0.21394230769230768 0.21153846153846154
0 0.15144230769230768 0.9110576923076923 0.1658653846153846 0.052884615384615384
0 0.25841346153846156 0.8245192307692307 0.15865384615384615 0.21875
0 0.22716346153846154 0.8665865384615384 0.08173076923076923 0.18269230769230768
0 0.24519230769230768 0.8185096153846154 0.0625 0.18269230769230768
0 0.2932692307692308 0.8677884615384616 0.0625 0.11538461538461539
0 0.328125 0.7692307692307693 0.0625 0.10576923076923077
0 0.3798076923076923 0.9435096153846154 0.11057692307692307 0.10576923076923077
0 0.3245192307692308 0.9122596153846154 0.09615384615384616 0.1466346153846154
0 0.42788461538461536 0.9326923076923077 0.1778846153846154 0.10576923076923077
0 0.5204326923076923 0.9266826923076923 0.16105769230769232 0.14182692307692307
0 0.5276442307692307 0.9254807692307693 0.3004807692307692 0.14423076923076922
0 0.4411057692307692 0.8677884615384616 0.0673076923076923 0.14903846153846154
0 0.5384615384615384 0.8088942307692307 0.09615384615384616 0.0889423076923077
0 0.5480769230769231 0.7872596153846154 0.17307692307692307 0.09615384615384616
0 0.53125 0.8185096153846154 0.13942307692307693 0.0625
0 0.4338942307692308 0.7512019230769231 0.055288461538461536 0.09615384615384616
0 0.3858173076923077 0.7475961538461539 0.040865384615384616 0.08173076923076923