0 0.6274038461538461 0.15625 0.19230769230769232 0.22115384615384615
0 0.41947115384615385 0.11778846153846154 0.2644230769230769 0.1971153846153846
0 0.5024038461538461 0.31490384615384615 0.22355769230769232 0.19471153846153846
0 0.32572115384615385 0.3629807692307692 0.2548076923076923 0.30528846153846156
0 0.3016826923076923 0.19110576923076922 0.10576923076923077 0.0673076923076923
0 0.359375 0.5625 0.3317307692307692 0.15625
0 0.5180288461538461 0.5252403846153846 0.24519230769230768 0.22596153846153846
0 0.6899038461538461 0.4639423076923077 0.15144230769230768 0.16346153846153846
0 0.7944711538461539 0.4050480769230769 0.13942307692307693 0.12980769230769232
0 0.6875 0.3245192307692308 0.14423076923076922 0.12259615384615384
0 0.59375 0.41466346153846156 0.0625 0.057692307692307696
0 0.6959134615384616 0.5288461538461539 0.17307692307692307 0.1346153846153846
0 0.7992788461538461 0.5132211538461539 0.11057692307692307 0.125
0 0.7608173076923077 0.5853365384615384 0.09375 0.06490384615384616
0 0.7451923076923077 0.6358173076923077 0.04326923076923077 0.04326923076923077
0 0.7055288461538461 0.6129807692307693 0.0673076923076923 0.03365384615384615
0 0.6983173076923077 0.6550480769230769 0.07211538461538461 0.057692307692307696
0 0.7295673076923077 0.6875 0.052884615384615384 0.038461538461538464
0 0.765625 0.6730769230769231 0.019230769230769232 0.03365384615384615
0 0.7608173076923077 0.7139423076923077 0.03125 0.038461538461538464
0 0.6694711538461539 0.7115384615384616 0.057692307692307696 0.057692307692307696
0 0.6177884615384616 0.7151442307692307 0.057692307692307696 0.057692307692307696
0 0.5673076923076923 0.6826923076923077 0.04326923076923077 0.04567307692307692
0 0.609375 0.6646634615384616 0.052884615384615384 0.038461538461538464
0 0.6430288461538461 0.6334134615384616 0.04807692307692308 0.0673076923076923
0 0.5552884615384616 0.734375 0.036057692307692304 0.03365384615384615
0 0.2704326923076923 0.6983173076923077 0.1875 0.12259615384615384
0 0.8076923076923077 0.6526442307692307 0.375 0.4182692307692308
0 0.47115384615384615 0.859375 0.24519230769230768 0.1971153846153846
0 0.390625 0.7764423076923077 0.3125 0.27884615384615385
0 0.4014423076923077 0.7956730769230769 0.1778846153846154 0.14903846153846154
0 0.7536057692307693 0.24759615384615385 0.4879807692307692 0.47596153846153844