0 0.5841346153846154 0.27524038461538464 0.09375 0.11538461538461539
0 0.6622596153846154 0.36177884615384615 0.15144230769230768 0.17307692307692307
0 0.7932692307692307 0.3894230769230769 0.17307692307692307 0.1658653846153846
0 0.7620192307692307 0.5024038461538461 0.13942307692307693 0.0985576923076923
0 0.8557692307692307 0.5240384615384616 0.10096153846153846 0.10576923076923077
0 0.7668269230769231 0.5913461538461539 0.1201923076923077 0.08173076923076923
0 0.7512019230769231 0.7127403846153846 0.15144230769230768 0.1466346153846154
0 0.6550480769230769 0.6598557692307693 0.15384615384615385 0.13942307692307693
0 0.6262019230769231 0.7463942307692307 0.11538461538461539 0.07211538461538461
0 0.5084134615384616 0.7223557692307693 0.08413461538461539 0.09375
0 0.5420673076923077 0.625 0.07211538461538461 0.09375
0 0.6310096153846154 0.5084134615384616 0.1346153846153846 0.16346153846153846
0 0.5072115384615384 0.4182692307692308 0.16826923076923078 0.14182692307692307
0 0.49759615384615385 0.2980769230769231 0.11538461538461539 0.125
0 0.3425480769230769 0.453125 0.20432692307692307 0.16826923076923078
0 0.47115384615384615 0.5709134615384616 0.16826923076923078 0.17307692307692307
0 0.42427884615384615 0.6418269230769231 0.11057692307692307 0.11057692307692307
0 0.40625 0.7463942307692307 0.11057692307692307 0.09615384615384616
0 0.3161057692307692 0.5805288461538461 0.1346153846153846 0.1201923076923077