0 0.8942307692307693 0.53125 0.18269230769230768 0.6370192307692307
0 0.7355769230769231 0.6682692307692307 0.17067307692307693 0.2620192307692308
0 0.6478365384615384 0.484375 0.24519230769230768 0.20673076923076922
0 0.7668269230769231 0.3473557692307692 0.0985576923076923 0.21875
0 0.6730769230769231 0.296875 0.1346153846153846 0.19230769230769232
0 0.5961538461538461 0.25 0.0985576923076923 0.2620192307692308
0 0.453125 0.7247596153846154 0.15384615384615385 0.23798076923076922
0 0.5877403846153846 0.7223557692307693 0.11538461538461539 0.2692307692307692
0 0.5420673076923077 0.8293269230769231 0.9158653846153846 0.33653846153846156
0 0.3088942307692308 0.65625 0.45913461538461536 0.6634615384615384
0 0.3137019230769231 0.4567307692307692 0.25240384615384615 0.3004807692307692
0 0.15384615384615385 0.5336538461538461 0.30288461538461536 0.8461538461538461
0 0.3629807692307692 0.19951923076923078 0.125 0.3870192307692308
0 0.48197115384615385 0.2091346153846154 0.20192307692307693 0.3701923076923077