0 0.9206730769230769 0.20793269230769232 0.10096153846153846 0.12980769230769232
0 0.9831730769230769 0.09615384615384616 0.02403846153846154 0.09134615384615384
0 0.7247596153846154 0.24278846153846154 0.12259615384615384 0.18028846153846154
0 0.8173076923076923 0.4206730769230769 0.11057692307692307 0.13221153846153846
0 0.9387019230769231 0.5576923076923077 0.08653846153846154 0.1875
0 0.8966346153846154 0.6670673076923077 0.19951923076923078 0.1875
0 0.9182692307692307 0.6141826923076923 0.052884615384615384 0.07211538461538461
0 0.8810096153846154 0.5600961538461539 0.06490384615384616 0.21394230769230768
0 0.8149038461538461 0.5384615384615384 0.12980769230769232 0.23557692307692307
0 0.8365384615384616 0.7379807692307693 0.1875 0.21875
0 0.9399038461538461 0.7512019230769231 0.11057692307692307 0.07211538461538461
0 0.8858173076923077 0.8305288461538461 0.22115384615384615 0.16346153846153846
0 0.7463942307692307 0.8822115384615384 0.12980769230769232 0.16826923076923078
0 0.7175480769230769 0.7295673076923077 0.09375 0.21153846153846154
0 0.7439903846153846 0.6141826923076923 0.0625 0.14903846153846154
0 0.7043269230769231 0.47836538461538464 0.09615384615384616 0.19230769230769232
0 0.6538461538461539 0.4014423076923077 0.10576923076923077 0.16826923076923078
0 0.5829326923076923 0.43990384615384615 0.10817307692307693 0.21153846153846154
0 0.6069711538461539 0.5709134615384616 0.09615384615384616 0.20192307692307693
0 0.6466346153846154 0.6634615384615384 0.0673076923076923 0.22355769230769232
0 0.6225961538461539 0.765625 0.08653846153846154 0.16346153846153846
0 0.5865384615384616 0.671875 0.17307692307692307 0.14182692307692307
0 0.5276442307692307 0.7235576923076923 0.052884615384615384 0.06009615384615385
0 0.4495192307692308 0.8329326923076923 0.13221153846153846 0.13701923076923078
0 0.5685096153846154 0.7788461538461539 0.12259615384615384 0.11538461538461539
0 0.6213942307692307 0.8581730769230769 0.08173076923076923 0.07692307692307693
0 0.3786057692307692 0.7788461538461539 0.2283653846153846 0.14903846153846154
0 0.30649038461538464 0.7463942307692307 0.12740384615384615 0.08173076923076923
0 0.40024038461538464 0.6995192307692307 0.0625 0.0985576923076923
0 0.47115384615384615 0.6742788461538461 0.15865384615384615 0.13701923076923078
0 0.4423076923076923 0.5709134615384616 0.10817307692307693 0.16826923076923078
0 0.5132211538461539 0.5540865384615384 0.07692307692307693 0.08173076923076923
0 0.47596153846153844 0.4639423076923077 0.18509615384615385 0.11057692307692307
0 0.5889423076923077 0.4206730769230769 0.09615384615384616 0.17307692307692307
0 0.5793269230769231 0.3137019230769231 0.10096153846153846 0.11538461538461539
0 0.5072115384615384 0.3473557692307692 0.09375 0.21153846153846154
0 0.4206730769230769 0.32211538461538464 0.13221153846153846 0.25
0 0.20072115384615385 0.24278846153846154 0.25 0.14903846153846154
0 0.3894230769230769 0.19951923076923078 0.12740384615384615 0.09134615384615384
0 0.2932692307692308 0.10096153846153846 0.4567307692307692 0.17067307692307693
0 0.25 0.3557692307692308 0.40625 0.1971153846153846
0 0.04326923076923077 0.328125 0.07932692307692307 0.14182692307692307
0 0.04927884615384615 0.4014423076923077 0.0985576923076923 0.125
0 0.18269230769230768 0.5 0.3076923076923077 0.15865384615384615
0 0.1045673076923077 0.6225961538461539 0.09375 0.10817307692307693
0 0.0673076923076923 0.5324519230769231 0.1201923076923077 0.125
0 0.18269230769230768 0.5841346153846154 0.12740384615384615 0.20673076923076922
0 0.2536057692307692 0.5576923076923077 0.05048076923076923 0.11057692307692307
0 0.33533653846153844 0.5733173076923077 0.11057692307692307 0.20673076923076922
0 0.2848557692307692 0.671875 0.07692307692307693 0.1201923076923077
0 0.34975961538461536 0.7235576923076923 0.0625 0.11538461538461539
0 0.4963942307692308 0.6911057692307693 0.08653846153846154 0.10336538461538461