0 0.8293269230769231 0.1502403846153846 0.11298076923076923 0.18509615384615385
0 0.7295673076923077 0.20192307692307693 0.20192307692307693 0.17307692307692307
0 0.8016826923076923 0.055288461538461536 0.12980769230769232 0.10336538461538461
0 0.6310096153846154 0.33052884615384615 0.25240384615384615 0.20673076923076922
0 0.8016826923076923 0.49038461538461536 0.15865384615384615 0.18028846153846154
0 0.7704326923076923 0.7620192307692307 0.21153846153846154 0.1778846153846154
0 0.8293269230769231 0.6610576923076923 0.125 0.12259615384615384
0 0.5649038461538461 0.8401442307692307 0.22115384615384615 0.21875
0 0.6526442307692307 0.6574519230769231 0.22115384615384615 0.19230769230769232
0 0.6129807692307693 0.5 0.20673076923076922 0.16826923076923078
0 0.3762019230769231 0.35336538461538464 0.31971153846153844 0.20673076923076922
0 0.4098557692307692 0.2247596153846154 0.12980769230769232 0.21875
0 0.6802884615384616 0.11298076923076923 0.3798076923076923 0.21875
0 0.4795673076923077 0.6442307692307693 0.17548076923076922 0.14182692307692307
0 0.35336538461538464 0.8677884615384616 0.19230769230769232 0.25961538461538464
0 0.21394230769230768 0.8149038461538461 0.12980769230769232 0.10817307692307693
0 0.31490384615384615 0.6382211538461539 0.15384615384615385 0.12259615384615384
0 0.39903846153846156 0.5132211538461539 0.18028846153846154 0.1201923076923077
0 0.20072115384615385 0.49278846153846156 0.14423076923076922 0.12259615384615384
0 0.26322115384615385 0.4423076923076923 0.09134615384615384 0.08413461538461539
0 0.22716346153846154 0.37740384615384615 0.052884615384615384 0.08413461538461539
0 0.17548076923076922 0.33653846153846156 0.09134615384615384 0.10336538461538461
0 0.28125 0.25721153846153844 0.12980769230769232 0.08413461538461539
0 0.14423076923076922 0.25240384615384615 0.07211538461538461 0.08173076923076923
0 0.19831730769230768 0.25240384615384615 0.07692307692307693 0.06490384615384616
0 0.06971153846153846 0.18269230769230768 0.12980769230769232 0.10336538461538461
0 0.0673076923076923 0.036057692307692304 0.125 0.06490384615384616
0 0.09014423076923077 0.6129807692307693 0.10817307692307693 0.0889423076923077
0 0.0829326923076923 0.7884615384615384 0.11298076923076923 0.08413461538461539
0 0.09254807692307693 0.9170673076923077 0.11298076923076923 0.09615384615384616