0 0.7956730769230769 0.6045673076923077 0.39903846153846156 0.38221153846153844
0 0.7776442307692307 0.8978365384615384 0.43509615384615385 0.1971153846153846
0 0.4110576923076923 0.7740384615384616 0.6129807692307693 0.34615384615384615
0 0.35096153846153844 0.9735576923076923 0.46153846153846156 0.04567307692307692
0 0.12139423076923077 0.8822115384615384 0.23798076923076922 0.23076923076923078
0 0.11298076923076923 0.6189903846153846 0.22596153846153846 0.3076923076923077
0 0.23317307692307693 0.44471153846153844 0.17307692307692307 0.2932692307692308
0 0.48197115384615385 0.42788461538461536 0.5336538461538461 0.3798076923076923
0 0.7752403846153846 0.203125 0.43990384615384615 0.39903846153846156
0 0.43990384615384615 0.140625 0.5769230769230769 0.27884615384615385
0 0.125 0.3173076923076923 0.24519230769230768 0.2980769230769231
0 0.11177884615384616 0.08533653846153846 0.21875 0.17067307692307693