0 0.23677884615384615 0.13701923076923078 0.23557692307692307 0.15865384615384615
0 0.15384615384615385 0.06129807692307692 0.11057692307692307 0.11538461538461539
0 0.28846153846153844 0.04807692307692308 0.2548076923076923 0.08653846153846154
0 0.46634615384615385 0.13221153846153846 0.23557692307692307 0.17307692307692307
0 0.49759615384615385 0.025240384615384616 0.17307692307692307 0.04326923076923077
0 0.6009615384615384 0.08774038461538461 0.18269230769230768 0.12259615384615384
0 0.6802884615384616 0.03485576923076923 0.16105769230769232 0.0625
0 0.7608173076923077 0.078125 0.15625 0.1346153846153846
0 0.9086538461538461 0.057692307692307696 0.16105769230769232 0.10576923076923077
0 0.84375 0.22115384615384615 0.1778846153846154 0.12259615384615384
0 0.8882211538461539 0.15985576923076922 0.19230769230769232 0.12259615384615384
0 0.9543269230769231 0.1971153846153846 0.08653846153846154 0.1778846153846154
0 0.9615384615384616 0.25841346153846156 0.07211538461538461 0.07451923076923077
0 0.8954326923076923 0.35697115384615385 0.20673076923076922 0.1875
0 0.65625 0.2764423076923077 0.28125 0.2548076923076923
0 0.6826923076923077 0.19230769230769232 0.125 0.11057692307692307
0 0.4483173076923077 0.35096153846153844 0.2403846153846154 0.18269230769230768
0 0.3485576923076923 0.23076923076923078 0.14423076923076922 0.08173076923076923
0 0.26802884615384615 0.2956730769230769 0.13942307692307693 0.1346153846153846
0 0.15384615384615385 0.25240384615384615 0.11057692307692307 0.24519230769230768
0 0.140625 0.44471153846153844 0.08173076923076923 0.13942307692307693
0 0.14903846153846154 0.640625 0.0889423076923077 0.16826923076923078
0 0.18269230769230768 0.5516826923076923 0.16826923076923078 0.1346153846153846
0 0.23677884615384615 0.84375 0.2644230769230769 0.23076923076923078
0 0.15504807692307693 0.9639423076923077 0.11298076923076923 0.0673076923076923
0 0.3737980769230769 0.9122596153846154 0.28125 0.17067307692307693
0 0.6225961538461539 0.9411057692307693 0.27884615384615385 0.11298076923076923
0 0.7884615384615384 0.8954326923076923 0.12980769230769232 0.15625
0 0.9014423076923077 0.7331730769230769 0.10576923076923077 0.09134615384615384
0 0.9747596153846154 0.7151442307692307 0.04567307692307692 0.11298076923076923
0 0.796875 0.5817307692307693 0.25 0.1346153846153846
0 0.796875 0.4651442307692308 0.14423076923076922 0.12259615384615384
0 0.9302884615384616 0.5336538461538461 0.1346153846153846 0.20673076923076922
0 0.9903846153846154 0.609375 0.014423076923076924 0.11298076923076923
0 0.8629807692307693 0.8882211538461539 0.2692307692307692 0.21875
0 0.6141826923076923 0.7824519230769231 0.25 0.25961538461538464
0 0.8016826923076923 0.6947115384615384 0.2403846153846154 0.12259615384615384
0 0.5384615384615384 0.5913461538461539 0.24519230769230768 0.17548076923076922
0 0.46634615384615385 0.5 0.17307692307692307 0.11538461538461539
0 0.38822115384615385 0.44711538461538464 0.24519230769230768 0.1971153846153846
0 0.6514423076923077 0.4230769230769231 0.1875 0.12980769230769232
0 0.375 0.6237980769230769 0.1875 0.1778846153846154
0 0.3701923076923077 0.7103365384615384 0.36538461538461536 0.22115384615384615
0 0.5456730769230769 0.4987980769230769 0.9086538461538461 0.9975961538461539