0 0.41466346153846156 0.28725961538461536 0.21875 0.3317307692307692
0 0.5432692307692307 0.44591346153846156 0.25 0.34375
0 0.7728365384615384 0.5360576923076923 0.24519230769230768 0.3701923076923077
0 0.7896634615384616 0.2704326923076923 0.23317307692307693 0.2692307692307692
0 0.6105769230769231 0.17427884615384615 0.21153846153846154 0.2956730769230769
0 0.06129807692307692 0.6370192307692307 0.11057692307692307 0.5096153846153846
0 0.15625 0.6394230769230769 0.11057692307692307 0.5576923076923077
0 0.7019230769230769 0.8257211538461539 0.4230769230769231 0.3389423076923077
0 0.5564903846153846 0.84375 0.21153846153846154 0.09134615384615384
0 0.609375 0.9423076923076923 0.7451923076923077 0.10336538461538461
0 0.3161057692307692 0.9038461538461539 0.2620192307692308 0.09134615384615384
0 0.9122596153846154 0.1502403846153846 0.16826923076923078 0.18028846153846154
0 0.8713942307692307 0.03365384615384615 0.05048076923076923 0.0673076923076923
0 0.6454326923076923 0.08173076923076923 0.375 0.16346153846153846
0 0.23076923076923078 0.19471153846153846 0.4567307692307692 0.3894230769230769