0 0.39302884615384615 0.5372596153846154 0.19230769230769232 0.1346153846153846
0 0.6021634615384616 0.6983173076923077 0.10096153846153846 0.14182692307692307
0 0.6550480769230769 0.8040865384615384 0.10096153846153846 0.11538461538461539
0 0.6622596153846154 0.7067307692307693 0.08173076923076923 0.0625
0 0.7668269230769231 0.8016826923076923 0.0673076923076923 0.04807692307692308
0 0.8221153846153846 0.8894230769230769 0.07211538461538461 0.07211538461538461
0 0.49158653846153844 0.8485576923076923 0.08413461538461539 0.0625
0 0.7151442307692307 0.5685096153846154 0.052884615384615384 0.04326923076923077
0 0.6105769230769231 0.5973557692307693 0.10096153846153846 0.0673076923076923
0 0.875 0.6105769230769231 0.23076923076923078 0.08413461538461539
0 0.7512019230769231 0.44471153846153844 0.07211538461538461 0.0625
0 0.9663461538461539 0.6862980769230769 0.057692307692307696 0.1201923076923077
0 0.9086538461538461 0.5108173076923077 0.08413461538461539 0.125
0 0.9314903846153846 0.4266826923076923 0.12980769230769232 0.07211538461538461
0 0.9483173076923077 0.2247596153846154 0.09375 0.1201923076923077
0 0.6826923076923077 0.3161057692307692 0.11057692307692307 0.0889423076923077
0 0.6730769230769231 0.23317307692307693 0.1201923076923077 0.1201923076923077
0 0.6262019230769231 0.19831730769230768 0.0625 0.07692307692307693
0 0.33052884615384615 0.2848557692307692 0.17307692307692307 0.10576923076923077
0 0.44711538461538464 0.22235576923076922 0.09375 0.04326923076923077
0 0.3581730769230769 0.125 0.12740384615384615 0.0625
0 0.3173076923076923 0.15144230769230768 0.07451923076923077 0.07211538461538461
0 0.18028846153846154 0.3137019230769231 0.0673076923076923 0.07692307692307693
0 0.24278846153846154 0.2980769230769231 0.0673076923076923 0.0889423076923077
0 0.30649038461538464 0.46274038461538464 0.21153846153846154 0.08173076923076923
0 0.4026442307692308 0.3449519230769231 0.16346153846153846 0.08413461538461539
0 0.5841346153846154 0.08173076923076923 0.1466346153846154 0.0673076923076923
0 0.25961538461538464 0.5889423076923077 0.07692307692307693 0.057692307692307696
0 0.5084134615384616 0.5048076923076923 0.9735576923076923 0.9110576923076923