0 0.10216346153846154 0.8990384615384616 0.1658653846153846 0.19230769230769232
0 0.016826923076923076 0.9302884615384616 0.026442307692307692 0.12980769230769232
0 0.06610576923076923 0.7680288461538461 0.125 0.18509615384615385
0 0.17427884615384615 0.6646634615384616 0.16346153846153846 0.23557692307692307
0 0.06610576923076923 0.6057692307692307 0.10817307692307693 0.17067307692307693
0 0.009615384615384616 0.6370192307692307 0.01201923076923077 0.11778846153846154
0 0.12980769230769232 0.43509615384615385 0.15144230769230768 0.21153846153846154
0 0.03485576923076923 0.4639423076923077 0.0625 0.15384615384615385
0 0.15625 0.24519230769230768 0.15865384615384615 0.17067307692307693
0 0.04807692307692308 0.30408653846153844 0.0889423076923077 0.21634615384615385
0 0.06971153846153846 0.09735576923076923 0.13942307692307693 0.18990384615384615
0 0.14903846153846154 0.14423076923076922 0.07451923076923077 0.0625
0 0.16105769230769232 0.08173076923076923 0.12980769230769232 0.15865384615384615
0 0.28846153846153844 0.04567307692307692 0.10576923076923077 0.08653846153846154
0 0.296875 0.1778846153846154 0.15384615384615385 0.18028846153846154
0 0.25240384615384615 0.3245192307692308 0.1201923076923077 0.14423076923076922
0 0.30649038461538464 0.4387019230769231 0.17548076923076922 0.17548076923076922
0 0.359375 0.5973557692307693 0.1778846153846154 0.22596153846153846
0 0.24879807692307693 0.9170673076923077 0.17548076923076922 0.15384615384615385
0 0.35096153846153844 0.8064903846153846 0.10096153846153846 0.1201923076923077
0 0.48677884615384615 0.7788461538461539 0.17067307692307693 0.20673076923076922
0 0.5036057692307693 0.9326923076923077 0.11057692307692307 0.125
0 0.3786057692307692 0.9074519230769231 0.17067307692307693 0.17548076923076922
0 0.6009615384615384 0.9326923076923077 0.1201923076923077 0.125
0 0.7319711538461539 0.8870192307692307 0.17307692307692307 0.21634615384615385
0 0.9038461538461539 0.9122596153846154 0.1778846153846154 0.16346153846153846
0 0.8461538461538461 0.7211538461538461 0.18509615384615385 0.23798076923076922
0 0.6947115384615384 0.7680288461538461 0.11538461538461539 0.1346153846153846
0 0.6117788461538461 0.7271634615384616 0.11057692307692307 0.1971153846153846
0 0.5024038461538461 0.6105769230769231 0.11538461538461539 0.13942307692307693
0 0.47115384615384615 0.49759615384615385 0.1466346153846154 0.23076923076923078
0 0.6021634615384616 0.5336538461538461 0.12980769230769232 0.22115384615384615
0 0.7319711538461539 0.49278846153846156 0.15865384615384615 0.23317307692307693
0 0.7644230769230769 0.6418269230769231 0.11538461538461539 0.14903846153846154
0 0.8762019230769231 0.5336538461538461 0.13942307692307693 0.15865384615384615
0 0.9771634615384616 0.5492788461538461 0.040865384615384616 0.14182692307692307
0 0.9699519230769231 0.36658653846153844 0.055288461538461536 0.2283653846153846
0 0.8725961538461539 0.38100961538461536 0.15384615384615385 0.24759615384615385
0 0.6983173076923077 0.3762019230769231 0.10817307692307693 0.11298076923076923
0 0.6117788461538461 0.28846153846153844 0.15865384615384615 0.22596153846153846
0 0.7127403846153846 0.234375 0.12740384615384615 0.18028846153846154
0 0.6310096153846154 0.09495192307692307 0.1346153846153846 0.15865384615384615
0 0.7668269230769231 0.14423076923076922 0.12740384615384615 0.18509615384615385
0 0.8894230769230769 0.16706730769230768 0.1658653846153846 0.20192307692307693
0 0.9807692307692307 0.1622596153846154 0.03365384615384615 0.18990384615384615
0 0.9795673076923077 0.04447115384615385 0.036057692307692304 0.08413461538461539
0 0.9134615384615384 0.019230769230769232 0.12980769230769232 0.03365384615384615
0 0.8100961538461539 0.052884615384615384 0.14903846153846154 0.10096153846153846
0 0.6069711538461539 0.019230769230769232 0.0985576923076923 0.03365384615384615
0 0.49038461538461536 0.04567307692307692 0.16346153846153846 0.08653846153846154
0 0.39903846153846156 0.13942307692307693 0.09615384615384616 0.15384615384615385
0 0.5120192307692307 0.17548076923076922 0.1658653846153846 0.18509615384615385
0 0.3762019230769231 0.29927884615384615 0.1201923076923077 0.16346153846153846
0 0.46875 0.3173076923076923 0.15865384615384615 0.13942307692307693