0 0.765625 0.9711538461538461 0.1971153846153846 0.05048076923076923
0 0.8617788461538461 0.9158653846153846 0.07692307692307693 0.15865384615384615
0 0.8365384615384616 0.8665865384615384 0.1201923076923077 0.1971153846153846
0 0.7860576923076923 0.828125 0.15625 0.18269230769230768
0 0.8485576923076923 0.7103365384615384 0.09375 0.12259615384615384
0 0.8485576923076923 0.6069711538461539 0.10576923076923077 0.09134615384615384
0 0.8509615384615384 0.5444711538461539 0.0985576923076923 0.057692307692307696
0 0.7367788461538461 0.4639423076923077 0.3173076923076923 0.24759615384615385
0 0.75 0.2956730769230769 0.2932692307692308 0.20192307692307693
0 0.8677884615384616 0.19831730769230768 0.057692307692307696 0.1971153846153846
0 0.6899038461538461 0.14302884615384615 0.3485576923076923 0.13942307692307693
0 0.7019230769230769 0.052884615384615384 0.40384615384615385 0.10096153846153846
0 0.5649038461538461 0.17307692307692307 0.23557692307692307 0.13942307692307693
0 0.5913461538461539 0.35697115384615385 0.2548076923076923 0.21634615384615385
0 0.6923076923076923 0.7103365384615384 0.23076923076923078 0.28365384615384615
0 0.5204326923076923 0.8449519230769231 0.375 0.30288461538461536
0 0.2920673076923077 0.8870192307692307 0.28125 0.21875
0 0.23677884615384615 0.9423076923076923 0.15144230769230768 0.10576923076923077
0 0.08413461538461539 0.9471153846153846 0.16826923076923078 0.10096153846153846
0 0.037259615384615384 0.8112980769230769 0.07451923076923077 0.2956730769230769
0 0.17427884615384615 0.7668269230769231 0.17307692307692307 0.17548076923076922
0 0.1201923076923077 0.8401442307692307 0.08173076923076923 0.12980769230769232
0 0.21875 0.6322115384615384 0.2692307692307692 0.2403846153846154
0 0.3701923076923077 0.6658653846153846 0.2692307692307692 0.2644230769230769
0 0.5673076923076923 0.6165865384615384 0.125 0.13942307692307693
0 0.49278846153846156 0.4675480769230769 0.3269230769230769 0.13942307692307693
0 0.47596153846153844 0.35697115384615385 0.21394230769230768 0.13942307692307693
0 0.45072115384615385 0.21995192307692307 0.19230769230769232 0.1346153846153846
0 0.25240384615384615 0.2920673076923077 0.3701923076923077 0.14903846153846154
0 0.18269230769230768 0.4879807692307692 0.36538461538461536 0.2668269230769231
0 0.052884615384615384 0.6586538461538461 0.10576923076923077 0.09615384615384616
0 0.03365384615384615 0.5396634615384616 0.0673076923076923 0.11057692307692307
0 0.125 0.4230769230769231 0.2403846153846154 0.15865384615384615
0 0.10216346153846154 0.3605769230769231 0.20432692307692307 0.18269230769230768
0 0.052884615384615384 0.23798076923076922 0.10576923076923077 0.1778846153846154
0 0.2247596153846154 0.15865384615384615 0.4495192307692308 0.12980769230769232
0 0.40625 0.11057692307692307 0.11538461538461539 0.10576923076923077
0 0.5384615384615384 0.052884615384615384 0.22596153846153846 0.10096153846153846
0 0.38822115384615385 0.015625 0.12980769230769232 0.028846153846153848
0 0.2704326923076923 0.04447115384615385 0.09375 0.08653846153846154
0 0.12620192307692307 0.0625 0.25240384615384615 0.1201923076923077
0 0.046875 0.1045673076923077 0.09375 0.04326923076923077
0 0.15264423076923078 0.019230769230769232 0.24278846153846154 0.03365384615384615
0 0.453125 0.5 0.90625 0.9951923076923077