0 0.21514423076923078 0.7560096153846154 0.25961538461538464 0.1875
0 0.21995192307692307 0.5829326923076923 0.25 0.18990384615384615
0 0.2848557692307692 0.38461538461538464 0.23076923076923078 0.18990384615384615
0 0.22956730769230768 0.20072115384615385 0.27163461538461536 0.19471153846153846
0 0.5625 0.75 0.24519230769230768 0.18269230769230768
0 0.47716346153846156 0.5733173076923077 0.2548076923076923 0.21153846153846154
0 0.47716346153846156 0.390625 0.18509615384615385 0.17067307692307693
0 0.5 0.2956730769230769 0.18990384615384615 0.07692307692307693
0 0.49038461538461536 0.19230769230769232 0.25961538461538464 0.19471153846153846
0 0.7800480769230769 0.7043269230769231 0.25 0.18028846153846154
0 0.7319711538461539 0.5396634615384616 0.24519230769230768 0.17548076923076922
0 0.7548076923076923 0.38100961538461536 0.22115384615384615 0.15865384615384615
0 0.8305288461538461 0.21394230769230768 0.23076923076923078 0.18990384615384615