0 0.31850961538461536 0.6057692307692307 0.2860576923076923 0.43509615384615385
0 0.33413461538461536 0.7560096153846154 0.14903846153846154 0.1658653846153846
0 0.5 0.6274038461538461 0.12259615384615384 0.1658653846153846
0 0.6045673076923077 0.6189903846153846 0.2860576923076923 0.43028846153846156
0 0.7980769230769231 0.7932692307692307 0.07692307692307693 0.11538461538461539
0 0.8774038461538461 0.7463942307692307 0.12980769230769232 0.14423076923076922
0 0.8966346153846154 0.8076923076923077 0.08413461538461539 0.10336538461538461
0 0.7860576923076923 0.609375 0.22115384615384615 0.2860576923076923
0 0.1502403846153846 0.7692307692307693 0.11057692307692307 0.11057692307692307
0 0.1778846153846154 0.8317307692307693 0.057692307692307696 0.0673076923076923
0 0.11298076923076923 0.8185096153846154 0.057692307692307696 0.08173076923076923
0 0.052884615384615384 0.8425480769230769 0.0625 0.07692307692307693
0 0.04447115384615385 0.7956730769230769 0.08173076923076923 0.1201923076923077
0 0.07211538461538461 0.7175480769230769 0.08413461538461539 0.12980769230769232
0 0.04807692307692308 0.5540865384615384 0.0889423076923077 0.20673076923076922
0 0.016826923076923076 0.6947115384615384 0.026442307692307692 0.10336538461538461
0 0.9567307692307693 0.6983173076923077 0.08173076923076923 0.15144230769230768
0 0.9483173076923077 0.5973557692307693 0.0985576923076923 0.15144230769230768
0 0.9302884615384616 0.4807692307692308 0.1346153846153846 0.17307692307692307
0 0.8774038461538461 0.3629807692307692 0.21394230769230768 0.25
0 0.3762019230769231 0.2403846153846154 0.17307692307692307 0.20192307692307693
0 0.27524038461538464 0.1502403846153846 0.30528846153846156 0.29086538461538464
0 0.16947115384615385 0.18629807692307693 0.14182692307692307 0.2283653846153846
0 0.06850961538461539 0.2439903846153846 0.12980769230769232 0.43509615384615385
0 0.5961538461538461 0.17307692307692307 0.33653846153846156 0.34134615384615385
0 0.4230769230769231 0.052884615384615384 0.15384615384615385 0.10096153846153846
0 0.1875 0.03245192307692308 0.125 0.06009615384615385
0 0.0625 0.037259615384615384 0.1201923076923077 0.06971153846153846
0 0.025240384615384616 0.11899038461538461 0.04326923076923077 0.07211538461538461
0 0.29447115384615385 0.007211538461538462 0.0985576923076923 0.009615384615384616
0 0.7944711538461539 0.13221153846153846 0.052884615384615384 0.07932692307692307
0 0.7524038461538461 0.0985576923076923 0.02403846153846154 0.0625
0 0.7560096153846154 0.04927884615384615 0.04567307692307692 0.07692307692307693
0 0.8052884615384616 0.054086538461538464 0.04567307692307692 0.07692307692307693
0 0.8305288461538461 0.025240384615384616 0.07451923076923077 0.04567307692307692
0 0.8701923076923077 0.0673076923076923 0.052884615384615384 0.07211538461538461
0 0.8317307692307693 0.109375 0.038461538461538464 0.0625
0 0.8569711538461539 0.1346153846153846 0.04807692307692308 0.052884615384615384
0 0.8028846153846154 0.1971153846153846 0.06490384615384616 0.09375
0 0.8665865384615384 0.19471153846153846 0.052884615384615384 0.0673076923076923
0 0.9182692307692307 0.19951923076923078 0.057692307692307696 0.07692307692307693
0 0.9182692307692307 0.12139423076923077 0.06490384615384616 0.08653846153846154
0 0.9026442307692307 0.0673076923076923 0.026442307692307692 0.040865384615384616
0 0.9579326923076923 0.16346153846153846 0.038461538461538464 0.07692307692307693
0 0.9603365384615384 0.2403846153846154 0.04326923076923077 0.0673076923076923
0 0.9326923076923077 0.13701923076923078 0.12980769230769232 0.2692307692307692
0 0.15264423076923078 0.5985576923076923 0.12259615384615384 0.27403846153846156
2 0.1875 0.5072115384615384 0.28365384615384615 0.43509615384615385