0 0.37259615384615385 0.84375 0.19230769230769232 0.22115384615384615
0 0.5805288461538461 0.8822115384615384 0.2644230769230769 0.1971153846153846
0 0.49759615384615385 0.6850961538461539 0.22355769230769232 0.19471153846153846
0 0.6742788461538461 0.6370192307692307 0.2548076923076923 0.30528846153846156
0 0.6983173076923077 0.8088942307692307 0.10576923076923077 0.0673076923076923
0 0.640625 0.4375 0.3317307692307692 0.15625
0 0.48197115384615385 0.47475961538461536 0.24519230769230768 0.22596153846153846
0 0.31009615384615385 0.5360576923076923 0.15144230769230768 0.16346153846153846
0 0.20552884615384615 0.5949519230769231 0.13942307692307693 0.12980769230769232
0 0.3125 0.6754807692307693 0.14423076923076922 0.12259615384615384
0 0.40625 0.5853365384615384 0.0625 0.057692307692307696
0 0.30408653846153844 0.47115384615384615 0.17307692307692307 0.1346153846153846
0 0.20072115384615385 0.48677884615384615 0.11057692307692307 0.125
0 0.23918269230769232 0.41466346153846156 0.09375 0.06490384615384616
0 0.2548076923076923 0.3641826923076923 0.04326923076923077 0.04326923076923077
0 0.29447115384615385 0.3870192307692308 0.0673076923076923 0.03365384615384615
0 0.3016826923076923 0.3449519230769231 0.07211538461538461 0.057692307692307696
0 0.2704326923076923 0.3125 0.052884615384615384 0.038461538461538464
0 0.234375 0.3269230769230769 0.019230769230769232 0.03365384615384615
0 0.23918269230769232 0.2860576923076923 0.03125 0.038461538461538464
0 0.33052884615384615 0.28846153846153844 0.057692307692307696 0.057692307692307696
0 0.38221153846153844 0.2848557692307692 0.057692307692307696 0.057692307692307696
0 0.4326923076923077 0.3173076923076923 0.04326923076923077 0.04567307692307692
0 0.390625 0.33533653846153844 0.052884615384615384 0.038461538461538464
0 0.35697115384615385 0.36658653846153844 0.04807692307692308 0.0673076923076923
0 0.44471153846153844 0.265625 0.036057692307692304 0.03365384615384615
0 0.7295673076923077 0.3016826923076923 0.1875 0.12259615384615384
0 0.19230769230769232 0.3473557692307692 0.375 0.4182692307692308
0 0.5288461538461539 0.140625 0.24519230769230768 0.1971153846153846
0 0.609375 0.22355769230769232 0.3125 0.27884615384615385
0 0.5985576923076923 0.20432692307692307 0.1778846153846154 0.14903846153846154
0 0.24519230769230768 0.7524038461538461 0.49038461538461536 0.4735576923076923