0 0.1814903846153846 0.2668269230769231 0.32211538461538464 0.46634615384615385
0 0.4879807692307692 0.28846153846153844 0.3245192307692308 0.4423076923076923
0 0.8149038461538461 0.38221153846153844 0.3125 0.3798076923076923
0 0.8028846153846154 0.6658653846153846 0.3870192307692308 0.2644230769230769
0 0.45072115384615385 0.6442307692307693 0.34134615384615385 0.3269230769230769
0 0.14423076923076922 0.65625 0.28125 0.3701923076923077
0 0.9302884615384616 0.9543269230769231 0.1346153846153846 0.08653846153846154
0 0.703125 0.890625 0.29086538461538464 0.21394230769230768
0 0.37740384615384615 0.9002403846153846 0.3269230769230769 0.19471153846153846
0 0.11899038461538461 0.9459134615384616 0.2283653846153846 0.10336538461538461
0 0.9603365384615384 0.4182692307692308 0.07692307692307693 0.33653846153846156
0 0.8557692307692307 0.0985576923076923 0.27884615384615385 0.1875
0 0.5841346153846154 0.06009615384615385 0.27163461538461536 0.11057692307692307
0 0.27524038461538464 0.038461538461538464 0.18269230769230768 0.0673076923076923
0 0.010817307692307692 0.08173076923076923 0.01201923076923077 0.15384615384615385