0 0.0889423076923077 0.7163461538461539 0.17067307692307693 0.34615384615384615
0 0.0985576923076923 0.9110576923076923 0.18990384615384615 0.16826923076923078
0 0.25600961538461536 0.8365384615384616 0.16346153846153846 0.31490384615384615
0 0.25600961538461536 0.5552884615384616 0.2091346153846154 0.3701923076923077
0 0.1466346153846154 0.34615384615384615 0.2403846153846154 0.4567307692307692
0 0.0985576923076923 0.17307692307692307 0.18990384615384615 0.3317307692307692
0 0.35336538461538464 0.27524038461538464 0.37259615384615385 0.5480769230769231
0 0.4891826923076923 0.7067307692307693 0.3076923076923077 0.5625
0 0.5709134615384616 0.7752403846153846 0.40865384615384615 0.4375
0 0.33774038461538464 0.96875 0.1346153846153846 0.04807692307692308
0 0.7223557692307693 0.7283653846153846 0.2403846153846154 0.4182692307692308
0 0.8858173076923077 0.8641826923076923 0.22355769230769232 0.2620192307692308
0 0.4795673076923077 0.04326923076923077 0.09615384615384616 0.08653846153846154
0 0.9266826923076923 0.07211538461538461 0.14182692307692307 0.14423076923076922
0 0.8173076923076923 0.0985576923076923 0.07692307692307693 0.11057692307692307
0 0.7752403846153846 0.03125 0.07211538461538461 0.0625
0 0.703125 0.06129807692307692 0.052884615384615384 0.08653846153846154
0 0.5528846153846154 0.052884615384615384 0.08413461538461539 0.10576923076923077
0 0.6274038461538461 0.03365384615384615 0.06490384615384616 0.0673076923076923
0 0.6225961538461539 0.18870192307692307 0.07451923076923077 0.11778846153846154
0 0.5588942307692307 0.15384615384615385 0.06490384615384616 0.11057692307692307
0 0.5661057692307693 0.265625 0.07692307692307693 0.1346153846153846
0 0.6334134615384616 0.3485576923076923 0.07211538461538461 0.14182692307692307
0 0.7055288461538461 0.2932692307692308 0.08173076923076923 0.12980769230769232
0 0.6935096153846154 0.17548076923076922 0.0673076923076923 0.11778846153846154
0 0.7415865384615384 0.16706730769230768 0.04807692307692308 0.0985576923076923
0 0.7764423076923077 0.22235576923076922 0.0673076923076923 0.0985576923076923
0 0.8052884615384616 0.30288461538461536 0.0673076923076923 0.11057692307692307
0 0.8317307692307693 0.234375 0.04326923076923077 0.0625
0 0.8581730769230769 0.15384615384615385 0.052884615384615384 0.0985576923076923
0 0.6298076923076923 0.5 0.04326923076923077 0.07451923076923077
0 0.5793269230769231 0.4254807692307692 0.057692307692307696 0.0985576923076923
0 0.8137019230769231 0.453125 0.09615384615384616 0.14182692307692307
0 0.9182692307692307 0.3894230769230769 0.10096153846153846 0.14903846153846154
0 0.8762019230769231 0.32091346153846156 0.08173076923076923 0.125
0 0.9194711538461539 0.203125 0.07692307692307693 0.11057692307692307
0 0.9891826923076923 0.09615384615384616 0.016826923076923076 0.09615384615384616
0 0.9795673076923077 0.1971153846153846 0.036057692307692304 0.10096153846153846
0 0.9723557692307693 0.27884615384615385 0.05048076923076923 0.15384615384615385
0 0.9615384615384616 0.46634615384615385 0.07211538461538461 0.18269230769230768
0 0.890625 0.5060096153846154 0.08413461538461539 0.16105769230769232
0 0.9819711538461539 0.5600961538461539 0.03125 0.1346153846153846