0 0.8810096153846154 0.8521634615384616 0.23317307692307693 0.29086538461538464
0 0.6935096153846154 0.8653846153846154 0.20432692307692307 0.25721153846153844
0 0.49399038461538464 0.5048076923076923 0.4182692307692308 0.5769230769230769
0 0.5709134615384616 0.11899038461538461 0.21634615384615385 0.22596153846153846
0 0.5480769230769231 0.953125 0.125 0.09134615384615384
0 0.5733173076923077 0.8605769230769231 0.1346153846153846 0.14423076923076922
0 0.33533653846153844 0.71875 0.10096153846153846 0.13942307692307693
0 0.4098557692307692 0.8173076923076923 0.10096153846153846 0.13942307692307693
0 0.49278846153846156 0.8064903846153846 0.0673076923076923 0.07692307692307693
0 0.47836538461538464 0.9387019230769231 0.09134615384615384 0.11298076923076923
0 0.4411057692307692 0.9831730769230769 0.07932692307692307 0.028846153846153848
0 0.41466346153846156 0.9206730769230769 0.08173076923076923 0.08653846153846154
0 0.34375 0.8713942307692307 0.09375 0.1346153846153846
0 0.3473557692307692 0.9675480769230769 0.10817307692307693 0.06009615384615385
0 0.2644230769230769 0.953125 0.0889423076923077 0.09134615384615384
0 0.25841346153846156 0.8293269230769231 0.10096153846153846 0.15384615384615385
0 0.2283653846153846 0.6887019230769231 0.10096153846153846 0.12980769230769232
0 0.18870192307692307 0.8509615384615384 0.09375 0.16346153846153846
0 0.1310096153846154 0.7451923076923077 0.10817307692307693 0.057692307692307696
0 0.1622596153846154 0.6622596153846154 0.09375 0.11778846153846154
0 0.09615384615384616 0.6286057692307693 0.10817307692307693 0.14423076923076922
0 0.04447115384615385 0.4807692307692308 0.08413461538461539 0.14423076923076922
0 0.1310096153846154 0.5108173076923077 0.08653846153846154 0.1346153846153846
0 0.22956730769230768 0.5204326923076923 0.10576923076923077 0.15625
0 0.2932692307692308 0.6262019230769231 0.07692307692307693 0.09615384615384616
0 0.19831730769230768 0.3894230769230769 0.10576923076923077 0.0889423076923077
0 0.1045673076923077 0.3713942307692308 0.09375 0.125
0 0.06370192307692307 0.3173076923076923 0.0673076923076923 0.07692307692307693
0 0.1466346153846154 0.27884615384615385 0.07692307692307693 0.11298076923076923
0 0.28365384615384615 0.29927884615384615 0.09615384615384616 0.15384615384615385
0 0.38822115384615385 0.22956730769230768 0.1201923076923077 0.1201923076923077
0 0.46875 0.13942307692307693 0.07211538461538461 0.11298076923076923
0 0.3701923076923077 0.12860576923076922 0.11538461538461539 0.15384615384615385
0 0.2956730769230769 0.18509615384615385 0.05048076923076923 0.08173076923076923
0 0.19831730769230768 0.203125 0.1201923076923077 0.10817307692307693
0 0.11538461538461539 0.17307692307692307 0.0625 0.13942307692307693
0 0.054086538461538464 0.056490384615384616 0.10096153846153846 0.10336538461538461
0 0.17548076923076922 0.03125 0.1346153846153846 0.052884615384615384
0 0.20072115384615385 0.08533653846153846 0.13221153846153846 0.10817307692307693
0 0.296875 0.03125 0.09134615384615384 0.052884615384615384
0 0.3918269230769231 0.036057692307692304 0.08173076923076923 0.0625