0 0.12259615384615384 0.8100961538461539 0.23798076923076922 0.15384615384615385
0 0.3545673076923077 0.7704326923076923 0.23557692307692307 0.23317307692307693
0 0.5420673076923077 0.78125 0.23798076923076922 0.21153846153846154
0 0.7584134615384616 0.8185096153846154 0.21634615384615385 0.125
0 0.8425480769230769 0.6490384615384616 0.31009615384615385 0.47115384615384615
0 0.6694711538461539 0.5540865384615384 0.22115384615384615 0.3701923076923077
0 0.5564903846153846 0.34615384615384615 0.24519230769230768 0.36538461538461536
0 0.38822115384615385 0.49759615384615385 0.25240384615384615 0.32211538461538464
0 0.2704326923076923 0.6081730769230769 0.09615384615384616 0.17067307692307693
0 0.14302884615384615 0.5877403846153846 0.15384615384615385 0.32211538461538464
0 0.05048076923076923 0.6189903846153846 0.09615384615384616 0.39663461538461536
0 0.21514423076923078 0.41466346153846156 0.22115384615384615 0.35336538461538464
0 0.5384615384615384 0.5649038461538461 0.0625 0.09615384615384616
0 0.06490384615384616 0.3581730769230769 0.12259615384615384 0.17067307692307693
0 0.0733173076923077 0.27524038461538464 0.0985576923076923 0.08653846153846154
0 0.22355769230769232 0.23557692307692307 0.22355769230769232 0.23317307692307693
0 0.49158653846153844 0.1935096153846154 0.15865384615384615 0.22596153846153846
0 0.38100961538461536 0.2704326923076923 0.06971153846153846 0.10817307692307693
0 0.3425480769230769 0.22115384615384615 0.08413461538461539 0.1346153846153846
0 0.2800480769230769 0.1310096153846154 0.11057692307692307 0.0673076923076923
0 0.36538461538461536 0.18990384615384615 0.0673076923076923 0.0625
0 0.39663461538461536 0.15384615384615385 0.03125 0.1346153846153846
0 0.6838942307692307 0.1141826923076923 0.19230769230769232 0.2283653846153846
0 0.6189903846153846 0.2247596153846154 0.16105769230769232 0.2548076923076923
0 0.78125 0.2668269230769231 0.17307692307692307 0.3076923076923077
0 0.8834134615384616 0.30408653846153844 0.2283653846153846 0.31490384615384615
0 0.9302884615384616 0.08533653846153846 0.1346153846153846 0.1658653846153846
0 0.8317307692307693 0.07932692307692307 0.11057692307692307 0.125