0 0.3798076923076923 0.8786057692307693 0.10576923076923077 0.0673076923076923
0 0.45552884615384615 0.9290865384615384 0.21394230769230768 0.1346153846153846
0 0.28125 0.9579326923076923 0.125 0.07692307692307693
0 0.2608173076923077 0.5685096153846154 0.1875 0.17067307692307693
0 0.578125 0.5841346153846154 0.42788461538461536 0.10096153846153846
0 0.5733173076923077 0.625 0.375 0.16346153846153846
0 0.40865384615384615 0.7572115384615384 0.0985576923076923 0.20673076923076922
0 0.515625 0.7932692307692307 0.10576923076923077 0.14903846153846154
0 0.5757211538461539 0.8461538461538461 0.13942307692307693 0.1346153846153846
0 0.6225961538461539 0.9278846153846154 0.0985576923076923 0.13701923076923078
0 0.6045673076923077 0.9603365384615384 0.08173076923076923 0.07211538461538461
0 0.7007211538461539 0.8341346153846154 0.0889423076923077 0.15625
0 0.7235576923076923 0.921875 0.04326923076923077 0.057692307692307696
0 0.859375 0.8653846153846154 0.23076923076923078 0.21634615384615385
0 0.8954326923076923 0.7932692307692307 0.20673076923076922 0.15625
0 0.8413461538461539 0.71875 0.11057692307692307 0.0985576923076923
0 0.7524038461538461 0.7355769230769231 0.0889423076923077 0.07211538461538461
0 0.6225961538461539 0.7475961538461539 0.18269230769230768 0.08653846153846154
0 0.8653846153846154 0.9519230769230769 0.2644230769230769 0.09615384615384616
0 0.5697115384615384 0.484375 0.4519230769230769 0.11057692307692307
0 0.59375 0.4338942307692308 0.44711538461538464 0.16826923076923078
0 0.8052884615384616 0.5396634615384616 0.20192307692307693 0.18269230769230768
0 0.8521634615384616 0.6237980769230769 0.1201923076923077 0.0673076923076923
0 0.921875 0.5252403846153846 0.11538461538461539 0.10576923076923077
0 0.9399038461538461 0.6334134615384616 0.0673076923076923 0.08653846153846154
0 0.45072115384615385 0.25240384615384615 0.0889423076923077 0.16346153846153846
0 0.4266826923076923 0.19591346153846154 0.1971153846153846 0.06490384615384616
0 0.45552884615384615 0.09134615384615384 0.2644230769230769 0.10576923076923077
0 0.3233173076923077 0.06850961538461539 0.125 0.09134615384615384
0 0.234375 0.055288461538461536 0.16826923076923078 0.11057692307692307
0 0.28125 0.18269230769230768 0.15625 0.0985576923076923
0 0.27403846153846156 0.29086538461538464 0.0889423076923077 0.20192307692307693
0 0.23677884615384615 0.3701923076923077 0.0673076923076923 0.09615384615384616
0 0.8569711538461539 0.35697115384615385 0.24519230769230768 0.16826923076923078
0 0.9146634615384616 0.2956730769230769 0.1658653846153846 0.13942307692307693
0 0.9266826923076923 0.2283653846153846 0.11538461538461539 0.0625
0 0.7572115384615384 0.31971153846153844 0.2548076923076923 0.25
0 0.6766826923076923 0.17668269230769232 0.15625 0.09615384615384616
0 0.8016826923076923 0.19951923076923078 0.07211538461538461 0.09615384615384616
0 0.8774038461538461 0.15745192307692307 0.0985576923076923 0.07211538461538461
0 0.8882211538461539 0.11177884615384616 0.057692307692307696 0.057692307692307696
0 0.7884615384615384 0.10817307692307693 0.13942307692307693 0.11057692307692307
0 0.6670673076923077 0.06490384615384616 0.1971153846153846 0.12980769230769232
0 0.9723557692307693 0.027644230769230768 0.05048076923076923 0.055288461538461536
0 0.8569711538461539 0.04927884615384615 0.18269230769230768 0.0985576923076923
0 0.22956730769230768 0.8245192307692307 0.25961538461538464 0.34134615384615385
0 0.15144230769230768 0.578125 0.09375 0.34134615384615385
0 0.23197115384615385 0.4026442307692308 0.2644230769230769 0.15384615384615385
0 0.21634615384615385 0.27163461538461536 0.23557692307692307 0.3918269230769231
0 0.5504807692307693 0.5 0.8942307692307693 1