0 0.8509615384615384 0.8834134615384616 0.25 0.22596153846153846
0 0.9591346153846154 0.859375 0.07211538461538461 0.21394230769230768
0 0.65625 0.8725961538461539 0.27884615384615385 0.24759615384615385
0 0.3858173076923077 0.8449519230769231 0.2980769230769231 0.25961538461538464
0 0.25841346153846156 0.8161057692307693 0.1466346153846154 0.17548076923076922
0 0.1658653846153846 0.6322115384615384 0.2932692307692308 0.2932692307692308
0 0.4411057692307692 0.6021634615384616 0.30288461538461536 0.3173076923076923
0 0.6923076923076923 0.6322115384615384 0.24519230769230768 0.30288461538461536
0 0.8762019230769231 0.5877403846153846 0.23557692307692307 0.28846153846153844
0 0.9411057692307693 0.35336538461538464 0.11057692307692307 0.27884615384615385
0 0.7512019230769231 0.39903846153846156 0.27884615384615385 0.24519230769230768
0 0.7824519230769231 0.15625 0.3245192307692308 0.3076923076923077
0 0.9507211538461539 0.06370192307692307 0.09375 0.12259615384615384
0 0.9591346153846154 0.18389423076923078 0.07211538461538461 0.11538461538461539
0 0.6983173076923077 0.03125 0.1466346153846154 0.057692307692307696
0 0.4951923076923077 0.08774038461538461 0.2980769230769231 0.17067307692307693
0 0.4639423076923077 0.3161057692307692 0.32211538461538464 0.24519230769230768
0 0.2776442307692308 0.4182692307692308 0.15625 0.15865384615384615
0 0.10216346153846154 0.3954326923076923 0.20432692307692307 0.2644230769230769
0 0.26802884615384615 0.18389423076923078 0.3076923076923077 0.31009615384615385
0 0.109375 0.22235576923076922 0.09615384615384616 0.18269230769230768
0 0.17908653846153846 0.04927884615384615 0.3293269230769231 0.09375