0 0.04927884615384615 0.13822115384615385 0.09375 0.17548076923076922
0 0.12860576923076922 0.04326923076923077 0.12740384615384615 0.07692307692307693
0 0.22235576923076922 0.08774038461538461 0.11057692307692307 0.15384615384615385
0 0.30528846153846156 0.07692307692307693 0.07211538461538461 0.12980769230769232
0 0.39302884615384615 0.09014423076923077 0.10096153846153846 0.16826923076923078
0 0.47596153846153844 0.051682692307692304 0.08653846153846154 0.09134615384615384
0 0.5180288461538461 0.12860576923076922 0.11298076923076923 0.16826923076923078
0 0.5685096153846154 0.03245192307692308 0.1201923076923077 0.052884615384615384
0 0.6706730769230769 0.04927884615384615 0.09134615384615384 0.08653846153846154
0 0.7800480769230769 0.08774038461538461 0.11298076923076923 0.16346153846153846
0 0.8894230769230769 0.09254807692307693 0.10576923076923077 0.17307692307692307
0 0.6454326923076923 0.22355769230769232 0.1201923076923077 0.16346153846153846
0 0.6129807692307693 0.1141826923076923 0.10576923076923077 0.12980769230769232
0 0.7331730769230769 0.15625 0.0985576923076923 0.13701923076923078
0 0.8269230769230769 0.22115384615384615 0.1201923076923077 0.14903846153846154
0 0.9423076923076923 0.2403846153846154 0.11057692307692307 0.21875
0 0.7259615384615384 0.2980769230769231 0.10576923076923077 0.11538461538461539
0 0.9230769230769231 0.39903846153846156 0.08653846153846154 0.15384615384615385
0 0.9831730769230769 0.4014423076923077 0.02403846153846154 0.16826923076923078
0 0.44591346153846156 0.21634615384615385 0.0985576923076923 0.13701923076923078
0 0.5576923076923077 0.2704326923076923 0.10576923076923077 0.14903846153846154
0 0.6394230769230769 0.3605769230769231 0.08173076923076923 0.15384615384615385
0 0.7235576923076923 0.37740384615384615 0.08653846153846154 0.12980769230769232
0 0.8257211538461539 0.39302884615384615 0.11057692307692307 0.1971153846153846
0 0.8677884615384616 0.49158653846153844 0.10576923076923077 0.15384615384615385
0 0.9435096153846154 0.5324519230769231 0.08413461538461539 0.14903846153846154
0 0.9747596153846154 0.5961538461538461 0.04326923076923077 0.17548076923076922
0 0.7331730769230769 0.6201923076923077 0.1201923076923077 0.17067307692307693
0 0.8125 0.5733173076923077 0.11298076923076923 0.17548076923076922
0 0.8834134615384616 0.6418269230769231 0.11538461538461539 0.13701923076923078
0 0.9603365384615384 0.7728365384615384 0.07211538461538461 0.15865384615384615
0 0.8545673076923077 0.7872596153846154 0.08173076923076923 0.16346153846153846
0 0.9194711538461539 0.8221153846153846 0.08653846153846154 0.15865384615384615
0 0.9110576923076923 0.9411057692307693 0.10096153846153846 0.11298076923076923
0 0.9771634615384616 0.9603365384615384 0.040865384615384616 0.07451923076923077
0 0.8088942307692307 0.9350961538461539 0.14182692307692307 0.125
0 0.7668269230769231 0.828125 0.11057692307692307 0.19230769230769232
0 0.7019230769230769 0.7764423076923077 0.09615384615384616 0.14182692307692307
0 0.7235576923076923 0.9387019230769231 0.052884615384615384 0.11778846153846154
0 0.6658653846153846 0.9230769230769231 0.07211538461538461 0.12980769230769232
0 0.6045673076923077 0.9435096153846154 0.10817307692307693 0.10817307692307693
0 0.5673076923076923 0.9206730769230769 0.06490384615384616 0.07211538461538461
0 0.5961538461538461 0.8137019230769231 0.09615384615384616 0.0985576923076923
0 0.6346153846153846 0.6911057692307693 0.11298076923076923 0.11538461538461539
0 0.6959134615384616 0.5216346153846154 0.0985576923076923 0.125
0 0.5913461538461539 0.5685096153846154 0.11298076923076923 0.14182692307692307
0 0.5745192307692307 0.46153846153846156 0.11057692307692307 0.11538461538461539
0 0.5096153846153846 0.36899038461538464 0.10096153846153846 0.125
0 0.4014423076923077 0.34375 0.09134615384615384 0.15384615384615385
0 0.46033653846153844 0.48677884615384615 0.0985576923076923 0.14182692307692307
0 0.5144230769230769 0.6394230769230769 0.09134615384615384 0.17307692307692307
0 0.5420673076923077 0.7403846153846154 0.04326923076923077 0.14903846153846154
0 0.5180288461538461 0.8173076923076923 0.06971153846153846 0.125
0 0.46875 0.890625 0.09615384615384616 0.16346153846153846
0 0.40384615384615385 0.7536057692307693 0.0889423076923077 0.16346153846153846
0 0.4579326923076923 0.6971153846153846 0.08173076923076923 0.125
0 0.41225961538461536 0.5961538461538461 0.0673076923076923 0.11057692307692307
0 0.31850961538461536 0.546875 0.12740384615384615 0.14182692307692307
0 0.2704326923076923 0.3737980769230769 0.0985576923076923 0.15865384615384615
0 0.3605769230769231 0.3605769230769231 0.06490384615384616 0.14182692307692307
0 0.18509615384615385 0.27283653846153844 0.125 0.15384615384615385
0 0.24519230769230768 0.19110576923076922 0.09134615384615384 0.1201923076923077
0 0.33653846153846156 0.21033653846153846 0.1201923076923077 0.15865384615384615
0 0.11778846153846154 0.18269230769230768 0.1346153846153846 0.20192307692307693
0 0.06850961538461539 0.36899038461538464 0.10336538461538461 0.16826923076923078
0 0.03125 0.28365384615384615 0.0625 0.16346153846153846
0 0.14903846153846154 0.46153846153846156 0.13221153846153846 0.18028846153846154
0 0.2403846153846154 0.5132211538461539 0.057692307692307696 0.11057692307692307
0 0.2091346153846154 0.6225961538461539 0.0985576923076923 0.12980769230769232
0 0.31971153846153844 0.6887019230769231 0.12980769230769232 0.17307692307692307
0 0.29447115384615385 0.8221153846153846 0.0889423076923077 0.125
0 0.3713942307692308 0.8798076923076923 0.10096153846153846 0.15384615384615385
0 0.41466346153846156 0.9723557692307693 0.12980769230769232 0.052884615384615384
0 0.515625 0.9735576923076923 0.0889423076923077 0.04807692307692308
0 0.3137019230769231 0.9543269230769231 0.11778846153846154 0.08653846153846154
0 0.23677884615384615 0.9122596153846154 0.11778846153846154 0.12980769230769232
0 0.11899038461538461 0.9170673076923077 0.15144230769230768 0.16105769230769232
0 0.016826923076923076 0.8521634615384616 0.03365384615384615 0.17307692307692307
0 0.04567307692307692 0.7980769230769231 0.06971153846153846 0.15384615384615385
0 0.09254807692307693 0.765625 0.0985576923076923 0.1201923076923077
0 0.016826923076923076 0.9711538461538461 0.028846153846153848 0.052884615384615384
0 0.08774038461538461 0.6394230769230769 0.15384615384615385 0.2283653846153846
0 0.04326923076923077 0.45913461538461536 0.08173076923076923 0.15384615384615385