0 0.8557692307692307 0.8461538461538461 0.24759615384615385 0.2956730769230769
0 0.9615384615384616 0.6947115384615384 0.06971153846153846 0.37259615384615385
0 0.9194711538461539 0.4735576923076923 0.15384615384615385 0.3317307692307692
0 0.9867788461538461 0.27163461538461536 0.019230769230769232 0.15384615384615385
0 0.9519230769230769 0.12379807692307693 0.09134615384615384 0.22596153846153846
0 0.8846153846153846 0.18990384615384615 0.1778846153846154 0.25
0 0.7956730769230769 0.2932692307692308 0.20192307692307693 0.3485576923076923
0 0.7487980769230769 0.6237980769230769 0.20673076923076922 0.38461538461538464
0 0.8894230769230769 0.6682692307692307 0.09375 0.15384615384615385
0 0.7007211538461539 0.8665865384615384 0.08413461538461539 0.125
0 0.6286057692307693 0.9086538461538461 0.23317307692307693 0.17307692307692307
0 0.5697115384615384 0.6598557692307693 0.21153846153846154 0.40865384615384615
0 0.6971153846153846 0.36658653846153844 0.17067307692307693 0.28365384615384615
0 0.5637019230769231 0.4495192307692308 0.19230769230769232 0.25961538461538464
0 0.5997596153846154 0.1622596153846154 0.17067307692307693 0.3125
0 0.6911057692307693 0.06009615384615385 0.07932692307692307 0.11538461538461539
0 0.7055288461538461 0.19471153846153846 0.08173076923076923 0.1658653846153846
0 0.4963942307692308 0.14182692307692307 0.038461538461538464 0.10576923076923077
0 0.4567307692307692 0.3317307692307692 0.15144230769230768 0.2956730769230769
0 0.3858173076923077 0.5913461538461539 0.19230769230769232 0.31971153846153844
0 0.3713942307692308 0.8581730769230769 0.22115384615384615 0.27163461538461536
0 0.5 0.8665865384615384 0.0985576923076923 0.2548076923076923
0 0.29447115384615385 0.7752403846153846 0.0673076923076923 0.15384615384615385
0 0.19230769230769232 0.6298076923076923 0.1971153846153846 0.3605769230769231
0 0.18870192307692307 0.8966346153846154 0.17067307692307693 0.19471153846153846
0 0.13701923076923078 0.4206730769230769 0.17548076923076922 0.28365384615384615
0 0.2439903846153846 0.28125 0.11538461538461539 0.24278846153846154
0 0.31490384615384615 0.21875 0.16826923076923078 0.3076923076923077
0 0.43028846153846156 0.12980769230769232 0.125 0.12980769230769232
0 0.03125 0.28966346153846156 0.057692307692307696 0.18028846153846154
0 0.05048076923076923 0.5288461538461539 0.09615384615384616 0.3317307692307692
0 0.0733173076923077 0.7956730769230769 0.14182692307692307 0.30288461538461536
0 0.06490384615384616 0.9639423076923077 0.11057692307692307 0.057692307692307696