0 0.6634615384615384 0.45913461538461536 0.23557692307692307 0.3605769230769231
0 0.5985576923076923 0.20192307692307693 0.17067307692307693 0.2620192307692308
0 0.4831730769230769 0.23798076923076922 0.11778846153846154 0.19230769230769232
0 0.38221153846153844 0.16346153846153846 0.16826923076923078 0.21875
0 0.2548076923076923 0.18028846153846154 0.11057692307692307 0.1201923076923077
0 0.21634615384615385 0.33653846153846156 0.16346153846153846 0.24759615384615385
0 0.3581730769230769 0.3173076923076923 0.1346153846153846 0.1875
0 0.4050480769230769 0.44591346153846156 0.20673076923076922 0.32211538461538464
0 0.4831730769230769 0.7103365384615384 0.20432692307692307 0.3076923076923077
0 0.5348557692307693 0.6442307692307693 0.13942307692307693 0.3389423076923077
0 0.3088942307692308 0.671875 0.15384615384615385 0.2403846153846154
0 0.3894230769230769 0.8028846153846154 0.05048076923076923 0.08653846153846154
0 0.23677884615384615 0.5492788461538461 0.15384615384615385 0.19230769230769232