0 0.9375 0.8004807692307693 0.1201923076923077 0.31009615384615385
0 0.8605769230769231 0.6262019230769231 0.15384615384615385 0.30528846153846156
0 0.9435096153846154 0.31971153846153844 0.10576923076923077 0.28365384615384615
0 0.8401442307692307 0.3918269230769231 0.15625 0.2668269230769231
0 0.7127403846153846 0.5036057692307693 0.18269230769230768 0.33653846153846156
0 0.6814903846153846 0.25 0.18269230769230768 0.33653846153846156
0 0.7668269230769231 0.13341346153846154 0.17307692307692307 0.2668269230769231
0 0.5276442307692307 0.46875 0.18269230769230768 0.3557692307692308
0 0.6213942307692307 0.6959134615384616 0.16346153846153846 0.36538461538461536
0 0.7235576923076923 0.8413461538461539 0.1971153846153846 0.30288461538461536
0 0.4639423076923077 0.9266826923076923 0.15865384615384615 0.1346153846153846
0 0.4567307692307692 0.7596153846153846 0.19951923076923078 0.34134615384615385
0 0.2860576923076923 0.8701923076923077 0.1971153846153846 0.24519230769230768
0 0.2920673076923077 0.6262019230769231 0.19230769230769232 0.3173076923076923
0 0.36899038461538464 0.43028846153846156 0.15625 0.3173076923076923
0 0.1971153846153846 0.4206730769230769 0.18269230769230768 0.4110576923076923
0 0.30528846153846156 0.234375 0.19230769230769232 0.27884615384615385
0 0.4326923076923077 0.12379807692307693 0.15384615384615385 0.24519230769230768
0 0.5168269230769231 0.29086538461538464 0.15384615384615385 0.1778846153846154
0 0.5588942307692307 0.13581730769230768 0.10576923076923077 0.2091346153846154
0 0.5204326923076923 0.036057692307692304 0.06490384615384616 0.0673076923076923
0 0.29927884615384615 0.05889423076923077 0.14182692307692307 0.11298076923076923
0 0.16706730769230768 0.1201923076923077 0.17307692307692307 0.2283653846153846
0 0.10096153846153846 0.265625 0.1658653846153846 0.3173076923076923