0 0.3112980769230769 0.7091346153846154 0.6057692307692307 0.5721153846153846
0 0.17067307692307693 0.3737980769230769 0.2980769230769231 0.3125
0 0.020432692307692308 0.31971153846153844 0.03125 0.1971153846153846
0 0.16466346153846154 0.140625 0.23317307692307693 0.28125
0 0.06850961538461539 0.140625 0.13221153846153846 0.28125
0 0.2620192307692308 0.09735576923076923 0.15144230769230768 0.1875
0 0.3293269230769231 0.31971153846153844 0.1971153846153846 0.28365384615384615
0 0.46634615384615385 0.2247596153846154 0.25 0.2620192307692308
0 0.421875 0.09615384615384616 0.27403846153846156 0.19230769230769232
0 0.6646634615384616 0.09975961538461539 0.24519230769230768 0.19951923076923078
0 0.6358173076923077 0.27163461538461536 0.25721153846153844 0.27403846153846156
0 0.7536057692307693 0.2932692307692308 0.3245192307692308 0.39903846153846156
0 0.7271634615384616 0.6538461538461539 0.34134615384615385 0.36538461538461536
0 0.7692307692307693 0.8894230769230769 0.3894230769230769 0.21394230769230768
0 0.9254807692307693 0.8161057692307693 0.14423076923076922 0.3629807692307692
0 0.8653846153846154 0.5084134615384616 0.2644230769230769 0.3918269230769231
0 0.7596153846153846 0.08052884615384616 0.25 0.15865384615384615