0 0.4362980769230769 0.7295673076923077 0.29086538461538464 0.20673076923076922
0 0.640625 0.8064903846153846 0.30288461538461536 0.19230769230769232
0 0.7752403846153846 0.6538461538461539 0.4182692307692308 0.21394230769230768
0 0.45913461538461536 0.5925480769230769 0.125 0.09134615384615384
0 0.32091346153846156 0.6286057692307693 0.125 0.07692307692307693
0 0.296875 0.546875 0.14423076923076922 0.07932692307692307
0 0.40625 0.5096153846153846 0.14423076923076922 0.07692307692307693
0 0.8293269230769231 0.5108173076923077 0.16346153846153846 0.12259615384615384
0 0.8521634615384616 0.3894230769230769 0.2644230769230769 0.32211538461538464
0 0.6670673076923077 0.3425480769230769 0.22596153846153846 0.22115384615384615
0 0.5300480769230769 0.35096153846153844 0.13701923076923078 0.24519230769230768
0 0.2776442307692308 0.3605769230769231 0.4567307692307692 0.2860576923076923
0 0.5829326923076923 0.15745192307692307 0.4182692307692308 0.2283653846153846
0 0.6370192307692307 0.44711538461538464 0.03365384615384615 0.02403846153846154
0 0.5829326923076923 0.47596153846153844 0.055288461538461536 0.03365384615384615
0 0.5252403846153846 0.5108173076923077 0.04807692307692308 0.028846153846153848
0 0.5360576923076923 0.5492788461538461 0.04807692307692308 0.04807692307692308
0 0.5745192307692307 0.5276442307692307 0.06009615384615385 0.04807692307692308
0 0.6129807692307693 0.49759615384615385 0.07211538461538461 0.019230769230769232
0 0.6346153846153846 0.5288461538461539 0.08173076923076923 0.036057692307692304
0 0.6923076923076923 0.5144230769230769 0.04326923076923077 0.04326923076923077
0 0.6730769230769231 0.47836538461538464 0.038461538461538464 0.036057692307692304
0 0.6262019230769231 0.48197115384615385 0.055288461538461536 0.036057692307692304