0 0.6310096153846154 0.45072115384615385 0.49759615384615385 0.5024038461538461
0 0.2608173076923077 0.15745192307692307 0.13942307692307693 0.10817307692307693
0 0.3137019230769231 0.13701923076923078 0.03365384615384615 0.10096153846153846
0 0.1201923076923077 0.828125 0.0673076923076923 0.04567307692307692
0 0.08413461538461539 0.7175480769230769 0.04326923076923077 0.04326923076923077
0 0.0985576923076923 0.6574519230769231 0.07211538461538461 0.038461538461538464
0 0.09615384615384616 0.6201923076923077 0.038461538461538464 0.028846153846153848
0 0.32091346153846156 0.9519230769230769 0.0673076923076923 0.052884615384615384
0 0.38221153846153844 0.9338942307692307 0.057692307692307696 0.05048076923076923
0 0.4182692307692308 0.9134615384615384 0.014423076923076924 0.03365384615384615
0 0.4326923076923077 0.8882211538461539 0.03365384615384615 0.03365384615384615
0 0.4423076923076923 0.8293269230769231 0.03365384615384615 0.03365384615384615
0 0.4735576923076923 0.8173076923076923 0.028846153846153848 0.03365384615384615
0 0.49278846153846156 0.765625 0.038461538461538464 0.038461538461538464
0 0.5168269230769231 0.7307692307692307 0.04807692307692308 0.04807692307692308
0 0.5504807692307693 0.6935096153846154 0.04807692307692308 0.02403846153846154
0 0.53125 0.6598557692307693 0.038461538461538464 0.04326923076923077
0 0.40865384615384615 0.7920673076923077 0.04326923076923077 0.04807692307692308
0 0.4014423076923077 0.7487980769230769 0.057692307692307696 0.038461538461538464
0 0.43990384615384615 0.7944711538461539 0.019230769230769232 0.038461538461538464
0 0.4543269230769231 0.7596153846153846 0.04807692307692308 0.04326923076923077
0 0.4519230769230769 0.7175480769230769 0.03365384615384615 0.04326923076923077
0 0.47115384615384615 0.6826923076923077 0.052884615384615384 0.028846153846153848
0 0.4879807692307692 0.6478365384615384 0.038461538461538464 0.04326923076923077
0 0.3894230769230769 0.8401442307692307 0.04326923076923077 0.04567307692307692
0 0.3713942307692308 0.8834134615384616 0.03365384615384615 0.04326923076923077
0 0.3401442307692308 0.8774038461538461 0.038461538461538464 0.07211538461538461
0 0.34975961538461536 0.8257211538461539 0.04807692307692308 0.05048076923076923
0 0.3425480769230769 0.7740384615384616 0.04326923076923077 0.038461538461538464
0 0.328125 0.7367788461538461 0.04326923076923077 0.028846153846153848
0 0.36658653846153844 0.7055288461538461 0.0625 0.04326923076923077
0 0.3713942307692308 0.6742788461538461 0.04326923076923077 0.038461538461538464
0 0.3798076923076923 0.6310096153846154 0.052884615384615384 0.04326923076923077
0 0.41586538461538464 0.6322115384615384 0.038461538461538464 0.028846153846153848
0 0.4375 0.609375 0.04326923076923077 0.02403846153846154
0 0.40625 0.5913461538461539 0.04807692307692308 0.028846153846153848
0 0.3798076923076923 0.3545673076923077 0.052884615384615384 0.038461538461538464
0 0.3641826923076923 0.3137019230769231 0.0673076923076923 0.038461538461538464
0 0.37740384615384615 0.5661057692307693 0.038461538461538464 0.0625
0 0.3449519230769231 0.5336538461538461 0.038461538461538464 0.052884615384615384
0 0.32572115384615385 0.4891826923076923 0.057692307692307696 0.057692307692307696
0 0.359375 0.42788461538461536 0.04807692307692308 0.04326923076923077
0 0.3425480769230769 0.38822115384615385 0.052884615384615384 0.038461538461538464
0 0.3137019230769231 0.375 0.03365384615384615 0.028846153846153848
0 0.32091346153846156 0.3425480769230769 0.038461538461538464 0.04567307692307692
0 0.2848557692307692 0.30649038461538464 0.052884615384615384 0.03365384615384615
0 0.30408653846153844 0.2776442307692308 0.03365384615384615 0.03365384615384615
0 0.25600961538461536 0.8569711538461539 0.03365384615384615 0.04567307692307692
0 0.296875 0.8545673076923077 0.038461538461538464 0.05048076923076923
0 0.28725961538461536 0.8052884615384616 0.028846153846153848 0.04326923076923077
0 0.27283653846153844 0.7692307692307693 0.038461538461538464 0.04567307692307692
0 0.2439903846153846 0.8064903846153846 0.057692307692307696 0.04567307692307692
0 0.19591346153846154 0.8425480769230769 0.04807692307692308 0.057692307692307696
0 0.20072115384615385 0.8834134615384616 0.0673076923076923 0.07451923076923077
0 0.16947115384615385 0.7920673076923077 0.052884615384615384 0.04807692307692308
0 0.17668269230769232 0.7512019230769231 0.038461538461538464 0.03365384615384615
0 0.11778846153846154 0.7572115384615384 0.0625 0.052884615384615384
0 0.125 0.7091346153846154 0.04807692307692308 0.05048076923076923
0 0.17427884615384615 0.7007211538461539 0.052884615384615384 0.05048076923076923
0 0.1622596153846154 0.6490384615384616 0.057692307692307696 0.038461538461538464
0 0.14302884615384615 0.5949519230769231 0.04807692307692308 0.04567307692307692
0 0.13581730769230768 0.5480769230769231 0.0625 0.04807692307692308
0 0.11298076923076923 0.5144230769230769 0.0625 0.04326923076923077
0 0.125 0.46033653846153844 0.057692307692307696 0.057692307692307696
0 0.171875 0.44591346153846156 0.04807692307692308 0.052884615384615384
0 0.18629807692307693 0.390625 0.057692307692307696 0.04326923076923077
0 0.21033653846153846 0.35697115384615385 0.0673076923076923 0.04807692307692308
0 0.21754807692307693 0.40024038461538464 0.04326923076923077 0.038461538461538464
0 0.2536057692307692 0.359375 0.028846153846153848 0.038461538461538464
0 0.27283653846153844 0.3425480769230769 0.038461538461538464 0.038461538461538464
0 0.25600961538461536 0.41947115384615385 0.052884615384615384 0.03365384615384615
0 0.28725961538461536 0.4026442307692308 0.028846153846153848 0.03365384615384615
0 0.3137019230769231 0.41466346153846156 0.03365384615384615 0.04807692307692308
0 0.2848557692307692 0.6887019230769231 0.04326923076923077 0.04326923076923077
0 0.29927884615384615 0.640625 0.03365384615384615 0.04567307692307692
0 0.3112980769230769 0.5805288461538461 0.057692307692307696 0.04326923076923077
0 0.2512019230769231 0.5420673076923077 0.0625 0.038461538461538464
0 0.23918269230769232 0.5721153846153846 0.04807692307692308 0.03365384615384615
0 0.25600961538461536 0.5 0.0625 0.038461538461538464
0 0.25841346153846156 0.4567307692307692 0.04807692307692308 0.04326923076923077
0 0.21514423076923078 0.46033653846153844 0.04807692307692308 0.03365384615384615
0 0.19831730769230768 0.49759615384615385 0.04326923076923077 0.04807692307692308
0 0.19110576923076922 0.5576923076923077 0.04807692307692308 0.04567307692307692
0 0.17908653846153846 0.5973557692307693 0.04326923076923077 0.04326923076923077
0 0.2247596153846154 0.6177884615384616 0.04807692307692308 0.03365384615384615
0 0.24879807692307693 0.6514423076923077 0.04807692307692308 0.03365384615384615
0 0.20552884615384615 0.6550480769230769 0.038461538461538464 0.02403846153846154
0 0.23677884615384615 0.6850961538461539 0.04326923076923077 0.04326923076923077
0 0.23677884615384615 0.7223557692307693 0.07211538461538461 0.05048076923076923
0 0.21514423076923078 0.7632211538461539 0.038461538461538464 0.04326923076923077