0 0.7788461538461539 0.33413461538461536 0.17548076923076922 0.375
0 0.9146634615384616 0.3125 0.13942307692307693 0.15384615384615385
0 0.8894230769230769 0.20793269230769232 0.21153846153846154 0.19230769230769232
0 0.7295673076923077 0.1310096153846154 0.08653846153846154 0.0625
0 0.6490384615384616 0.1875 0.14423076923076922 0.1971153846153846
0 0.5697115384615384 0.2800480769230769 0.25240384615384615 0.2283653846153846
0 0.6442307692307693 0.4423076923076923 0.16346153846153846 0.15865384615384615
0 0.5180288461538461 0.43028846153846156 0.20192307692307693 0.25
0 0.44350961538461536 0.2764423076923077 0.18509615384615385 0.21153846153846154
0 0.3449519230769231 0.14423076923076922 0.21634615384615385 0.08173076923076923
0 0.5180288461538461 0.13701923076923078 0.12980769230769232 0.07211538461538461
0 0.12980769230769232 0.19110576923076922 0.2548076923076923 0.15144230769230768
0 0.21875 0.2932692307692308 0.34615384615384615 0.11538461538461539
0 0.3329326923076923 0.34375 0.0673076923076923 0.0625
0 0.15504807692307693 0.4014423076923077 0.3076923076923077 0.125
0 0.07451923076923077 0.35096153846153844 0.13942307692307693 0.07692307692307693
0 0.17307692307692307 0.5036057692307693 0.10817307692307693 0.10576923076923077
0 0.3173076923076923 0.45913461538461536 0.19230769230769232 0.16826923076923078
0 0.39663461538461536 0.5120192307692307 0.08173076923076923 0.057692307692307696
0 0.26322115384615385 0.5697115384615384 0.14423076923076922 0.12740384615384615
0 0.36538461538461536 0.5709134615384616 0.08173076923076923 0.10817307692307693
0 0.5180288461538461 0.5769230769230769 0.31490384615384615 0.1201923076923077
0 0.796875 0.6009615384615384 0.24278846153846154 0.21394230769230768
0 0.9026442307692307 0.5372596153846154 0.1346153846153846 0.06971153846153846
0 0.8040865384615384 0.6502403846153846 0.2692307692307692 0.09615384615384616
0 0.8894230769230769 0.5889423076923077 0.057692307692307696 0.04326923076923077
0 0.8173076923076923 0.7355769230769231 0.12980769230769232 0.08173076923076923
0 0.7271634615384616 0.7896634615384616 0.10336538461538461 0.07211538461538461
0 0.6826923076923077 0.7331730769230769 0.14903846153846154 0.09134615384615384
0 0.5588942307692307 0.7644230769230769 0.14903846153846154 0.06971153846153846
0 0.5540865384615384 0.6887019230769231 0.31490384615384615 0.1201923076923077
0 0.5072115384615384 0.6814903846153846 0.19230769230769232 0.09615384615384616
0 0.38100961538461536 0.6838942307692307 0.125 0.11538461538461539
0 0.3942307692307692 0.7836538461538461 0.20192307692307693 0.10096153846153846
0 0.24519230769230768 0.7680288461538461 0.10817307692307693 0.0625
0 0.21634615384615385 0.6622596153846154 0.1971153846153846 0.1971153846153846
0 0.17548076923076922 0.5697115384615384 0.07211538461538461 0.057692307692307696
0 0.010817307692307692 0.7127403846153846 0.021634615384615384 0.03365384615384615
0 0.03125 0.6430288461538461 0.0625 0.10336538461538461
0 0.007211538461538462 0.5721153846153846 0.009615384615384616 0.02403846153846154