0 0.4567307692307692 0.10216346153846154 0.8557692307692307 0.17067307692307693
0 0.671875 0.07091346153846154 0.40625 0.10817307692307693
0 0.2512019230769231 0.1201923076923077 0.46875 0.08653846153846154
0 0.8774038461538461 0.14182692307692307 0.10817307692307693 0.04807692307692308
0 0.9519230769230769 0.15264423076923078 0.0625 0.0625
0 0.9254807692307693 0.0985576923076923 0.09134615384615384 0.052884615384615384
0 0.8461538461538461 0.057692307692307696 0.11538461538461539 0.057692307692307696
0 0.9314903846153846 0.046875 0.10336538461538461 0.052884615384615384
0 0.9459134615384616 0.2692307692307692 0.08653846153846154 0.1201923076923077
0 0.8028846153846154 0.2764423076923077 0.23557692307692307 0.09375
0 0.9290865384615384 0.3942307692307692 0.1201923076923077 0.08653846153846154
0 0.9290865384615384 0.4675480769230769 0.1201923076923077 0.07211538461538461
0 0.8774038461538461 0.5324519230769231 0.22115384615384615 0.08653846153846154
0 0.9290865384615384 0.5949519230769231 0.12980769230769232 0.08653846153846154
0 0.8653846153846154 0.7307692307692307 0.24519230769230768 0.14903846153846154
0 0.8137019230769231 0.8269230769230769 0.2692307692307692 0.13221153846153846
0 0.3629807692307692 0.2620192307692308 0.6586538461538461 0.10817307692307693
0 0.49399038461538464 0.36658653846153844 0.7716346153846154 0.10817307692307693
0 0.5084134615384616 0.4567307692307692 0.7211538461538461 0.10096153846153846
0 0.4170673076923077 0.5552884615384616 0.7307692307692307 0.11057692307692307
0 0.47475961538461536 0.6550480769230769 0.8221153846153846 0.14903846153846154
0 0.3858173076923077 0.7644230769230769 0.7355769230769231 0.09134615384615384
0 0.3485576923076923 0.8509615384615384 0.6634615384615384 0.09134615384615384
0 0.04807692307692308 0.6959134615384616 0.052884615384615384 0.05048076923076923
0 0.1346153846153846 0.6237980769230769 0.22115384615384615 0.1201923076923077
0 0.16826923076923078 0.5240384615384616 0.29086538461538464 0.07692307692307693
0 0.11177884615384616 0.46153846153846156 0.1658653846153846 0.07692307692307693
0 0.12259615384615384 0.3701923076923077 0.19951923076923078 0.09375
0 0.15985576923076922 0.2932692307692308 0.27403846153846156 0.057692307692307696
0 0.4519230769230769 0.9206730769230769 0.8461538461538461 0.15384615384615385