0 0.25240384615384615 0.3389423076923077 0.21394230769230768 0.3173076923076923
0 0.09375 0.4014423076923077 0.11538461538461539 0.21153846153846154
0 0.07091346153846154 0.5300480769230769 0.1346153846153846 0.17307692307692307
0 0.038461538461538464 0.3737980769230769 0.06971153846153846 0.11538461538461539
0 0.18269230769230768 0.20432692307692307 0.07692307692307693 0.13701923076923078
0 0.1310096153846154 0.22716346153846154 0.06490384615384616 0.13701923076923078
0 0.20432692307692307 0.06129807692307692 0.11538461538461539 0.11778846153846154
0 0.2824519230769231 0.09615384615384616 0.08653846153846154 0.16826923076923078
0 0.3605769230769231 0.09014423076923077 0.09615384615384616 0.15865384615384615
0 0.5673076923076923 0.06610576923076923 0.19230769230769232 0.12980769230769232
0 0.45913461538461536 0.056490384615384616 0.10576923076923077 0.10817307692307693
0 0.16826923076923078 0.6995192307692307 0.20673076923076922 0.44711538461538464
0 0.49038461538461536 0.828125 0.22115384615384615 0.27884615384615385
0 0.37740384615384615 0.6826923076923077 0.04326923076923077 0.17307692307692307
0 0.32091346153846156 0.7572115384615384 0.10576923076923077 0.18028846153846154
0 0.2860576923076923 0.8473557692307693 0.12259615384615384 0.14182692307692307
0 0.28966346153846156 0.9074519230769231 0.21875 0.17307692307692307
0 0.17067307692307693 0.9206730769230769 0.07932692307692307 0.125
0 0.4182692307692308 0.5925480769230769 0.10576923076923077 0.21153846153846154
0 0.36177884615384615 0.41586538461538464 0.10817307692307693 0.27403846153846156
0 0.3786057692307692 0.28725961538461536 0.06971153846153846 0.19230769230769232
0 0.6213942307692307 0.22115384615384615 0.17067307692307693 0.24519230769230768
0 0.5180288461538461 0.16346153846153846 0.17548076923076922 0.21875
0 0.4675480769230769 0.36658653846153844 0.12259615384615384 0.20673076923076922
0 0.5252403846153846 0.5625 0.12259615384615384 0.35096153846153844
0 0.5276442307692307 0.6586538461538461 0.0673076923076923 0.22355769230769232
0 0.6310096153846154 0.6887019230769231 0.14423076923076922 0.4375
0 0.6742788461538461 0.7079326923076923 0.15865384615384615 0.34375
0 0.7103365384615384 0.765625 0.10096153846153846 0.11057692307692307
0 0.7716346153846154 0.8557692307692307 0.10096153846153846 0.10336538461538461
0 0.6959134615384616 0.8713942307692307 0.06490384615384616 0.09134615384615384
0 0.6322115384615384 0.9266826923076923 0.0673076923076923 0.13701923076923078
0 0.7295673076923077 0.9399038461538461 0.15625 0.11057692307692307
0 0.8713942307692307 0.7043269230769231 0.1346153846153846 0.1875
0 0.9170673076923077 0.7872596153846154 0.14423076923076922 0.15384615384615385
0 0.8545673076923077 0.9459134615384616 0.10096153846153846 0.0985576923076923
0 0.8137019230769231 0.49759615384615385 0.18509615384615385 0.27403846153846156
0 0.8064903846153846 0.328125 0.1778846153846154 0.16346153846153846
0 0.9206730769230769 0.15625 0.15384615384615385 0.3076923076923077
0 0.8149038461538461 0.06610576923076923 0.12259615384615384 0.13221153846153846
0 0.7572115384615384 0.1778846153846154 0.14423076923076922 0.10336538461538461
0 0.7367788461538461 0.25961538461538464 0.08173076923076923 0.07211538461538461
0 0.47836538461538464 0.9459134615384616 0.15384615384615385 0.0985576923076923
0 0.7079326923076923 0.08774038461538461 0.1201923076923077 0.16346153846153846