0 0.5420673076923077 0.2620192307692308 0.49038461538461536 0.34615384615384615
0 0.5288461538461539 0.4651442307692308 0.23557692307692307 0.18269230769230768
0 0.7632211538461539 0.4675480769230769 0.2764423076923077 0.5288461538461539
0 0.7548076923076923 0.09134615384615384 0.23076923076923078 0.17548076923076922
0 0.53125 0.05889423076923077 0.25 0.11057692307692307
0 0.27884615384615385 0.08173076923076923 0.2860576923076923 0.15625
0 0.20793269230769232 0.578125 0.25 0.24759615384615385
0 0.3016826923076923 0.47115384615384615 0.07211538461538461 0.09615384615384616
0 0.36778846153846156 0.39903846153846156 0.1201923076923077 0.13942307692307693
0 0.39302884615384615 0.5745192307692307 0.18269230769230768 0.2403846153846154
0 0.6454326923076923 0.7007211538461539 0.46875 0.3629807692307692
0 0.3329326923076923 0.7572115384615384 0.25 0.14903846153846154
0 0.5817307692307693 0.9122596153846154 0.3317307692307692 0.17067307692307693