0 0.7872596153846154 0.7427884615384616 0.16105769230769232 0.22596153846153846
0 0.8533653846153846 0.5300480769230769 0.13942307692307693 0.18990384615384615
0 0.8617788461538461 0.39302884615384615 0.10096153846153846 0.125
0 0.8533653846153846 0.25240384615384615 0.11538461538461539 0.16826923076923078
0 0.6802884615384616 0.046875 0.07692307692307693 0.08413461538461539
0 0.7512019230769231 0.051682692307692304 0.057692307692307696 0.07451923076923077
0 0.734375 0.0673076923076923 0.2668269230769231 0.1346153846153846
0 0.7836538461538461 0.13221153846153846 0.21153846153846154 0.25961538461538464
0 0.6682692307692307 0.15384615384615385 0.0673076923076923 0.11057692307692307
0 0.6766826923076923 0.359375 0.2860576923076923 0.3317307692307692
0 0.7043269230769231 0.5745192307692307 0.13942307692307693 0.07932692307692307
0 0.6646634615384616 0.7007211538461539 0.09134615384615384 0.125
0 0.6490384615384616 0.6009615384615384 0.07692307692307693 0.07451923076923077
0 0.49038461538461536 0.65625 0.25 0.3125
0 0.5817307692307693 0.8509615384615384 0.02403846153846154 0.028846153846153848
0 0.49399038461538464 0.8365384615384616 0.03365384615384615 0.028846153846153848
0 0.3076923076923077 0.7692307692307693 0.2692307692307692 0.23317307692307693
0 0.35336538461538464 0.8509615384615384 0.02403846153846154 0.028846153846153848
0 0.3713942307692308 0.8317307692307693 0.019230769230769232 0.019230769230769232
0 0.359375 0.5985576923076923 0.10817307692307693 0.16826923076923078
0 0.359375 0.39663461538461536 0.3269230769230769 0.3581730769230769
0 0.15264423076923078 0.5540865384615384 0.15384615384615385 0.21634615384615385
0 0.24639423076923078 0.20072115384615385 0.2860576923076923 0.3125
0 0.5024038461538461 0.16706730769230768 0.2692307692307692 0.3293269230769231
0 0.3557692307692308 0.056490384615384616 0.14903846153846154 0.10817307692307693
0 0.21394230769230768 0.04326923076923077 0.15865384615384615 0.08173076923076923
0 0.0985576923076923 0.17067307692307693 0.06009615384615385 0.18269230769230768
0 0.06129807692307692 0.3449519230769231 0.11778846153846154 0.17067307692307693
0 0.1346153846153846 0.390625 0.14903846153846154 0.11057692307692307