0 0.7740384615384616 0.22235576923076922 0.375 0.35096153846153844
0 0.8317307692307693 0.25240384615384615 0.25 0.34615384615384615
0 0.7980769230769231 0.4963942307692308 0.19230769230769232 0.1466346153846154
0 0.6658653846153846 0.5769230769230769 0.28125 0.19230769230769232
0 0.8173076923076923 0.7668269230769231 0.0889423076923077 0.14423076923076922
0 0.7463942307692307 0.8545673076923077 0.2548076923076923 0.16826923076923078
0 0.3449519230769231 0.8389423076923077 0.17067307692307693 0.09375
0 0.36778846153846156 0.8533653846153846 0.3918269230769231 0.1778846153846154
0 0.28966346153846156 0.7115384615384616 0.3269230769230769 0.17548076923076922
0 0.26802884615384615 0.4987980769230769 0.25 0.1201923076923077
0 0.28725961538461536 0.39783653846153844 0.23076923076923078 0.10576923076923077
0 0.3293269230769231 0.171875 0.3701923076923077 0.23076923076923078