0 0.7704326923076923 0.9014423076923077 0.07211538461538461 0.08173076923076923
0 0.6935096153846154 0.9038461538461539 0.07932692307692307 0.0985576923076923
0 0.5745192307692307 0.9014423076923077 0.08413461538461539 0.08173076923076923
0 0.5036057692307693 0.8545673076923077 0.10096153846153846 0.09375
0 0.5889423076923077 0.7860576923076923 0.0673076923076923 0.07211538461538461
0 0.6526442307692307 0.7367788461538461 0.06490384615384616 0.0673076923076923
0 0.7055288461538461 0.7944711538461539 0.07932692307692307 0.07692307692307693
0 0.7644230769230769 0.7079326923076923 0.0673076923076923 0.08173076923076923
0 0.8100961538461539 0.7524038461538461 0.08413461538461539 0.0985576923076923
0 0.8557692307692307 0.8076923076923077 0.09134615384615384 0.07211538461538461
0 0.8689903846153846 0.7211538461538461 0.07932692307692307 0.0889423076923077
0 0.9014423076923077 0.6430288461538461 0.07692307692307693 0.07932692307692307
0 0.8076923076923077 0.6358173076923077 0.07932692307692307 0.0625
0 0.8293269230769231 0.6009615384615384 0.0673076923076923 0.04807692307692308
0 0.9086538461538461 0.5757211538461539 0.07692307692307693 0.0673076923076923
0 0.8653846153846154 0.5228365384615384 0.09615384615384616 0.0673076923076923
0 0.8197115384615384 0.5516826923076923 0.07932692307692307 0.052884615384615384
0 0.7295673076923077 0.5733173076923077 0.09134615384615384 0.0625
0 0.6826923076923077 0.609375 0.07932692307692307 0.0625
0 0.7127403846153846 0.65625 0.07211538461538461 0.0625
0 0.6117788461538461 0.6538461538461539 0.08413461538461539 0.0673076923076923
0 0.5793269230769231 0.7139423076923077 0.07932692307692307 0.0625
0 0.5108173076923077 0.7524038461538461 0.09615384615384616 0.0673076923076923
0 0.5336538461538461 0.65625 0.09615384615384616 0.0625
0 0.5528846153846154 0.6009615384615384 0.07211538461538461 0.057692307692307696
0 0.6201923076923077 0.6069711538461539 0.0673076923076923 0.057692307692307696
0 0.65625 0.546875 0.057692307692307696 0.052884615384615384
0 0.7019230769230769 0.5132211538461539 0.057692307692307696 0.057692307692307696
0 0.7524038461538461 0.5288461538461539 0.04567307692307692 0.026442307692307692
0 0.7427884615384616 0.47115384615384615 0.04326923076923077 0.036057692307692304
0 0.7848557692307693 0.4891826923076923 0.04807692307692308 0.052884615384615384
0 0.8137019230769231 0.46153846153846156 0.052884615384615384 0.04807692307692308
0 0.8569711538461539 0.4375 0.057692307692307696 0.04326923076923077
0 0.8762019230769231 0.48197115384615385 0.06490384615384616 0.04807692307692308
0 0.9026442307692307 0.41346153846153844 0.07211538461538461 0.057692307692307696
0 0.9663461538461539 0.4014423076923077 0.052884615384615384 0.052884615384615384
0 0.9747596153846154 0.4483173076923077 0.04326923076923077 0.07211538461538461
0 0.9290865384615384 0.3701923076923077 0.057692307692307696 0.04326923076923077
0 0.5853365384615384 0.5384615384615384 0.0625 0.057692307692307696
0 0.5132211538461539 0.5625 0.07692307692307693 0.0625
0 0.5252403846153846 0.5048076923076923 0.0673076923076923 0.052884615384615384
0 0.6502403846153846 0.46634615384615385 0.08413461538461539 0.057692307692307696
0 0.6887019230769231 0.4170673076923077 0.0673076923076923 0.08173076923076923
0 0.7451923076923077 0.43990384615384615 0.0625 0.057692307692307696
0 0.7680288461538461 0.38822115384615385 0.0673076923076923 0.0673076923076923
0 0.8100961538461539 0.35697115384615385 0.052884615384615384 0.04807692307692308
0 0.8293269230769231 0.38221153846153844 0.04567307692307692 0.057692307692307696
0 0.8461538461538461 0.3389423076923077 0.057692307692307696 0.052884615384615384
0 0.8798076923076923 0.3701923076923077 0.04807692307692308 0.04326923076923077
0 0.9110576923076923 0.29447115384615385 0.06490384615384616 0.057692307692307696
0 0.9615384615384616 0.27884615384615385 0.0625 0.057692307692307696
0 0.6274038461538461 0.4014423076923077 0.052884615384615384 0.052884615384615384
0 0.5841346153846154 0.375 0.057692307692307696 0.0625
0 0.6177884615384616 0.328125 0.057692307692307696 0.052884615384615384
0 0.6658653846153846 0.3389423076923077 0.038461538461538464 0.052884615384615384
0 0.7115384615384616 0.30408653846153844 0.052884615384615384 0.04807692307692308
0 0.7524038461538461 0.34134615384615385 0.052884615384615384 0.04807692307692308
0 0.796875 0.3125 0.04807692307692308 0.04326923076923077
0 0.796875 0.26322115384615385 0.07211538461538461 0.057692307692307696
0 0.8569711538461539 0.2704326923076923 0.04326923076923077 0.052884615384615384
0 0.9050480769230769 0.24759615384615385 0.052884615384615384 0.036057692307692304
0 0.9567307692307693 0.23918269230769232 0.04807692307692308 0.04326923076923077
0 0.8990384615384616 0.21394230769230768 0.03365384615384615 0.04326923076923077
0 0.9350961538461539 0.203125 0.038461538461538464 0.03125
0 0.9747596153846154 0.1875 0.04326923076923077 0.0625
0 0.9338942307692307 0.17668269230769232 0.04807692307692308 0.03125
0 0.9519230769230769 0.13581730769230768 0.057692307692307696 0.04326923076923077
0 0.9375 0.09375 0.06490384615384616 0.052884615384615384
0 0.8473557692307693 0.20793269230769232 0.0625 0.0625
0 0.7932692307692307 0.22115384615384615 0.057692307692307696 0.026442307692307692
0 0.8100961538461539 0.19230769230769232 0.028846153846153848 0.04326923076923077
0 0.8076923076923077 0.16346153846153846 0.03365384615384615 0.026442307692307692
0 0.8293269230769231 0.13221153846153846 0.04567307692307692 0.057692307692307696
0 0.8569711538461539 0.15384615384615385 0.04807692307692308 0.04807692307692308
0 0.8822115384615384 0.1141826923076923 0.0625 0.04326923076923077
0 0.8389423076923077 0.0829326923076923 0.06490384615384616 0.04326923076923077
0 0.8209134615384616 0.06009615384615385 0.0625 0.036057692307692304
0 0.9675480769230769 0.019230769230769232 0.036057692307692304 0.03365384615384615
0 0.7800480769230769 0.02403846153846154 0.04567307692307692 0.04807692307692308
0 0.7740384615384616 0.10697115384615384 0.03365384615384615 0.04807692307692308
0 0.7427884615384616 0.09615384615384616 0.06490384615384616 0.0673076923076923
0 0.6658653846153846 0.0889423076923077 0.0673076923076923 0.04326923076923077
0 0.6442307692307693 0.0673076923076923 0.057692307692307696 0.04326923076923077
0 0.6370192307692307 0.036057692307692304 0.057692307692307696 0.052884615384615384
0 0.5949519230769231 0.055288461538461536 0.05048076923076923 0.04807692307692308
0 0.53125 0.009615384615384616 0.057692307692307696 0.014423076923076924
0 0.5288461538461539 0.028846153846153848 0.052884615384615384 0.026442307692307692
0 0.5324519230769231 0.046875 0.052884615384615384 0.04326923076923077
0 0.6382211538461539 0.22355769230769232 0.052884615384615384 0.04326923076923077
0 0.6478365384615384 0.26802884615384615 0.06490384615384616 0.0673076923076923
0 0.6959134615384616 0.25240384615384615 0.038461538461538464 0.0673076923076923
0 0.7379807692307693 0.28125 0.04567307692307692 0.0625
0 0.7427884615384616 0.23197115384615385 0.04807692307692308 0.057692307692307696
0 0.7548076923076923 0.20072115384615385 0.04326923076923077 0.036057692307692304
0 0.7295673076923077 0.171875 0.0625 0.04326923076923077
0 0.7680288461538461 0.15384615384615385 0.052884615384615384 0.04807692307692308
0 0.7067307692307693 0.125 0.052884615384615384 0.04326923076923077
0 0.6658653846153846 0.14543269230769232 0.052884615384615384 0.0625
0 0.6538461538461539 0.17427884615384615 0.0673076923076923 0.026442307692307692
0 0.5853365384615384 0.13581730769230768 0.06971153846153846 0.07211538461538461
0 0.625 0.09375 0.07211538461538461 0.04326923076923077
0 0.5564903846153846 0.0733173076923077 0.07211538461538461 0.04326923076923077
0 0.515625 0.09615384615384616 0.07211538461538461 0.026442307692307692
0 0.5024038461538461 0.140625 0.07692307692307693 0.052884615384615384
0 0.5072115384615384 0.18509615384615385 0.06490384615384616 0.057692307692307696
0 0.5793269230769231 0.203125 0.07211538461538461 0.04326923076923077
0 0.5396634615384616 0.25240384615384615 0.0673076923076923 0.057692307692307696
0 0.5625 0.22956730769230768 0.04567307692307692 0.04326923076923077
0 0.6081730769230769 0.28365384615384615 0.0673076923076923 0.04807692307692308
0 0.5685096153846154 0.3076923076923077 0.08653846153846154 0.052884615384615384
0 0.5480769230769231 0.34615384615384615 0.08413461538461539 0.04807692307692308
0 0.5384615384615384 0.39903846153846156 0.057692307692307696 0.057692307692307696
0 0.46033653846153844 0.43028846153846156 0.07692307692307693 0.0673076923076923
0 0.4831730769230769 0.3858173076923077 0.0625 0.0625
0 0.47475961538461536 0.33052884615384615 0.052884615384615384 0.04807692307692308
0 0.484375 0.27884615384615385 0.06490384615384616 0.04807692307692308
0 0.4795673076923077 0.24759615384615385 0.0673076923076923 0.04807692307692308
0 0.46033653846153844 0.21634615384615385 0.06971153846153846 0.036057692307692304
0 0.4483173076923077 0.1875 0.0625 0.04326923076923077
0 0.4375 0.15144230769230768 0.052884615384615384 0.04326923076923077
0 0.44350961538461536 0.1141826923076923 0.057692307692307696 0.052884615384615384
0 0.3918269230769231 0.11177884615384616 0.052884615384615384 0.057692307692307696
0 0.42788461538461536 0.7451923076923077 0.07932692307692307 0.07211538461538461
0 0.44471153846153844 0.6826923076923077 0.08413461538461539 0.0625
0 0.42427884615384615 0.5985576923076923 0.06490384615384616 0.07211538461538461
0 0.42427884615384615 0.5228365384615384 0.06490384615384616 0.0673076923076923
0 0.40865384615384615 0.46153846153846156 0.07932692307692307 0.04807692307692308
0 0.3858173076923077 0.421875 0.06490384615384616 0.052884615384615384
0 0.421875 0.36177884615384615 0.0673076923076923 0.0673076923076923
0 0.30649038461538464 0.8052884615384616 0.07932692307692307 0.0889423076923077
0 0.359375 0.7632211538461539 0.07932692307692307 0.07692307692307693
0 0.2800480769230769 0.7367788461538461 0.07932692307692307 0.0889423076923077
0 0.35697115384615385 0.6983173076923077 0.09134615384615384 0.08173076923076923
0 0.28846153846153844 0.6634615384615384 0.0673076923076923 0.07692307692307693
0 0.34975961538461536 0.6298076923076923 0.07692307692307693 0.052884615384615384
0 0.265625 0.6141826923076923 0.09134615384615384 0.08173076923076923
0 0.3401442307692308 0.5733173076923077 0.08653846153846154 0.08173076923076923
0 0.2776442307692308 0.5360576923076923 0.09134615384615384 0.07211538461538461
0 0.35336538461538464 0.49759615384615385 0.07692307692307693 0.0673076923076923
0 0.3016826923076923 0.47115384615384615 0.09615384615384616 0.0985576923076923
0 0.18629807692307693 0.7259615384615384 0.08413461538461539 0.0889423076923077
0 0.2247596153846154 0.7740384615384616 0.07692307692307693 0.0673076923076923
0 0.13341346153846154 0.7367788461538461 0.0625 0.0889423076923077
0 0.08173076923076923 0.7055288461538461 0.07932692307692307 0.07692307692307693
0 0.11057692307692307 0.6430288461538461 0.08413461538461539 0.0889423076923077
0 0.1935096153846154 0.6322115384615384 0.08413461538461539 0.0673076923076923
0 0.17668269230769232 0.5697115384615384 0.06490384615384616 0.057692307692307696
0 0.0985576923076923 0.5697115384615384 0.07692307692307693 0.0673076923076923
0 0.038461538461538464 0.5649038461538461 0.07692307692307693 0.07692307692307693
0 0.039663461538461536 0.5072115384615384 0.057692307692307696 0.0673076923076923
0 0.018028846153846152 0.484375 0.03125 0.08413461538461539
0 0.06129807692307692 0.45552884615384615 0.09134615384615384 0.0889423076923077
0 0.1346153846153846 0.48677884615384615 0.06490384615384616 0.057692307692307696
0 0.16346153846153846 0.5204326923076923 0.07692307692307693 0.052884615384615384
0 0.010817307692307692 0.40384615384615385 0.016826923076923076 0.08173076923076923
0 0.052884615384615384 0.39903846153846156 0.0673076923076923 0.057692307692307696
0 0.12980769230769232 0.4014423076923077 0.07692307692307693 0.04326923076923077
0 0.15745192307692307 0.4423076923076923 0.07932692307692307 0.0625
0 0.2247596153846154 0.49278846153846156 0.0625 0.057692307692307696
0 0.23918269230769232 0.4326923076923077 0.0673076923076923 0.052884615384615384
0 0.24158653846153846 0.37740384615384615 0.06490384615384616 0.04807692307692308
0 0.32091346153846156 0.4014423076923077 0.07932692307692307 0.0625
0 0.17908653846153846 0.39302884615384615 0.0625 0.04807692307692308
0 0.10817307692307693 0.359375 0.06490384615384616 0.052884615384615384
0 0.15625 0.3485576923076923 0.06971153846153846 0.08173076923076923
0 0.18389423076923078 0.3076923076923077 0.06490384615384616 0.0625
0 0.23918269230769232 0.328125 0.0625 0.052884615384615384
0 0.28125 0.31009615384615385 0.07692307692307693 0.07692307692307693
0 0.3293269230769231 0.33653846153846156 0.06490384615384616 0.0673076923076923
0 0.3701923076923077 0.3641826923076923 0.057692307692307696 0.04326923076923077
0 0.4050480769230769 0.31009615384615385 0.06490384615384616 0.04807692307692308
0 0.42427884615384615 0.2860576923076923 0.04807692307692308 0.052884615384615384
0 0.3762019230769231 0.25240384615384615 0.052884615384615384 0.04807692307692308
0 0.33052884615384615 0.234375 0.052884615384615384 0.04326923076923077
0 0.08413461538461539 0.29447115384615385 0.07692307692307693 0.0673076923076923
0 0.14783653846153846 0.2704326923076923 0.0625 0.04326923076923077
0 0.21514423076923078 0.25721153846153844 0.04807692307692308 0.04807692307692308
0 0.2548076923076923 0.24759615384615385 0.028846153846153848 0.036057692307692304
0 0.06850961538461539 0.23197115384615385 0.052884615384615384 0.057692307692307696
0 0.12980769230769232 0.23918269230769232 0.0673076923076923 0.04326923076923077
0 0.15625 0.20793269230769232 0.07692307692307693 0.04326923076923077
0 0.20552884615384615 0.19471153846153846 0.04567307692307692 0.057692307692307696
0 0.2512019230769231 0.21394230769230768 0.052884615384615384 0.052884615384615384
0 0.2704326923076923 0.18990384615384615 0.0673076923076923 0.0673076923076923
0 0.3137019230769231 0.171875 0.055288461538461536 0.052884615384615384
0 0.22596153846153846 0.140625 0.057692307692307696 0.04326923076923077
0 0.28365384615384615 0.13221153846153846 0.04326923076923077 0.057692307692307696
0 0.2980769230769231 0.109375 0.026442307692307692 0.052884615384615384
0 0.21634615384615385 0.09615384615384616 0.052884615384615384 0.0673076923076923
0 0.25841346153846156 0.08052884615384616 0.04567307692307692 0.0673076923076923
0 0.34975961538461536 0.11778846153846154 0.04567307692307692 0.04807692307692308
0 0.3629807692307692 0.028846153846153848 0.06490384615384616 0.04807692307692308
0 0.3629807692307692 0.055288461538461536 0.06490384615384616 0.036057692307692304
0 0.3137019230769231 0.019230769230769232 0.05048076923076923 0.03365384615384615
0 0.3786057692307692 0.007211538461538462 0.026442307692307692 0.009615384615384616
0 0.3954326923076923 0.010817307692307692 0.04567307692307692 0.019230769230769232