0 0.5384615384615384 0.8990384615384616 0.3317307692307692 0.1971153846153846
0 0.4639423076923077 0.7139423076923077 0.3245192307692308 0.22596153846153846
0 0.6538461538461539 0.6526442307692307 0.2860576923076923 0.20192307692307693
0 0.7608173076923077 0.7932692307692307 0.24759615384615385 0.18990384615384615
0 0.84375 0.6033653846153846 0.22596153846153846 0.16346153846153846
0 0.8329326923076923 0.38100961538461536 0.18269230769230768 0.15865384615384615
0 0.7992788461538461 0.2247596153846154 0.23557692307692307 0.16826923076923078
0 0.7692307692307693 0.4543269230769231 0.1875 0.20673076923076922
0 0.6069711538461539 0.20673076923076922 0.19230769230769232 0.21153846153846154
0 0.609375 0.41346153846153844 0.14423076923076922 0.21153846153846154
0 0.4483173076923077 0.47115384615384615 0.27884615384615385 0.2548076923076923
0 0.4254807692307692 0.2403846153846154 0.25961538461538464 0.25721153846153844
0 0.17548076923076922 0.32211538461538464 0.34134615384615385 0.28846153846153844
0 0.21754807692307693 0.6634615384615384 0.36778846153846156 0.2692307692307692