0 0.30649038461538464 0.2932692307692308 0.1778846153846154 0.23076923076923078
0 0.39903846153846156 0.43990384615384615 0.17548076923076922 0.25
0 0.23197115384615385 0.5733173076923077 0.20673076923076922 0.28846153846153844
0 0.18870192307692307 0.609375 0.1875 0.5480769230769231
0 0.4254807692307692 0.23076923076923078 0.12980769230769232 0.07211538461538461
0 0.5661057692307693 0.3004807692307692 0.1971153846153846 0.23557692307692307
0 0.6790865384615384 0.15745192307692307 0.17067307692307693 0.125
0 0.5889423076923077 0.1466346153846154 0.0625 0.10576923076923077
0 0.7620192307692307 0.4891826923076923 0.22596153846153846 0.07692307692307693
0 0.7355769230769231 0.3954326923076923 0.2403846153846154 0.3293269230769231
0 0.5300480769230769 0.4182692307692308 0.24759615384615385 0.34615384615384615
0 0.640625 0.6550480769230769 0.1778846153846154 0.22115384615384615
0 0.6730769230769231 0.8064903846153846 0.12980769230769232 0.16826923076923078
0 0.6538461538461539 0.8774038461538461 0.0985576923076923 0.057692307692307696
0 0.5853365384615384 0.8774038461538461 0.0625 0.057692307692307696
0 0.6935096153846154 0.9507211538461539 0.11057692307692307 0.07692307692307693
0 0.5324519230769231 0.7728365384615384 0.1201923076923077 0.15144230769230768
0 0.5132211538461539 0.6730769230769231 0.15384615384615385 0.17307692307692307
0 0.43509615384615385 0.8930288461538461 0.10096153846153846 0.10096153846153846
0 0.3233173076923077 0.9314903846153846 0.14423076923076922 0.1346153846153846
0 0.39302884615384615 0.7644230769230769 0.1875 0.2403846153846154
0 0.24158653846153846 0.8173076923076923 0.17067307692307693 0.22115384615384615
0 0.4206730769230769 0.9675480769230769 0.1346153846153846 0.06009615384615385
0 0.5228365384615384 0.9074519230769231 0.11298076923076923 0.18028846153846154
0 0.6045673076923077 0.9519230769230769 0.06490384615384616 0.09134615384615384
0 0.6574519230769231 0.9098557692307693 0.10817307692307693 0.17548076923076922
0 0.6754807692307693 0.7980769230769231 0.15625 0.10096153846153846
0 0.3762019230769231 0.6021634615384616 0.11538461538461539 0.08413461538461539
0 0.8209134615384616 0.6177884615384616 0.20673076923076922 0.1346153846153846
0 0.7451923076923077 0.6935096153846154 0.10576923076923077 0.21634615384615385
0 0.8521634615384616 0.7752403846153846 0.13701923076923078 0.16826923076923078
0 0.7680288461538461 0.8954326923076923 0.13701923076923078 0.16826923076923078
0 0.8545673076923077 0.9326923076923077 0.10817307692307693 0.12980769230769232
0 0.765625 0.21514423076923078 0.07932692307692307 0.08413461538461539
0 0.6694711538461539 0.2536057692307692 0.0625 0.04807692307692308
5 0.8882211538461539 0.5456730769230769 0.21875 0.9038461538461539
5 0.1310096153846154 0.5432692307692307 0.25721153846153844 0.9086538461538461
4 0.39783653846153844 0.13822115384615385 0.3701923076923077 0.10096153846153846
4 0.15625 0.2956730769230769 0.11538461538461539 0.34134615384615385
4 0.3786057692307692 0.6069711538461539 0.10096153846153846 0.09375
4 0.14302884615384615 0.7379807692307693 0.026442307692307692 0.11538461538461539