0 0.9459134615384616 0.4879807692307692 0.052884615384615384 0.07692307692307693
0 0.9663461538461539 0.45913461538461536 0.052884615384615384 0.07692307692307693
0 0.9747596153846154 0.39903846153846156 0.04326923076923077 0.11298076923076923
0 0.9867788461538461 0.49399038461538464 0.019230769230769232 0.06490384615384616
0 0.9314903846153846 0.16826923076923078 0.07211538461538461 0.1346153846153846
0 0.9074519230769231 0.25721153846153844 0.0625 0.10096153846153846
0 0.8822115384615384 0.31971153846153844 0.06009615384615385 0.08173076923076923
0 0.8653846153846154 0.3786057692307692 0.06009615384615385 0.08173076923076923
0 0.8461538461538461 0.42908653846153844 0.052884615384615384 0.07692307692307693
0 0.8569711538461539 0.16826923076923078 0.07211538461538461 0.125
0 0.8425480769230769 0.25721153846153844 0.07211538461538461 0.0889423076923077
0 0.8173076923076923 0.31971153846153844 0.0625 0.07211538461538461
0 0.8040865384615384 0.3762019230769231 0.057692307692307696 0.06490384615384616
0 0.7824519230769231 0.4230769230769231 0.052884615384615384 0.06490384615384616
0 0.7175480769230769 0.42908653846153844 0.06009615384615385 0.052884615384615384
0 0.7283653846153846 0.3762019230769231 0.0673076923076923 0.07692307692307693
0 0.7536057692307693 0.32211538461538464 0.07211538461538461 0.0889423076923077
0 0.7632211538461539 0.2512019230769231 0.0625 0.0889423076923077
0 0.7824519230769231 0.171875 0.07211538461538461 0.14182692307692307
0 0.7043269230769231 0.16826923076923078 0.07211538461538461 0.125
0 0.6947115384615384 0.2512019230769231 0.0673076923076923 0.0889423076923077
0 0.6814903846153846 0.31971153846153844 0.06009615384615385 0.08173076923076923
0 0.6646634615384616 0.36658653846153844 0.052884615384615384 0.08173076923076923
0 0.6538461538461539 0.41466346153846156 0.052884615384615384 0.057692307692307696
0 0.5973557692307693 0.4230769230769231 0.052884615384615384 0.07692307692307693
0 0.6045673076923077 0.3701923076923077 0.06009615384615385 0.07692307692307693
0 0.609375 0.3161057692307692 0.0625 0.07692307692307693
0 0.6141826923076923 0.2608173076923077 0.07451923076923077 0.08173076923076923
0 0.6274038461538461 0.1622596153846154 0.07451923076923077 0.125
0 0.5480769230769231 0.16826923076923078 0.07692307692307693 0.125
0 0.5384615384615384 0.2512019230769231 0.07211538461538461 0.0889423076923077
0 0.5372596153846154 0.3161057692307692 0.06009615384615385 0.06490384615384616
0 0.5336538461538461 0.3786057692307692 0.052884615384615384 0.057692307692307696
0 0.5300480769230769 0.4254807692307692 0.06009615384615385 0.057692307692307696
0 0.5516826923076923 0.5084134615384616 0.05048076923076923 0.08173076923076923
0 0.5985576923076923 0.5120192307692307 0.028846153846153848 0.07692307692307693
0 0.8040865384615384 0.5180288461538461 0.016826923076923076 0.06490384615384616
0 0.43509615384615385 0.5084134615384616 0.04326923076923077 0.09615384615384616
0 0.8064903846153846 0.6514423076923077 0.028846153846153848 0.08413461538461539
0 0.7932692307692307 0.7127403846153846 0.016826923076923076 0.052884615384615384
0 0.7463942307692307 0.7932692307692307 0.028846153846153848 0.02403846153846154
0 0.7019230769230769 0.7932692307692307 0.026442307692307692 0.02403846153846154
0 0.6574519230769231 0.7956730769230769 0.040865384615384616 0.028846153846153848
0 0.6057692307692307 0.7872596153846154 0.038461538461538464 0.04807692307692308
0 0.5973557692307693 0.7548076923076923 0.014423076923076924 0.028846153846153848
0 0.6021634615384616 0.71875 0.009615384615384616 0.028846153846153848
0 0.5733173076923077 0.6538461538461539 0.04807692307692308 0.07692307692307693
0 0.5733173076923077 0.6983173076923077 0.040865384615384616 0.04807692307692308
0 0.5625 0.7367788461538461 0.04326923076923077 0.052884615384615384
0 0.5600961538461539 0.7776442307692307 0.040865384615384616 0.052884615384615384
0 0.5240384615384616 0.6514423076923077 0.04807692307692308 0.08173076923076923
0 0.5168269230769231 0.7103365384615384 0.040865384615384616 0.04807692307692308
0 0.5132211538461539 0.7307692307692307 0.040865384615384616 0.052884615384615384
0 0.5096153846153846 0.7776442307692307 0.040865384615384616 0.052884615384615384
0 0.18269230769230768 0.5060096153846154 0.057692307692307696 0.0889423076923077
0 0.6454326923076923 0.890625 0.04326923076923077 0.07692307692307693
0 0.6899038461538461 0.890625 0.04326923076923077 0.07692307692307693
0 0.7331730769230769 0.8870192307692307 0.038461538461538464 0.07211538461538461
0 0.7175480769230769 0.9314903846153846 0.03365384615384615 0.06490384615384616
0 0.6995192307692307 0.9699519230769231 0.028846153846153848 0.04807692307692308
0 0.6742788461538461 0.9435096153846154 0.03365384615384615 0.040865384615384616
0 0.6610576923076923 0.9783653846153846 0.028846153846153848 0.038461538461538464
0 0.6274038461538461 0.9759615384615384 0.03365384615384615 0.036057692307692304
0 0.6322115384615384 0.9350961538461539 0.028846153846153848 0.057692307692307696
0 0.5973557692307693 0.890625 0.040865384615384616 0.06490384615384616
0 0.5901442307692307 0.9350961538461539 0.040865384615384616 0.036057692307692304
0 0.5865384615384616 0.9783653846153846 0.052884615384615384 0.038461538461538464
0 0.5540865384615384 0.9026442307692307 0.04807692307692308 0.06490384615384616
0 0.5480769230769231 0.9495192307692307 0.04326923076923077 0.028846153846153848
0 0.5480769230769231 0.9807692307692307 0.04326923076923077 0.03365384615384615
0 0.5072115384615384 0.8990384615384616 0.040865384615384616 0.057692307692307696
0 0.5048076923076923 0.9639423076923077 0.038461538461538464 0.057692307692307696
0 0.01201923076923077 0.3425480769230769 0.019230769230769232 0.0889423076923077
0 0.026442307692307692 0.39903846153846156 0.04807692307692308 0.11538461538461539
0 0.042067307692307696 0.5240384615384616 0.057692307692307696 0.0889423076923077
0 0.009615384615384616 0.5504807692307693 0.014423076923076924 0.07211538461538461
0 0.06370192307692307 0.5685096153846154 0.040865384615384616 0.04807692307692308
0 0.4411057692307692 0.6658653846153846 0.05048076923076923 0.07692307692307693
0 0.4483173076923077 0.7103365384615384 0.04326923076923077 0.036057692307692304
0 0.4495192307692308 0.7451923076923077 0.040865384615384616 0.036057692307692304
0 0.4543269230769231 0.7632211538461539 0.04326923076923077 0.036057692307692304
0 0.4519230769230769 0.7992788461538461 0.04326923076923077 0.036057692307692304
0 0.40384615384615385 0.7932692307692307 0.038461538461538464 0.036057692307692304
0 0.40384615384615385 0.7668269230769231 0.038461538461538464 0.040865384615384616
0 0.359375 0.7872596153846154 0.040865384615384616 0.036057692307692304
0 0.31009615384615385 0.7896634615384616 0.04326923076923077 0.040865384615384616
0 0.26322115384615385 0.7872596153846154 0.028846153846153848 0.036057692307692304
0 0.21754807692307693 0.7127403846153846 0.019230769230769232 0.028846153846153848
0 0.21514423076923078 0.6478365384615384 0.021634615384615384 0.07692307692307693
0 0.17067307692307693 0.6658653846153846 0.055288461538461536 0.11298076923076923
0 0.20432692307692307 0.7451923076923077 0.04807692307692308 0.07211538461538461
0 0.21995192307692307 0.7872596153846154 0.038461538461538464 0.04807692307692308
0 0.44350961538461536 0.890625 0.03365384615384615 0.07692307692307693
0 0.4519230769230769 0.9375 0.028846153846153848 0.040865384615384616
0 0.4543269230769231 0.9735576923076923 0.038461538461538464 0.040865384615384616
0 0.4026442307692308 0.9026442307692307 0.03365384615384615 0.07692307692307693
0 0.4074519230769231 0.9639423076923077 0.028846153846153848 0.036057692307692304
0 0.35216346153846156 0.8966346153846154 0.03365384615384615 0.06490384615384616
0 0.36778846153846156 0.9350961538461539 0.028846153846153848 0.057692307692307696
0 0.3713942307692308 0.9735576923076923 0.028846153846153848 0.028846153846153848
0 0.31009615384615385 0.8966346153846154 0.038461538461538464 0.06490384615384616
0 0.3173076923076923 0.9495192307692307 0.038461538461538464 0.052884615384615384
0 0.3329326923076923 0.9723557692307693 0.036057692307692304 0.05048076923076923
0 0.28725961538461536 0.9783653846153846 0.03125 0.038461538461538464
0 0.27884615384615385 0.9411057692307693 0.03365384615384615 0.04807692307692308
0 0.26322115384615385 0.8966346153846154 0.038461538461538464 0.052884615384615384
0 0.21514423076923078 0.8870192307692307 0.040865384615384616 0.057692307692307696
0 0.23197115384615385 0.9290865384615384 0.040865384615384616 0.057692307692307696
0 0.23798076923076922 0.9615384615384616 0.03365384615384615 0.040865384615384616
0 0.2512019230769231 0.9807692307692307 0.040865384615384616 0.03365384615384615
0 0.44471153846153844 0.4206730769230769 0.057692307692307696 0.07211538461538461
0 0.44471153846153844 0.3641826923076923 0.0625 0.07692307692307693
0 0.44471153846153844 0.31009615384615385 0.07211538461538461 0.07692307692307693
0 0.44591346153846156 0.24879807692307693 0.0673076923076923 0.08173076923076923
0 0.43990384615384615 0.171875 0.08173076923076923 0.14182692307692307
0 0.35697115384615385 0.1658653846153846 0.06490384615384616 0.12980769230769232
0 0.36899038461538464 0.24879807692307693 0.0673076923076923 0.08173076923076923
0 0.3737980769230769 0.3161057692307692 0.0625 0.07692307692307693
0 0.3762019230769231 0.3641826923076923 0.06009615384615385 0.07692307692307693
0 0.3762019230769231 0.4206730769230769 0.06009615384615385 0.057692307692307696
0 0.3173076923076923 0.40865384615384615 0.05048076923076923 0.057692307692307696
0 0.25 0.41466346153846156 0.05048076923076923 0.04807692307692308
0 0.18509615384615385 0.4206730769230769 0.06009615384615385 0.08173076923076923
0 0.12139423076923077 0.41466346153846156 0.0673076923076923 0.08173076923076923
0 0.3016826923076923 0.3581730769230769 0.06009615384615385 0.07692307692307693
0 0.2956730769230769 0.31009615384615385 0.0673076923076923 0.07692307692307693
0 0.28846153846153844 0.24519230769230768 0.07451923076923077 0.07692307692307693
0 0.2824519230769231 0.171875 0.08173076923076923 0.12980769230769232
0 0.203125 0.16826923076923078 0.07692307692307693 0.125
0 0.2127403846153846 0.25721153846153844 0.07211538461538461 0.0889423076923077
0 0.22596153846153846 0.3076923076923077 0.07211538461538461 0.08413461538461539
0 0.23677884615384615 0.3581730769230769 0.07211538461538461 0.07692307692307693
0 0.16947115384615385 0.37259615384615385 0.05048076923076923 0.07211538461538461
0 0.14903846153846154 0.3161057692307692 0.0625 0.07692307692307693
0 0.13221153846153846 0.2512019230769231 0.07211538461538461 0.0889423076923077
0 0.12259615384615384 0.15625 0.07692307692307693 0.125
0 0.040865384615384616 0.16826923076923078 0.08173076923076923 0.14903846153846154
0 0.06490384615384616 0.24879807692307693 0.0625 0.08173076923076923
0 0.08052884615384616 0.3076923076923077 0.06009615384615385 0.07211538461538461
0 0.10096153846153846 0.3641826923076923 0.06009615384615385 0.07692307692307693
0 0.11899038461538461 0.4206730769230769 0.057692307692307696 0.07211538461538461
0 0.14783653846153846 0.7668269230769231 0.040865384615384616 0.07692307692307693
0 0.09375 0.7716346153846154 0.04807692307692308 0.0889423076923077
0 0.10216346153846154 0.6983173076923077 0.057692307692307696 0.057692307692307696
0 0.040865384615384616 0.7007211538461539 0.052884615384615384 0.06490384615384616
0 0.03485576923076923 0.7872596153846154 0.038461538461538464 0.04807692307692308
0 0.0625 0.7776442307692307 0.016826923076923076 0.028846153846153848
0 0.009615384615384616 0.7427884615384616 0.014423076923076924 0.13942307692307693
0 0.15384615384615385 0.9206730769230769 0.040865384615384616 0.052884615384615384
0 0.1045673076923077 0.9230769230769231 0.052884615384615384 0.04807692307692308
0 0.09014423076923077 0.9783653846153846 0.040865384615384616 0.038461538461538464
0 0.04807692307692308 0.9807692307692307 0.04326923076923077 0.03365384615384615
0 0.055288461538461536 0.9314903846153846 0.04326923076923077 0.052884615384615384
0 0.015625 0.9350961538461539 0.03125 0.04807692307692308
0 0.010817307692307692 0.9795673076923077 0.016826923076923076 0.036057692307692304