0 0.65625 0.8641826923076923 0.14423076923076922 0.10336538461538461
0 0.6009615384615384 0.8930288461538461 0.1201923076923077 0.09134615384615384
0 0.5048076923076923 0.8413461538461539 0.08173076923076923 0.07211538461538461
0 0.734375 0.8028846153846154 0.16826923076923078 0.11778846153846154
0 0.6923076923076923 0.7536057692307693 0.15625 0.10336538461538461
0 0.5829326923076923 0.7752403846153846 0.09375 0.08413461538461539
0 0.4483173076923077 0.7704326923076923 0.08173076923076923 0.0673076923076923
0 0.46875 0.6971153846153846 0.1875 0.08173076923076923
0 0.5 0.7367788461538461 0.125 0.08413461538461539
0 0.3545673076923077 0.6875 0.052884615384615384 0.08413461538461539
0 0.45552884615384615 0.6177884615384616 0.15144230769230768 0.11538461538461539
0 0.609375 0.5805288461538461 0.16826923076923078 0.11538461538461539
0 0.6045673076923077 0.6754807692307693 0.15625 0.09134615384615384
0 0.7680288461538461 0.6778846153846154 0.16105769230769232 0.11057692307692307
0 0.7632211538461539 0.5444711538461539 0.18269230769230768 0.1346153846153846
0 0.6514423076923077 0.4831730769230769 0.14423076923076922 0.11778846153846154
0 0.7451923076923077 0.4411057692307692 0.15625 0.09615384615384616
0 0.7079326923076923 0.33774038461538464 0.1875 0.11057692307692307
0 0.6009615384615384 0.3954326923076923 0.15144230769230768 0.10336538461538461
0 0.49759615384615385 0.484375 0.18269230769230768 0.15865384615384615
0 0.5805288461538461 0.2860576923076923 0.19230769230769232 0.12980769230769232
0 0.7115384615384616 0.25600961538461536 0.1201923076923077 0.0625
0 0.6382211538461539 0.16826923076923078 0.17307692307692307 0.11538461538461539
0 0.48677884615384615 0.19110576923076922 0.13942307692307693 0.11538461538461539
0 0.5733173076923077 0.09134615384615384 0.15625 0.10576923076923077
0 0.5024038461538461 0.08533653846153846 0.1201923076923077 0.10336538461538461
0 0.38822115384615385 0.1971153846153846 0.0673076923076923 0.057692307692307696
0 0.43028846153846156 0.25961538461538464 0.1201923076923077 0.0673076923076923
0 0.453125 0.32211538461538464 0.07211538461538461 0.07211538461538461
0 0.3641826923076923 0.39903846153846156 0.14423076923076922 0.11778846153846154
0 0.37740384615384615 0.3173076923076923 0.07692307692307693 0.04567307692307692
0 0.2764423076923077 0.41466346153846156 0.04326923076923077 0.04807692307692308
0 0.3016826923076923 0.49278846153846156 0.14423076923076922 0.09134615384615384
0 0.39302884615384615 0.5360576923076923 0.0985576923076923 0.08173076923076923
0 0.33653846153846156 0.5949519230769231 0.0889423076923077 0.10096153846153846