0 0.38221153846153844 0.15144230769230768 0.27403846153846156 0.1778846153846154
0 0.43149038461538464 0.04927884615384615 0.11538461538461539 0.0889423076923077
0 0.3173076923076923 0.09134615384615384 0.15384615384615385 0.17307692307692307
0 0.24278846153846154 0.1045673076923077 0.15384615384615385 0.19951923076923078
0 0.11538461538461539 0.09134615384615384 0.1778846153846154 0.17307692307692307
0 0.09735576923076923 0.109375 0.14182692307692307 0.2091346153846154
0 0.13581730769230768 0.22716346153846154 0.11057692307692307 0.09615384615384616
0 0.36658653846153844 0.2403846153846154 0.2620192307692308 0.1346153846153846
0 0.3329326923076923 0.33533653846153844 0.16826923076923078 0.2091346153846154
0 0.5360576923076923 0.38221153846153844 0.3317307692307692 0.15865384615384615
0 0.6538461538461539 0.33052884615384615 0.3293269230769231 0.1466346153846154
0 0.6550480769230769 0.23557692307692307 0.37740384615384615 0.16826923076923078
0 0.6550480769230769 0.10697115384615384 0.3317307692307692 0.20432692307692307
0 0.8221153846153846 0.3329326923076923 0.34615384615384615 0.1778846153846154
0 0.6646634615384616 0.44711538461538464 0.28846153846153844 0.13942307692307693
0 0.49759615384615385 0.48677884615384615 0.43509615384615385 0.17307692307692307
0 0.4182692307692308 0.578125 0.3125 0.125
0 0.45552884615384615 0.7067307692307693 0.18269230769230768 0.1778846153846154
0 0.7355769230769231 0.6466346153846154 0.5192307692307693 0.24519230769230768
0 0.8088942307692307 0.6983173076923077 0.375 0.16105769230769232
0 0.7716346153846154 0.5817307692307693 0.27884615384615385 0.125
0 0.7620192307692307 0.8737980769230769 0.19230769230769232 0.21875
0 0.7403846153846154 0.9543269230769231 0.15865384615384615 0.08653846153846154
0 0.6117788461538461 0.9362980769230769 0.12740384615384615 0.12259615384615384
0 0.5072115384615384 0.9567307692307693 0.10096153846153846 0.08173076923076923
0 0.8329326923076923 0.07091346153846154 0.27163461538461536 0.1346153846153846
0 0.9086538461538461 0.19951923076923078 0.17307692307692307 0.31971153846153844
0 0.9735576923076923 0.042067307692307696 0.04326923076923077 0.07692307692307693
0 0.9182692307692307 0.5048076923076923 0.15384615384615385 0.24519230769230768
0 0.9110576923076923 0.7572115384615384 0.16826923076923078 0.27163461538461536
0 0.9266826923076923 0.9435096153846154 0.14182692307692307 0.10817307692307693
0 0.04927884615384615 0.9579326923076923 0.09375 0.07932692307692307
0 0.10576923076923077 0.9735576923076923 0.057692307692307696 0.04807692307692308
0 0.2776442307692308 0.5901442307692307 0.4254807692307692 0.8149038461538461
0 0.042067307692307696 0.5516826923076923 0.07932692307692307 0.7427884615384616
0 0.4987980769230769 0.5012019230769231 0.9927884615384616 0.9927884615384616