0 0.30288461538461536 0.6658653846153846 0.3125 0.41346153846153844
0 0.4807692307692308 0.3076923076923077 0.44711538461538464 0.3605769230769231
0 0.6201923076923077 0.16346153846153846 0.3125 0.23317307692307693
0 0.7896634615384616 0.2692307692307692 0.20192307692307693 0.23317307692307693
0 0.6262019230769231 0.4639423076923077 0.3317307692307692 0.25961538461538464
0 0.6478365384615384 0.7223557692307693 0.37740384615384615 0.28846153846153844
0 0.8329326923076923 0.5168269230769231 0.125 0.20192307692307693
0 0.8064903846153846 0.7524038461538461 0.27884615384615385 0.2764423076923077
0 0.9050480769230769 0.3918269230769231 0.18509615384615385 0.2403846153846154
0 0.8641826923076923 0.07211538461538461 0.2668269230769231 0.13942307692307693
0 0.8930288461538461 0.14783653846153846 0.21153846153846154 0.09134615384615384
0 0.9338942307692307 0.3088942307692308 0.12980769230769232 0.2548076923076923
0 0.8798076923076923 0.2776442307692308 0.12980769230769232 0.19951923076923078
0 0.9026442307692307 0.5348557692307693 0.18990384615384615 0.2283653846153846