0 0.1622596153846154 0.22235576923076922 0.2091346153846154 0.43509615384615385
0 0.3954326923076923 0.20432692307692307 0.38221153846153844 0.4014423076923077
0 0.59375 0.24879807692307693 0.5913461538461539 0.49038461538461536
0 0.8822115384615384 0.41947115384615385 0.22596153846153846 0.4326923076923077
0 0.890625 0.18870192307692307 0.2091346153846154 0.3701923076923077
0 0.7487980769230769 0.2283653846153846 0.2980769230769231 0.4495192307692308
0 0.4987980769230769 0.39302884615384615 0.9927884615384616 0.33413461538461536
0 0.03245192307692308 0.16947115384615385 0.06009615384615385 0.13701923076923078
0 0.17427884615384615 0.6850961538461539 0.34375 0.625
0 0.5444711538461539 0.6838942307692307 0.9038461538461539 0.6298076923076923
0 0.6670673076923077 0.6730769230769231 0.6586538461538461 0.6105769230769231
0 0.5444711538461539 0.9194711538461539 0.30528846153846156 0.15865384615384615
0 0.2848557692307692 0.875 0.44471153846153844 0.15144230769230768
0 0.17908653846153846 0.6850961538461539 0.35336538461538464 0.14903846153846154
0 0.09615384615384616 0.8197115384615384 0.1466346153846154 0.1201923076923077
0 0.027644230769230768 0.8605769230769231 0.05048076923076923 0.27403846153846156