0 0.4375 0.27524038461538464 0.4855769230769231 0.2668269230769231
0 0.421875 0.23557692307692307 0.25721153846153844 0.125
0 0.6153846153846154 0.6778846153846154 0.038461538461538464 0.057692307692307696
0 0.5997596153846154 0.6262019230769231 0.036057692307692304 0.04326923076923077
0 0.5973557692307693 0.5757211538461539 0.038461538461538464 0.04807692307692308
0 0.5889423076923077 0.515625 0.04807692307692308 0.052884615384615384
0 0.5817307692307693 0.46033653846153844 0.04326923076923077 0.057692307692307696
0 0.5757211538461539 0.40865384615384615 0.04807692307692308 0.052884615384615384
0 0.6826923076923077 0.43990384615384615 0.04807692307692308 0.052884615384615384
0 0.7019230769230769 0.3894230769230769 0.052884615384615384 0.038461538461538464
0 0.6995192307692307 0.35336538461538464 0.021634615384615384 0.021634615384615384
0 0.7439903846153846 0.44471153846153844 0.03125 0.04326923076923077
0 0.6935096153846154 0.5204326923076923 0.036057692307692304 0.04326923076923077
0 0.7043269230769231 0.5661057692307693 0.038461538461538464 0.021634615384615384
0 0.5841346153846154 0.5528846153846154 0.12980769230769232 0.4230769230769231
0 0.5204326923076923 0.5961538461538461 0.15144230769230768 0.47115384615384615
0 0.45552884615384615 0.4026442307692308 0.08413461538461539 0.11057692307692307
0 0.44471153846153844 0.5600961538461539 0.39903846153846156 0.5961538461538461
0 0.45072115384615385 0.6598557692307693 0.28846153846153844 0.35096153846153844
0 0.2848557692307692 0.48197115384615385 0.1346153846153846 0.49278846153846156
0 0.37740384615384615 0.7439903846153846 0.0625 0.24519230769230768
0 0.5024038461538461 0.8173076923076923 0.1346153846153846 0.14182692307692307