0 0.09735576923076923 0.4651442307692308 0.18509615384615385 0.24278846153846154
0 0.20673076923076922 0.6213942307692307 0.2692307692307692 0.13942307692307693
0 0.17307692307692307 0.7475961538461539 0.20192307692307693 0.15865384615384615
0 0.33774038461538464 0.6850961538461539 0.18028846153846154 0.1201923076923077
0 0.3473557692307692 0.8112980769230769 0.18028846153846154 0.125
0 0.546875 0.7007211538461539 0.23557692307692307 0.17307692307692307
0 0.43028846153846156 0.5733173076923077 0.17067307692307693 0.1346153846153846
0 0.27283653846153844 0.45913461538461536 0.20673076923076922 0.20192307692307693
0 0.1466346153846154 0.25721153846153844 0.28365384615384615 0.1971153846153846
0 0.29086538461538464 0.22596153846153846 0.09615384615384616 0.0673076923076923
0 0.30649038461538464 0.296875 0.04807692307692308 0.04807692307692308
0 0.32211538461538464 0.3629807692307692 0.13942307692307693 0.08653846153846154
0 0.4230769230769231 0.453125 0.25721153846153844 0.1658653846153846
0 0.3786057692307692 0.2800480769230769 0.10817307692307693 0.17307692307692307
0 0.5588942307692307 0.2860576923076923 0.28365384615384615 0.23076923076923078
0 0.6418269230769231 0.1778846153846154 0.18028846153846154 0.125
0 0.8509615384615384 0.21754807692307693 0.2692307692307692 0.23557692307692307
0 0.7247596153846154 0.28725961538461536 0.0673076923076923 0.09615384615384616
0 0.7139423076923077 0.38461538461538464 0.14903846153846154 0.09615384615384616
0 0.8810096153846154 0.42427884615384615 0.23557692307692307 0.24759615384615385
0 0.765625 0.5516826923076923 0.33653846153846156 0.2692307692307692
0 0.6370192307692307 0.44591346153846156 0.15865384615384615 0.10576923076923077
0 0.5649038461538461 0.546875 0.09615384615384616 0.10576923076923077
0 0.5408653846153846 0.5829326923076923 0.07211538461538461 0.08653846153846154
0 0.6033653846153846 0.8185096153846154 0.15384615384615385 0.11538461538461539
0 0.48197115384615385 0.7992788461538461 0.09615384615384616 0.10096153846153846
0 0.8341346153846154 0.8209134615384616 0.3269230769230769 0.2860576923076923
0 0.8629807692307693 0.6983173076923077 0.14903846153846154 0.10096153846153846
0 0.8966346153846154 0.6346153846153846 0.0625 0.05048076923076923