0 0.03245192307692308 0.953125 0.057692307692307696 0.08173076923076923
0 0.11057692307692307 0.9266826923076923 0.0673076923076923 0.09134615384615384
0 0.15985576923076922 0.9639423076923077 0.057692307692307696 0.06009615384615385
0 0.22235576923076922 0.9567307692307693 0.057692307692307696 0.07692307692307693
0 0.24158653846153846 0.828125 0.0673076923076923 0.10336538461538461
0 0.3545673076923077 0.8882211538461539 0.1201923076923077 0.18028846153846154
0 0.46875 0.8173076923076923 0.11538461538461539 0.18028846153846154
0 0.42908653846153844 0.9699519230769231 0.04326923076923077 0.04807692307692308
0 0.8834134615384616 0.17668269230769232 0.2283653846153846 0.35336538461538464
0 0.7764423076923077 0.3605769230769231 0.12740384615384615 0.1875
0 0.8617788461538461 0.6826923076923077 0.11057692307692307 0.15384615384615385
0 0.8052884615384616 0.7920673076923077 0.1201923076923077 0.20673076923076922
0 0.7307692307692307 0.9074519230769231 0.14423076923076922 0.17307692307692307
0 0.6394230769230769 0.9591346153846154 0.06490384615384616 0.07211538461538461
0 0.5733173076923077 0.9699519230769231 0.0673076923076923 0.04807692307692308
0 0.9519230769230769 0.8870192307692307 0.09615384615384616 0.22115384615384615
0 0.9735576923076923 0.9375 0.04807692307692308 0.11538461538461539
0 0.9278846153846154 0.8076923076923077 0.13942307692307693 0.3798076923076923
0 0.8305288461538461 0.9098557692307693 0.0673076923076923 0.16826923076923078
0 0.8617788461538461 0.4579326923076923 0.27163461538461536 0.30528846153846156
0 0.7271634615384616 0.4699519230769231 0.17307692307692307 0.3269230769230769
0 0.71875 0.49158653846153844 0.19230769230769232 0.3076923076923077
0 0.6947115384615384 0.49158653846153844 0.21153846153846154 0.3076923076923077
0 0.6947115384615384 0.5060096153846154 0.24759615384615385 0.27884615384615385
0 0.6923076923076923 0.5408653846153846 0.24519230769230768 0.23076923076923078
0 0.5060096153846154 0.9639423076923077 0.028846153846153848 0.038461538461538464
0 0.5132211538461539 0.9206730769230769 0.04326923076923077 0.07211538461538461
0 0.49038461538461536 0.9122596153846154 0.014423076923076924 0.03365384615384615
0 0.5360576923076923 0.9375 0.02403846153846154 0.06009615384615385
0 0.5649038461538461 0.9182692307692307 0.03365384615384615 0.0673076923076923
0 0.5528846153846154 0.8497596153846154 0.036057692307692304 0.07211538461538461
0 0.5420673076923077 0.8088942307692307 0.014423076923076924 0.04326923076923077
0 0.5564903846153846 0.7956730769230769 0.021634615384615384 0.038461538461538464
0 0.5709134615384616 0.7620192307692307 0.028846153846153848 0.06009615384615385
0 0.5841346153846154 0.71875 0.02403846153846154 0.04807692307692308
0 0.609375 0.6802884615384616 0.038461538461538464 0.038461538461538464
0 0.6382211538461539 0.6634615384615384 0.02403846153846154 0.038461538461538464
0 0.6730769230769231 0.6778846153846154 0.036057692307692304 0.052884615384615384
0 0.6478365384615384 0.7019230769230769 0.036057692307692304 0.04807692307692308
0 0.6394230769230769 0.7487980769230769 0.04326923076923077 0.052884615384615384
0 0.6129807692307693 0.7211538461538461 0.03365384615384615 0.052884615384615384
0 0.5985576923076923 0.7572115384615384 0.03365384615384615 0.06009615384615385
0 0.5805288461538461 0.8088942307692307 0.038461538461538464 0.04326923076923077
0 0.6141826923076923 0.8028846153846154 0.036057692307692304 0.0673076923076923
0 0.5877403846153846 0.8557692307692307 0.038461538461538464 0.06009615384615385
0 0.5997596153846154 0.9158653846153846 0.036057692307692304 0.07211538461538461
0 0.6418269230769231 0.8882211538461539 0.03365384615384615 0.04807692307692308
0 0.6213942307692307 0.8557692307692307 0.028846153846153848 0.04807692307692308
0 0.6622596153846154 0.8689903846153846 0.028846153846153848 0.04326923076923077
0 0.6514423076923077 0.8221153846153846 0.036057692307692304 0.07211538461538461
0 0.6911057692307693 0.8365384615384616 0.04326923076923077 0.07692307692307693
0 0.6658653846153846 0.7596153846153846 0.04326923076923077 0.0673076923076923
0 0.6995192307692307 0.7680288461538461 0.02403846153846154 0.06009615384615385
0 0.6923076923076923 0.7211538461538461 0.04807692307692308 0.052884615384615384
0 0.6923076923076923 0.65625 0.052884615384615384 0.08653846153846154
0 0.734375 0.6995192307692307 0.04326923076923077 0.052884615384615384
0 0.7307692307692307 0.7728365384615384 0.04326923076923077 0.09134615384615384
0 0.7379807692307693 0.6478365384615384 0.05048076923076923 0.06009615384615385
0 0.7151442307692307 0.5793269230769231 0.038461538461538464 0.0673076923076923
0 0.6850961538461539 0.5625 0.038461538461538464 0.0673076923076923
0 0.6490384615384616 0.609375 0.03365384615384615 0.04807692307692308
0 0.6237980769230769 0.609375 0.02403846153846154 0.028846153846153848
0 0.6057692307692307 0.6442307692307693 0.03365384615384615 0.052884615384615384
0 0.5685096153846154 0.6442307692307693 0.038461538461538464 0.0673076923076923
0 0.5673076923076923 0.5961538461538461 0.036057692307692304 0.04326923076923077
0 0.5540865384615384 0.5625 0.03365384615384615 0.04326923076923077
0 0.578125 0.5384615384615384 0.028846153846153848 0.04807692307692308
0 0.5985576923076923 0.5709134615384616 0.04807692307692308 0.06009615384615385
0 0.6165865384615384 0.5216346153846154 0.038461538461538464 0.038461538461538464
0 0.6490384615384616 0.5324519230769231 0.038461538461538464 0.06009615384615385