0 0.5685096153846154 0.20673076923076922 0.3605769230769231 0.25961538461538464
0 0.4230769230769231 0.27403846153846156 0.038461538461538464 0.06009615384615385
0 0.3858173076923077 0.30649038461538464 0.057692307692307696 0.09134615384615384
0 0.3473557692307692 0.27163461538461536 0.04807692307692308 0.07692307692307693
0 0.3762019230769231 0.22596153846153846 0.06971153846153846 0.08173076923076923
0 0.3762019230769231 0.13341346153846154 0.0985576923076923 0.10336538461538461
0 0.6959134615384616 0.6634615384615384 0.07692307692307693 0.10817307692307693
0 0.6814903846153846 0.5817307692307693 0.09134615384615384 0.06490384615384616
0 0.6201923076923077 0.5865384615384616 0.038461538461538464 0.04326923076923077
0 0.6141826923076923 0.625 0.028846153846153848 0.03365384615384615
0 0.5817307692307693 0.6009615384615384 0.036057692307692304 0.04807692307692308
0 0.5649038461538461 0.5685096153846154 0.03365384615384615 0.016826923076923076
0 0.5456730769230769 0.5901442307692307 0.028846153846153848 0.038461538461538464
0 0.5637019230769231 0.6225961538461539 0.036057692307692304 0.028846153846153848
0 0.6526442307692307 0.7307692307692307 0.14182692307692307 0.18990384615384615
0 0.6814903846153846 0.7608173076923077 0.16346153846153846 0.2283653846153846
0 0.5817307692307693 0.7331730769230769 0.09615384615384616 0.07692307692307693
0 0.5492788461538461 0.7884615384615384 0.04326923076923077 0.15384615384615385
0 0.5877403846153846 0.6850961538461539 0.0673076923076923 0.08653846153846154
0 0.5060096153846154 0.6550480769230769 0.11057692307692307 0.125
0 0.5096153846153846 0.8365384615384616 0.1971153846153846 0.2403846153846154
0 0.4266826923076923 0.7475961538461539 0.09134615384615384 0.125
0 0.3545673076923077 0.7007211538461539 0.15625 0.16346153846153846
0 0.46033653846153844 0.6117788461538461 0.0985576923076923 0.10336538461538461
0 0.4074519230769231 0.5973557692307693 0.05048076923076923 0.06490384615384616
0 0.3557692307692308 0.625 0.08173076923076923 0.08653846153846154
0 0.33653846153846156 0.5865384615384616 0.08413461538461539 0.04326923076923077
0 0.33774038461538464 0.8365384615384616 0.036057692307692304 0.17307692307692307
0 0.36899038461538464 0.8125 0.026442307692307692 0.08173076923076923
0 0.3269230769230769 0.8425480769230769 0.021634615384615384 0.18509615384615385
0 0.3269230769230769 0.8016826923076923 0.04326923076923077 0.125
0 0.3125 0.7884615384615384 0.04326923076923077 0.10817307692307693
2 0.796875 0.5757211538461539 0.057692307692307696 0.1971153846153846
2 0.7896634615384616 0.32091346153846156 0.11538461538461539 0.1971153846153846
2 0.2512019230769231 0.3918269230769231 0.1466346153846154 0.27163461538461536
2 0.15625 0.27403846153846156 0.08653846153846154 0.16826923076923078
2 0.20673076923076922 0.5240384615384616 0.11057692307692307 0.2980769230769231
3 0.8617788461538461 0.35336538461538464 0.06490384615384616 0.2403846153846154
3 0.7896634615384616 0.21514423076923078 0.08653846153846154 0.08173076923076923
3 0.22596153846153846 0.5516826923076923 0.07211538461538461 0.08173076923076923
3 0.19831730769230768 0.7043269230769231 0.0625 0.07211538461538461
1 0.5204326923076923 0.4266826923076923 0.5024038461538461 0.2980769230769231