0 0.44591346153846156 0.17668269230769232 0.14423076923076922 0.06009615384615385
0 0.5444711538461539 0.32211538461538464 0.125 0.08173076923076923
0 0.4110576923076923 0.3233173076923077 0.16826923076923078 0.10096153846153846
0 0.23798076923076922 0.3137019230769231 0.10576923076923077 0.06009615384615385
0 0.32091346153846156 0.27884615384615385 0.14423076923076922 0.057692307692307696
0 0.16706730769230768 0.3762019230769231 0.15384615384615385 0.06009615384615385
0 0.26802884615384615 0.3545673076923077 0.09615384615384616 0.07692307692307693
0 0.08052884615384616 0.421875 0.13701923076923078 0.09134615384615384
0 0.19591346153846154 0.41947115384615385 0.14423076923076922 0.0673076923076923
0 0.3629807692307692 0.40865384615384615 0.18990384615384615 0.09134615384615384
0 0.5600961538461539 0.41225961538461536 0.1778846153846154 0.08173076923076923
0 0.4254807692307692 0.47475961538461536 0.16105769230769232 0.10336538461538461
0 0.5949519230769231 0.4963942307692308 0.16826923076923078 0.10576923076923077
0 0.6995192307692307 0.5012019230769231 0.125 0.09615384615384616
0 0.23557692307692307 0.49278846153846156 0.17307692307692307 0.09375
0 0.04807692307692308 0.5805288461538461 0.09615384615384616 0.08653846153846154
0 0.3954326923076923 0.6778846153846154 0.18509615384615385 0.10336538461538461
0 0.5420673076923077 0.6153846153846154 0.18990384615384615 0.11538461538461539
0 0.5625 0.6947115384615384 0.18509615384615385 0.09615384615384616
0 0.6850961538461539 0.6069711538461539 0.1201923076923077 0.10096153846153846
0 0.4375 0.5721153846153846 0.11298076923076923 0.07692307692307693
0 0.30408653846153844 0.6213942307692307 0.10576923076923077 0.05048076923076923
0 0.2764423076923077 0.5697115384615384 0.13701923076923078 0.052884615384615384
0 0.18509615384615385 0.6105769230769231 0.14423076923076922 0.08653846153846154
0 0.27403846153846156 0.6983173076923077 0.20192307692307693 0.11057692307692307
0 0.12740384615384615 0.6947115384615384 0.11298076923076923 0.08173076923076923
0 0.039663461538461536 0.6274038461538461 0.07451923076923077 0.052884615384615384
0 0.036057692307692304 0.6983173076923077 0.07211538461538461 0.08173076923076923
0 0.07451923076923077 0.7752403846153846 0.10096153846153846 0.11057692307692307
0 0.18990384615384615 0.796875 0.14423076923076922 0.09375
0 0.2704326923076923 0.7800480769230769 0.16105769230769232 0.0673076923076923
0 0.44591346153846156 0.7620192307692307 0.18028846153846154 0.0625
0 0.33052884615384615 0.828125 0.125 0.0625