0 0.36658653846153844 0.35336538461538464 0.3076923076923077 0.25721153846153844
0 0.36658653846153844 0.16826923076923078 0.0985576923076923 0.07211538461538461
0 0.38822115384615385 0.09014423076923077 0.09375 0.08413461538461539
0 0.49278846153846156 0.08173076923076923 0.09375 0.052884615384615384
0 0.47475961538461536 0.14423076923076922 0.11057692307692307 0.08173076923076923
0 0.453125 0.203125 0.08413461538461539 0.06009615384615385
0 0.5841346153846154 0.1466346153846154 0.0985576923076923 0.0673076923076923
0 0.5564903846153846 0.21033653846153846 0.08413461538461539 0.08413461538461539
0 0.6117788461538461 0.24879807692307693 0.052884615384615384 0.04807692307692308
0 0.7980769230769231 0.2283653846153846 0.39903846153846156 0.3557692307692308
0 0.4230769230769231 0.265625 0.2932692307692308 0.20192307692307693
0 0.9086538461538461 0.45552884615384615 0.15384615384615385 0.27884615384615385
0 0.6778846153846154 0.5360576923076923 0.34615384615384615 0.5096153846153846
0 0.4879807692307692 0.6682692307692307 0.6298076923076923 0.3557692307692308
0 0.296875 0.7451923076923077 0.38461538461538464 0.3173076923076923
0 0.7271634615384616 0.8846153846153846 0.5408653846153846 0.23076923076923078
0 0.3629807692307692 0.9338942307692307 0.28846153846153844 0.12740384615384615