0 0.30288461538461536 0.8245192307692307 0.43028846153846156 0.34134615384615385
0 0.5877403846153846 0.8040865384615384 0.21153846153846154 0.20673076923076922
0 0.5360576923076923 0.5600961538461539 0.38461538461538464 0.32211538461538464
0 0.23317307692307693 0.5192307692307693 0.2932692307692308 0.33653846153846156
0 0.8305288461538461 0.8161057692307693 0.28846153846153844 0.3076923076923077
0 0.7463942307692307 0.6838942307692307 0.16826923076923078 0.25961538461538464
0 0.7740384615384616 0.5168269230769231 0.15384615384615385 0.14182692307692307
0 0.6382211538461539 0.3293269230769231 0.19951923076923078 0.17548076923076922
0 0.4026442307692308 0.27524038461538464 0.3317307692307692 0.28365384615384615
0 0.6081730769230769 0.13701923076923078 0.28365384615384615 0.21634615384615385
0 0.41947115384615385 0.07692307692307693 0.2860576923076923 0.14903846153846154
0 0.1814903846153846 0.28365384615384615 0.18990384615384615 0.5673076923076923
0 0.7560096153846154 0.3004807692307692 0.2403846153846154 0.3076923076923077
0 0.8822115384615384 0.4519230769230769 0.15384615384615385 0.11298076923076923
0 0.9026442307692307 0.5456730769230769 0.11298076923076923 0.05048076923076923
0 0.8870192307692307 0.6021634615384616 0.14423076923076922 0.10576923076923077
0 0.90625 0.6334134615384616 0.18269230769230768 0.34375
0 0.7752403846153846 0.3076923076923077 0.44471153846153844 0.6105769230769231
0 0.8461538461538461 0.12860576923076922 0.0625 0.05048076923076923
0 0.9158653846153846 0.2127403846153846 0.11778846153846154 0.14182692307692307
0 0.9627403846153846 0.2692307692307692 0.06971153846153846 0.07692307692307693
0 0.859375 0.0733173076923077 0.14903846153846154 0.09615384615384616