0 0.9314903846153846 0.4170673076923077 0.13221153846153846 0.19951923076923078
0 0.765625 0.27163461538461536 0.15384615384615385 0.20192307692307693
0 0.7139423076923077 0.1201923076923077 0.125 0.17548076923076922
0 0.6274038461538461 0.04567307692307692 0.125 0.07932692307692307
0 0.5360576923076923 0.10096153846153846 0.14903846153846154 0.18028846153846154
0 0.6045673076923077 0.19110576923076922 0.19951923076923078 0.21153846153846154
0 0.8016826923076923 0.4014423076923077 0.16346153846153846 0.15384615384615385
0 0.8822115384615384 0.5480769230769231 0.19230769230769232 0.2764423076923077
0 0.7079326923076923 0.5612980769230769 0.21634615384615385 0.4110576923076923
0 0.59375 0.41225961538461536 0.19230769230769232 0.2283653846153846
0 0.5036057692307693 0.2980769230769231 0.16826923076923078 0.17067307692307693
0 0.4567307692307692 0.1778846153846154 0.08413461538461539 0.11057692307692307
0 0.359375 0.1971153846153846 0.14182692307692307 0.15865384615384615
0 0.27163461538461536 0.15144230769230768 0.125 0.17548076923076922
0 0.14783653846153846 0.35336538461538464 0.28125 0.39903846153846156
0 0.36899038461538464 0.3798076923076923 0.16826923076923078 0.2283653846153846
0 0.20432692307692307 0.6730769230769231 0.3701923076923077 0.4855769230769231
0 0.4387019230769231 0.6947115384615384 0.2692307692307692 0.5048076923076923