0 0.9266826923076923 0.42788461538461536 0.040865384615384616 0.06971153846153846
0 0.8774038461538461 0.4579326923076923 0.0673076923076923 0.04326923076923077
0 0.9158653846153846 0.5 0.04807692307692308 0.052884615384615384
0 0.8689903846153846 0.5180288461538461 0.0673076923076923 0.057692307692307696
0 0.96875 0.22115384615384615 0.057692307692307696 0.27403846153846156
0 0.8858173076923077 0.08653846153846154 0.2091346153846154 0.16826923076923078
0 0.7704326923076923 0.234375 0.18269230769230768 0.2980769230769231
0 0.6274038461538461 0.18629807692307693 0.1201923076923077 0.19230769230769232
0 0.5348557692307693 0.4014423076923077 0.10096153846153846 0.6009615384615384
0 0.46875 0.2956730769230769 0.026442307692307692 0.07932692307692307
0 0.2800480769230769 0.2608173076923077 0.1658653846153846 0.46875
0 0.15985576923076922 0.2848557692307692 0.08173076923076923 0.1971153846153846
0 0.051682692307692304 0.20192307692307693 0.0985576923076923 0.2548076923076923
0 0.13581730769230768 0.0985576923076923 0.040865384615384616 0.06971153846153846
0 0.20552884615384615 0.12259615384615384 0.0985576923076923 0.16105769230769232
0 0.18629807692307693 0.021634615384615384 0.1346153846153846 0.04326923076923077
0 0.3233173076923077 0.027644230769230768 0.11778846153846154 0.05048076923076923
0 0.4387019230769231 0.036057692307692304 0.11778846153846154 0.0673076923076923
0 0.43149038461538464 0.17067307692307693 0.11538461538461539 0.18028846153846154
0 0.5600961538461539 0.06490384615384616 0.11538461538461539 0.125
0 0.6959134615384616 0.05889423076923077 0.12259615384615384 0.11538461538461539
0 0.8990384615384616 0.35336538461538464 0.028846153846153848 0.038461538461538464
0 0.8641826923076923 0.3701923076923077 0.040865384615384616 0.026442307692307692
0 0.8449519230769231 0.39663461538461536 0.026442307692307692 0.038461538461538464
0 0.8341346153846154 0.44711538461538464 0.026442307692307692 0.04326923076923077
0 0.8305288461538461 0.47596153846153844 0.019230769230769232 0.026442307692307692
0 0.8545673076923077 0.484375 0.02403846153846154 0.021634615384615384
0 0.8689903846153846 0.41225961538461536 0.02403846153846154 0.038461538461538464
0 0.8942307692307693 0.4230769230769231 0.026442307692307692 0.026442307692307692
0 0.9026442307692307 0.390625 0.02403846153846154 0.026442307692307692
0 0.9290865384615384 0.39302884615384615 0.02403846153846154 0.021634615384615384
0 0.9399038461538461 0.3798076923076923 0.028846153846153848 0.026442307692307692
0 0.9423076923076923 0.47596153846153844 0.009615384615384616 0.014423076923076924
0 0.671875 0.41225961538461536 0.06009615384615385 0.09134615384615384
0 0.6887019230769231 0.3245192307692308 0.009615384615384616 0.009615384615384616
0 0.6490384615384616 0.3425480769230769 0.028846153846153848 0.06971153846153846
0 0.5985576923076923 0.4254807692307692 0.009615384615384616 0.021634615384615384
0 0.4807692307692308 0.4675480769230769 0.007211538461538462 0.021634615384615384
0 0.43149038461538464 0.46274038461538464 0.040865384615384616 0.03365384615384615
0 0.421875 0.3641826923076923 0.04326923076923077 0.038461538461538464
0 0.3894230769230769 0.3858173076923077 0.019230769230769232 0.014423076923076924
0 0.41586538461538464 0.390625 0.019230769230769232 0.014423076923076924
0 0.35096153846153844 0.4074519230769231 0.014423076923076924 0.014423076923076924