0 0.5216346153846154 0.5829326923076923 0.40384615384615385 0.7163461538461539
0 0.35096153846153844 0.27403846153846156 0.5240384615384616 0.5384615384615384
0 0.6274038461538461 0.06971153846153846 0.15384615384615385 0.12980769230769232
0 0.7127403846153846 0.10216346153846154 0.057692307692307696 0.11778846153846154
0 0.8149038461538461 0.13942307692307693 0.19951923076923078 0.2692307692307692
0 0.9098557692307693 0.06129807692307692 0.08653846153846154 0.11298076923076923
0 0.9170673076923077 0.21995192307692307 0.10576923076923077 0.21634615384615385
0 0.8930288461538461 0.43509615384615385 0.19951923076923078 0.27884615384615385
0 0.8233173076923077 0.3173076923076923 0.15384615384615385 0.3125
0 0.6766826923076923 0.2548076923076923 0.14423076923076922 0.19951923076923078
0 0.7596153846153846 0.49759615384615385 0.13942307692307693 0.28365384615384615
0 0.8557692307692307 0.6394230769230769 0.09615384615384616 0.27884615384615385
0 0.8822115384615384 0.8112980769230769 0.057692307692307696 0.23557692307692307
0 0.7800480769230769 0.7764423076923077 0.15865384615384615 0.2956730769230769
0 0.8185096153846154 0.9182692307692307 0.13221153846153846 0.15865384615384615
0 0.6670673076923077 0.9038461538461539 0.28125 0.1875
0 0.32091346153846156 0.8221153846153846 0.07211538461538461 0.13942307692307693
0 0.27163461538461536 0.7800480769230769 0.0625 0.11778846153846154
0 0.31490384615384615 0.6478365384615384 0.11538461538461539 0.22115384615384615
0 0.23197115384615385 0.6069711538461539 0.0673076923076923 0.11778846153846154
0 0.20072115384615385 0.4807692307692308 0.04807692307692308 0.1778846153846154
0 0.13341346153846154 0.41947115384615385 0.11057692307692307 0.08653846153846154
0 0.1310096153846154 0.3004807692307692 0.09134615384615384 0.17307692307692307
0 0.125 0.17427884615384615 0.057692307692307696 0.1346153846153846
0 0.10697115384615384 0.056490384615384616 0.052884615384615384 0.10096153846153846
0 0.08173076923076923 0.1045673076923077 0.057692307692307696 0.19951923076923078
0 0.054086538461538464 0.3389423076923077 0.10576923076923077 0.23557692307692307
0 0.06129807692307692 0.2800480769230769 0.0625 0.08653846153846154
0 0.057692307692307696 0.19951923076923078 0.04807692307692308 0.07692307692307693
0 0.09615384615384616 0.30649038461538464 0.038461538461538464 0.09615384615384616
0 0.1045673076923077 0.5372596153846154 0.08653846153846154 0.13942307692307693
0 0.1658653846153846 0.7019230769230769 0.20673076923076922 0.2956730769230769
0 0.15264423076923078 0.5372596153846154 0.055288461538461536 0.22596153846153846
0 0.234375 0.8629807692307693 0.12980769230769232 0.1466346153846154