0 0.24158653846153846 0.11899038461538461 0.19230769230769232 0.18269230769230768
0 0.2692307692307692 0.14302884615384615 0.12980769230769232 0.10336538461538461
0 0.20432692307692307 0.20673076923076922 0.2283653846153846 0.11057692307692307
0 0.1466346153846154 0.2692307692307692 0.09615384615384616 0.17307692307692307
0 0.4675480769230769 0.9278846153846154 0.12980769230769232 0.11057692307692307
0 0.890625 0.08413461538461539 0.06971153846153846 0.10336538461538461
0 0.8701923076923077 0.09975961538461539 0.07932692307692307 0.07932692307692307
0 0.8112980769230769 0.07572115384615384 0.10096153846153846 0.08653846153846154
0 0.6790865384615384 0.0733173076923077 0.16346153846153846 0.08413461538461539
0 0.5793269230769231 0.06971153846153846 0.09615384615384616 0.08413461538461539
0 0.5901442307692307 0.14182692307692307 0.23557692307692307 0.21153846153846154
0 0.4206730769230769 0.125 0.17307692307692307 0.1778846153846154
0 0.45072115384615385 0.11778846153846154 0.09615384615384616 0.09134615384615384
0 0.4795673076923077 0.14302884615384615 0.125 0.21634615384615385
0 0.5997596153846154 0.2608173076923077 0.14423076923076922 0.10096153846153846
0 0.6935096153846154 0.40384615384615385 0.15384615384615385 0.20192307692307693
0 0.8112980769230769 0.4206730769230769 0.06971153846153846 0.08413461538461539
0 0.8028846153846154 0.3449519230769231 0.10576923076923077 0.11538461538461539
0 0.7764423076923077 0.27524038461538464 0.11057692307692307 0.055288461538461536
0 0.8088942307692307 0.22716346153846154 0.14423076923076922 0.19951923076923078
0 0.7415865384615384 0.203125 0.10096153846153846 0.11057692307692307
0 0.8112980769230769 0.5733173076923077 0.1201923076923077 0.12740384615384615
0 0.2860576923076923 0.7704326923076923 0.38461538461538464 0.34615384615384615
0 0.13942307692307693 0.5673076923076923 0.07932692307692307 0.16346153846153846
0 0.21875 0.5432692307692307 0.19951923076923078 0.14903846153846154
0 0.25600961538461536 0.46274038461538464 0.3317307692307692 0.17548076923076922
0 0.19110576923076922 0.3173076923076923 0.17307692307692307 0.1778846153846154
0 0.28846153846153844 0.2824519230769231 0.25961538461538464 0.1346153846153846
0 0.3137019230769231 0.37259615384615385 0.13942307692307693 0.10096153846153846
0 0.42788461538461536 0.4098557692307692 0.15865384615384615 0.12740384615384615
0 0.5024038461538461 0.3581730769230769 0.2283653846153846 0.21634615384615385
0 0.45552884615384615 0.5901442307692307 0.2932692307692308 0.2644230769230769
0 0.6694711538461539 0.5216346153846154 0.09615384615384616 0.11057692307692307
0 0.6742788461538461 0.6826923076923077 0.15384615384615385 0.3629807692307692
0 0.8004807692307693 0.7007211538461539 0.10096153846153846 0.15144230769230768
0 0.4651442307692308 0.9110576923076923 0.4735576923076923 0.17307692307692307
0 0.7932692307692307 0.4879807692307692 0.06490384615384616 0.052884615384615384
0 0.8858173076923077 0.4879807692307692 0.11057692307692307 0.15384615384615385
0 0.9230769230769231 0.4266826923076923 0.14423076923076922 0.08653846153846154
0 0.9230769230769231 0.38461538461538464 0.03365384615384615 0.028846153846153848
0 0.9230769230769231 0.3004807692307692 0.14423076923076922 0.15384615384615385
0 0.8629807692307693 0.12379807692307693 0.15384615384615385 0.2403846153846154
0 0.33774038461538464 0.7151442307692307 0.27884615384615385 0.2283653846153846
0 0.5348557692307693 0.7788461538461539 0.15384615384615385 0.16346153846153846
0 0.5817307692307693 0.6610576923076923 0.10096153846153846 0.12740384615384615