0 0.5204326923076923 0.41586538461538464 0.16826923076923078 0.24519230769230768
0 0.6862980769230769 0.37740384615384615 0.21634615384615385 0.16105769230769232
0 0.7872596153846154 0.30649038461538464 0.14182692307692307 0.10817307692307693
0 0.8617788461538461 0.20432692307692307 0.20432692307692307 0.1346153846153846
0 0.8846153846153846 0.09134615384615384 0.21153846153846154 0.11057692307692307
0 0.7127403846153846 0.20192307692307693 0.15384615384615385 0.2091346153846154
0 0.7043269230769231 0.06610576923076923 0.13942307692307693 0.10576923076923077
0 0.8269230769230769 0.03365384615384615 0.14182692307692307 0.0673076923076923
0 0.9555288461538461 0.03245192307692308 0.08413461538461539 0.06009615384615385
0 0.6105769230769231 0.22235576923076922 0.21875 0.1971153846153846
0 0.2848557692307692 0.15985576923076922 0.5649038461538461 0.31490384615384615
0 0.21754807692307693 0.22596153846153846 0.43028846153846156 0.3798076923076923
0 0.8509615384615384 0.7127403846153846 0.09375 0.1201923076923077
0 0.9242788461538461 0.8137019230769231 0.10576923076923077 0.125
0 0.8269230769230769 0.8377403846153846 0.0889423076923077 0.10096153846153846
0 0.8401442307692307 0.9423076923076923 0.0889423076923077 0.10576923076923077
0 0.7403846153846154 0.9447115384615384 0.11057692307692307 0.10096153846153846
0 0.6310096153846154 0.9158653846153846 0.125 0.14182692307692307
0 0.5372596153846154 0.8425480769230769 0.09615384615384616 0.11057692307692307
0 0.49278846153846156 0.5336538461538461 0.30288461538461536 0.2932692307692308
0 0.32211538461538464 0.53125 0.12980769230769232 0.3076923076923077
0 0.2692307692307692 0.5264423076923077 0.09375 0.34134615384615385
0 0.46033653846153844 0.5865384615384616 0.19230769230769232 0.2403846153846154
0 0.5817307692307693 0.5600961538461539 0.1346153846153846 0.125
0 0.11899038461538461 0.421875 0.23317307692307693 0.30528846153846156
0 0.3401442307692308 0.7572115384615384 0.5120192307692307 0.47596153846153844
0 0.421875 0.7848557692307693 0.1346153846153846 0.1201923076923077
0 0.5180288461538461 0.7536057692307693 0.11057692307692307 0.10096153846153846
0 0.6466346153846154 0.7800480769230769 0.12980769230769232 0.13942307692307693
0 0.7620192307692307 0.7283653846153846 0.11057692307692307 0.0889423076923077
0 0.7536057692307693 0.8112980769230769 0.12980769230769232 0.08413461538461539
0 0.8173076923076923 0.40865384615384615 0.3557692307692308 0.47115384615384615
0 0.8245192307692307 0.45072115384615385 0.34134615384615385 0.4326923076923077
0 0.921875 0.5240384615384616 0.09375 0.09615384615384616
0 0.9795673076923077 0.5024038461538461 0.03125 0.10576923076923077
0 0.9603365384615384 0.42908653846153844 0.07211538461538461 0.10096153846153846
0 0.9735576923076923 0.5997596153846154 0.04326923076923077 0.0889423076923077
0 0.9158653846153846 0.6394230769230769 0.11538461538461539 0.0985576923076923
0 0.9783653846153846 0.7043269230769231 0.036057692307692304 0.09375