0 0.41225961538461536 0.4831730769230769 0.5841346153846154 0.41346153846153844
0 0.2127403846153846 0.2512019230769231 0.2620192307692308 0.1971153846153846
0 0.4338942307692308 0.28125 0.21153846153846154 0.4182692307692308
0 0.5432692307692307 0.3485576923076923 0.04807692307692308 0.3269230769230769
0 0.6033653846153846 0.35096153846153844 0.09134615384615384 0.4182692307692308
0 0.24639423076923078 0.5024038461538461 0.3605769230769231 0.16826923076923078
0 0.5132211538461539 0.6634615384615384 0.9519230769230769 0.22355769230769232
4 0.8233173076923077 0.27524038461538464 0.3485576923076923 0.5504807692307693
4 0.5733173076923077 0.0733173076923077 0.12980769230769232 0.13942307692307693
4 0.25721153846153844 0.039663461538461536 0.5024038461538461 0.07211538461538461
4 0.16947115384615385 0.11658653846153846 0.3269230769230769 0.08653846153846154
4 0.040865384615384616 0.3449519230769231 0.07211538461538461 0.3701923076923077
4 0.12259615384615384 0.3870192307692308 0.09134615384615384 0.052884615384615384
4 0.10096153846153846 0.31490384615384615 0.038461538461538464 0.07692307692307693
4 0.1310096153846154 0.5985576923076923 0.25 0.07692307692307693
4 0.328125 0.5961538461538461 0.15384615384615385 0.036057692307692304
4 0.027644230769230768 0.7692307692307693 0.04326923076923077 0.2668269230769231
4 0.5240384615384616 0.8858173076923077 0.9519230769230769 0.22355769230769232