0 0.1875 0.9603365384615384 0.22596153846153846 0.07211538461538461
0 0.08774038461538461 0.9326923076923077 0.026442307692307692 0.04567307692307692
0 0.12139423076923077 0.9122596153846154 0.09615384615384616 0.07932692307692307
0 0.19831730769230768 0.8329326923076923 0.25 0.22115384615384615
0 0.12139423076923077 0.7524038461538461 0.10576923076923077 0.1346153846153846
0 0.12740384615384615 0.6117788461538461 0.10576923076923077 0.18990384615384615
0 0.1875 0.46033653846153844 0.22596153846153846 0.21634615384615385
0 0.1346153846153846 0.27524038461538464 0.1201923076923077 0.1466346153846154
0 0.11899038461538461 0.125 0.09134615384615384 0.15384615384615385
0 0.20072115384615385 0.05889423076923077 0.25721153846153844 0.11778846153846154
0 0.2704326923076923 0.1502403846153846 0.21153846153846154 0.15865384615384615
0 0.33052884615384615 0.3112980769230769 0.29086538461538464 0.18028846153846154
0 0.31009615384615385 0.49038461538461536 0.23798076923076922 0.21153846153846154
0 0.48677884615384615 0.48677884615384615 0.12740384615384615 0.16346153846153846
0 0.27524038461538464 0.6670673076923077 0.20192307692307693 0.17307692307692307
0 0.3389423076923077 0.8016826923076923 0.14903846153846154 0.12740384615384615
0 0.35216346153846156 0.9254807692307693 0.20673076923076922 0.14182692307692307
0 0.4519230769230769 0.96875 0.11057692307692307 0.057692307692307696
0 0.4951923076923077 0.8016826923076923 0.17307692307692307 0.15865384615384615
0 0.44471153846153844 0.7115384615384616 0.09615384615384616 0.052884615384615384
0 0.4230769230769231 0.6550480769230769 0.13701923076923078 0.16346153846153846
0 0.5048076923076923 0.6045673076923077 0.16346153846153846 0.08653846153846154
0 0.5793269230769231 0.6838942307692307 0.18509615384615385 0.12980769230769232
0 0.7139423076923077 0.7307692307692307 0.21153846153846154 0.10576923076923077
0 0.6586538461538461 0.875 0.3557692307692308 0.24519230769230768
0 0.7427884615384616 0.5841346153846154 0.3317307692307692 0.21153846153846154
0 0.5877403846153846 0.49399038461538464 0.14903846153846154 0.1346153846153846
0 0.5084134615384616 0.37259615384615385 0.13701923076923078 0.10817307692307693
0 0.46274038461538464 0.2848557692307692 0.09134615384615384 0.08173076923076923
0 0.5528846153846154 0.2776442307692308 0.1201923076923077 0.08173076923076923
0 0.6081730769230769 0.20552884615384615 0.10576923076923077 0.08173076923076923
0 0.47115384615384615 0.21153846153846154 0.15865384615384615 0.125
0 0.38221153846153844 0.07572115384615384 0.1346153846153846 0.15144230769230768
0 0.5480769230769231 0.06971153846153846 0.25 0.13942307692307693
0 0.6899038461538461 0.16466346153846154 0.11057692307692307 0.09134615384615384
0 0.7572115384615384 0.31490384615384615 0.3918269230769231 0.2620192307692308
0 0.6935096153846154 0.4639423076923077 0.0625 0.04326923076923077
0 0.859375 0.43990384615384615 0.22596153846153846 0.09375
0 0.8389423076923077 0.48677884615384615 0.13221153846153846 0.052884615384615384
0 0.9134615384615384 0.47716346153846156 0.16826923076923078 0.1466346153846154
0 0.9495192307692307 0.5408653846153846 0.07932692307692307 0.040865384615384616
0 0.9399038461538461 0.6177884615384616 0.11538461538461539 0.14423076923076922
0 0.9471153846153846 0.6081730769230769 0.0625 0.04807692307692308
0 0.9290865384615384 0.640625 0.04807692307692308 0.038461538461538464
0 0.8701923076923077 0.6850961538461539 0.0673076923076923 0.052884615384615384
0 0.859375 0.7319711538461539 0.11057692307692307 0.057692307692307696
0 0.9399038461538461 0.8870192307692307 0.11538461538461539 0.1201923076923077
0 0.9362980769230769 0.9591346153846154 0.0625 0.03125
0 0.9459134615384616 0.9603365384615384 0.10336538461538461 0.07451923076923077
0 0.8497596153846154 0.9639423076923077 0.10096153846153846 0.06490384615384616
0 0.8521634615384616 0.8798076923076923 0.052884615384615384 0.10576923076923077
0 0.8894230769230769 0.8161057692307693 0.07451923076923077 0.038461538461538464
0 0.8389423076923077 0.7896634615384616 0.09134615384615384 0.08173076923076923
0 0.9098557692307693 0.7944711538461539 0.08413461538461539 0.0673076923076923
0 0.9567307692307693 0.7247596153846154 0.08173076923076923 0.10336538461538461
0 0.9615384615384616 0.7956730769230769 0.07211538461538461 0.0625
0 0.953125 0.6129807692307693 0.0889423076923077 0.1346153846153846
0 0.9326923076923077 0.29927884615384615 0.12980769230769232 0.19951923076923078
0 0.7884615384615384 0.15384615384615385 0.08413461538461539 0.07451923076923077
0 0.7800480769230769 0.06370192307692307 0.36538461538461536 0.12740384615384615
0 0.8461538461538461 0.14423076923076922 0.052884615384615384 0.09375
0 0.9567307692307693 0.1310096153846154 0.08173076923076923 0.0889423076923077
0 0.9915865384615384 0.19110576923076922 0.014423076923076924 0.052884615384615384
0 0.953125 0.052884615384615384 0.0889423076923077 0.10576923076923077
0 0.921875 0.15144230769230768 0.15144230769230768 0.25
0 0.5324519230769231 0.5 0.9302884615384616 1