0 0.15384615384615385 0.04927884615384615 0.2980769230769231 0.09134615384615384
0 0.09014423076923077 0.14903846153846154 0.17067307692307693 0.13942307692307693
0 0.18629807692307693 0.28846153846153844 0.25240384615384615 0.16346153846153846
0 0.07932692307692307 0.32091346153846156 0.14903846153846154 0.19230769230769232
0 0.17307692307692307 0.4567307692307692 0.21394230769230768 0.17307692307692307
0 0.2692307692307692 0.32572115384615385 0.1875 0.15865384615384615
0 0.09014423076923077 0.4963942307692308 0.17067307692307693 0.16826923076923078
0 0.025240384615384616 0.5673076923076923 0.038461538461538464 0.08173076923076923
0 0.5060096153846154 0.25 0.3173076923076923 0.23076923076923078
0 0.6370192307692307 0.078125 0.4519230769230769 0.14903846153846154
0 0.2860576923076923 0.11778846153846154 0.27403846153846156 0.2283653846153846
0 0.45072115384615385 0.49278846153846156 0.38461538461538464 0.25961538461538464
0 0.6430288461538461 0.27884615384615385 0.23076923076923078 0.25961538461538464
0 0.23317307692307693 0.6538461538461539 0.3557692307692308 0.25721153846153844
0 0.10697115384615384 0.7668269230769231 0.20192307692307693 0.25
0 0.7872596153846154 0.4987980769230769 0.4254807692307692 0.9975961538461539
0 0.8100961538461539 0.7223557692307693 0.125 0.09134615384615384
0 0.7391826923076923 0.6454326923076923 0.06009615384615385 0.07211538461538461
0 0.6646634615384616 0.6322115384615384 0.13221153846153846 0.09134615384615384
0 0.6262019230769231 0.6538461538461539 0.13221153846153846 0.07692307692307693
0 0.5492788461538461 0.625 0.0673076923076923 0.038461538461538464
0 0.6153846153846154 0.5600961538461539 0.07692307692307693 0.0673076923076923
0 0.48677884615384615 0.6790865384615384 0.15865384615384615 0.09134615384615384
0 0.45913461538461536 0.7740384615384616 0.14903846153846154 0.1346153846153846
0 0.35697115384615385 0.8245192307692307 0.14423076923076922 0.09134615384615384
0 0.32091346153846156 0.7776442307692307 0.11538461538461539 0.04807692307692308
0 0.2692307692307692 0.8533653846153846 0.14423076923076922 0.1201923076923077
0 0.17067307692307693 0.9326923076923077 0.15384615384615385 0.055288461538461536
0 0.125 0.9747596153846154 0.13942307692307693 0.04567307692307692
0 0.030048076923076924 0.9771634615384616 0.05048076923076923 0.040865384615384616
0 0.23677884615384615 0.9771634615384616 0.0889423076923077 0.040865384615384616
0 0.31850961538461536 0.9447115384615384 0.15625 0.10576923076923077
0 0.4014423076923077 0.9134615384615384 0.11057692307692307 0.09375
0 0.41225961538461536 0.9807692307692307 0.1658653846153846 0.03365384615384615
0 0.5408653846153846 0.9507211538461539 0.14903846153846154 0.09134615384615384
0 0.5252403846153846 0.8689903846153846 0.17067307692307693 0.11538461538461539
0 0.5829326923076923 0.7536057692307693 0.14423076923076922 0.10096153846153846
0 0.703125 0.7151442307692307 0.1201923076923077 0.07692307692307693
0 0.6862980769230769 0.8040865384615384 0.1201923076923077 0.10817307692307693
0 0.7415865384615384 0.7716346153846154 0.03365384615384615 0.028846153846153848
0 0.6177884615384616 0.8317307692307693 0.06009615384615385 0.038461538461538464
0 0.8076923076923077 0.8257211538461539 0.1201923076923077 0.07932692307692307
0 0.7776442307692307 0.7824519230769231 0.09375 0.036057692307692304
0 0.7439903846153846 0.8918269230769231 0.09375 0.08653846153846154
0 0.65625 0.9026442307692307 0.09375 0.10096153846153846
0 0.6189903846153846 0.9711538461538461 0.10817307692307693 0.052884615384615384
0 0.5024038461538461 0.4987980769230769 0.9951923076923077 0.9975961538461539