0 0.9014423076923077 0.22956730769230768 0.08173076923076923 0.07211538461538461
0 0.9038461538461539 0.30649038461538464 0.0985576923076923 0.07932692307692307
0 0.9014423076923077 0.4254807692307692 0.08173076923076923 0.08413461538461539
0 0.8545673076923077 0.4963942307692308 0.09375 0.10096153846153846
0 0.7860576923076923 0.4110576923076923 0.07211538461538461 0.0673076923076923
0 0.7367788461538461 0.3473557692307692 0.0673076923076923 0.06490384615384616
0 0.7944711538461539 0.29447115384615385 0.07692307692307693 0.07932692307692307
0 0.7079326923076923 0.23557692307692307 0.08173076923076923 0.0673076923076923
0 0.7524038461538461 0.18990384615384615 0.0985576923076923 0.08413461538461539
0 0.8076923076923077 0.14423076923076922 0.07211538461538461 0.09134615384615384
0 0.7211538461538461 0.1310096153846154 0.0889423076923077 0.07932692307692307
0 0.6430288461538461 0.0985576923076923 0.07692307692307693 0.07692307692307693
0 0.6358173076923077 0.19230769230769232 0.0625 0.07932692307692307
0 0.6009615384615384 0.17067307692307693 0.04807692307692308 0.0673076923076923
0 0.5757211538461539 0.09134615384615384 0.0673076923076923 0.07692307692307693
0 0.5228365384615384 0.1346153846153846 0.0673076923076923 0.09615384615384616
0 0.5516826923076923 0.18028846153846154 0.052884615384615384 0.07932692307692307
0 0.5733173076923077 0.2704326923076923 0.0625 0.09134615384615384
0 0.609375 0.3173076923076923 0.0625 0.07932692307692307
0 0.65625 0.28725961538461536 0.0625 0.07211538461538461
0 0.6538461538461539 0.38822115384615385 0.0673076923076923 0.08413461538461539
0 0.7139423076923077 0.4206730769230769 0.0625 0.07932692307692307
0 0.7524038461538461 0.4891826923076923 0.0673076923076923 0.09615384615384616
0 0.65625 0.46634615384615385 0.0625 0.09615384615384616
0 0.6009615384615384 0.44711538461538464 0.057692307692307696 0.07211538461538461
0 0.6069711538461539 0.3798076923076923 0.057692307692307696 0.0673076923076923
0 0.546875 0.34375 0.052884615384615384 0.057692307692307696
0 0.5132211538461539 0.2980769230769231 0.057692307692307696 0.057692307692307696
0 0.5288461538461539 0.24759615384615385 0.026442307692307692 0.04567307692307692
0 0.47115384615384615 0.25721153846153844 0.036057692307692304 0.04326923076923077
0 0.4891826923076923 0.21514423076923078 0.052884615384615384 0.04807692307692308
0 0.46153846153846156 0.18629807692307693 0.04807692307692308 0.052884615384615384
0 0.4375 0.14302884615384615 0.04326923076923077 0.057692307692307696
0 0.48197115384615385 0.12379807692307693 0.04807692307692308 0.06490384615384616
0 0.41346153846153844 0.09735576923076923 0.057692307692307696 0.07211538461538461
0 0.4014423076923077 0.03365384615384615 0.052884615384615384 0.052884615384615384
0 0.4483173076923077 0.025240384615384616 0.07211538461538461 0.04326923076923077
0 0.3701923076923077 0.07091346153846154 0.04326923076923077 0.057692307692307696
0 0.5384615384615384 0.41466346153846156 0.057692307692307696 0.0625
0 0.5625 0.48677884615384615 0.0625 0.07692307692307693
0 0.5048076923076923 0.47475961538461536 0.052884615384615384 0.0673076923076923
0 0.46634615384615385 0.34975961538461536 0.057692307692307696 0.08413461538461539
0 0.4170673076923077 0.3112980769230769 0.08173076923076923 0.0673076923076923
0 0.43990384615384615 0.2548076923076923 0.057692307692307696 0.0625
0 0.38822115384615385 0.23197115384615385 0.0673076923076923 0.0673076923076923
0 0.35697115384615385 0.18990384615384615 0.04807692307692308 0.052884615384615384
0 0.38221153846153844 0.17067307692307693 0.057692307692307696 0.04567307692307692
0 0.3389423076923077 0.15384615384615385 0.052884615384615384 0.057692307692307696
0 0.3701923076923077 0.1201923076923077 0.04326923076923077 0.04807692307692308
0 0.29447115384615385 0.0889423076923077 0.057692307692307696 0.06490384615384616
0 0.27884615384615385 0.038461538461538464 0.057692307692307696 0.0625
0 0.4014423076923077 0.37259615384615385 0.052884615384615384 0.052884615384615384
0 0.375 0.41586538461538464 0.0625 0.057692307692307696
0 0.328125 0.38221153846153844 0.052884615384615384 0.057692307692307696
0 0.3389423076923077 0.33413461538461536 0.052884615384615384 0.038461538461538464
0 0.30408653846153844 0.28846153846153844 0.04807692307692308 0.052884615384615384
0 0.34134615384615385 0.24759615384615385 0.04807692307692308 0.052884615384615384
0 0.3125 0.203125 0.04326923076923077 0.04807692307692308
0 0.26322115384615385 0.203125 0.057692307692307696 0.07211538461538461
0 0.2704326923076923 0.14302884615384615 0.052884615384615384 0.04326923076923077
0 0.24759615384615385 0.09495192307692307 0.036057692307692304 0.052884615384615384
0 0.23918269230769232 0.04326923076923077 0.04326923076923077 0.04807692307692308
0 0.21394230769230768 0.10096153846153846 0.04326923076923077 0.03365384615384615
0 0.203125 0.06490384615384616 0.03125 0.038461538461538464
0 0.1875 0.025240384615384616 0.0625 0.04326923076923077
0 0.17668269230769232 0.06610576923076923 0.03125 0.04807692307692308
0 0.13581730769230768 0.04807692307692308 0.04326923076923077 0.057692307692307696
0 0.09375 0.0625 0.052884615384615384 0.06490384615384616
0 0.20793269230769232 0.15264423076923078 0.0625 0.0625
0 0.22115384615384615 0.20673076923076922 0.026442307692307692 0.057692307692307696
0 0.19230769230769232 0.18990384615384615 0.04326923076923077 0.028846153846153848
0 0.16346153846153846 0.19230769230769232 0.026442307692307692 0.03365384615384615
0 0.13221153846153846 0.17067307692307693 0.057692307692307696 0.04567307692307692
0 0.15384615384615385 0.14302884615384615 0.04807692307692308 0.04807692307692308
0 0.1141826923076923 0.11778846153846154 0.04326923076923077 0.0625
0 0.0829326923076923 0.16105769230769232 0.04326923076923077 0.06490384615384616
0 0.06009615384615385 0.17908653846153846 0.036057692307692304 0.0625
0 0.018028846153846152 0.03245192307692308 0.036057692307692304 0.03365384615384615
0 0.02403846153846154 0.21995192307692307 0.04807692307692308 0.04567307692307692
0 0.10697115384615384 0.22596153846153846 0.04807692307692308 0.03365384615384615
0 0.09615384615384616 0.25721153846153844 0.0673076923076923 0.06490384615384616
0 0.0889423076923077 0.33413461538461536 0.04326923076923077 0.0673076923076923
0 0.0673076923076923 0.3557692307692308 0.04326923076923077 0.057692307692307696
0 0.036057692307692304 0.3629807692307692 0.052884615384615384 0.057692307692307696
0 0.055288461538461536 0.4050480769230769 0.04807692307692308 0.04807692307692308
0 0.008413461538461538 0.4675480769230769 0.016826923076923076 0.055288461538461536
0 0.028846153846153848 0.47115384615384615 0.026442307692307692 0.052884615384615384
0 0.046875 0.4675480769230769 0.04326923076923077 0.052884615384615384
0 0.22355769230769232 0.36177884615384615 0.04326923076923077 0.052884615384615384
0 0.26802884615384615 0.35216346153846156 0.0673076923076923 0.06490384615384616
0 0.25240384615384615 0.30408653846153844 0.0673076923076923 0.038461538461538464
0 0.28125 0.2620192307692308 0.0625 0.04567307692307692
0 0.23197115384615385 0.25721153846153844 0.057692307692307696 0.04807692307692308
0 0.20072115384615385 0.24519230769230768 0.036057692307692304 0.04326923076923077
0 0.171875 0.2704326923076923 0.04326923076923077 0.0625
0 0.15384615384615385 0.23197115384615385 0.04807692307692308 0.052884615384615384
0 0.125 0.2932692307692308 0.04326923076923077 0.052884615384615384
0 0.14543269230769232 0.33413461538461536 0.0625 0.052884615384615384
0 0.17427884615384615 0.34615384615384615 0.026442307692307692 0.0673076923076923
0 0.13581730769230768 0.41466346153846156 0.07211538461538461 0.0673076923076923
0 0.09375 0.375 0.04326923076923077 0.07211538461538461
0 0.0733173076923077 0.44350961538461536 0.04326923076923077 0.07211538461538461
0 0.09615384615384616 0.484375 0.026442307692307692 0.07211538461538461
0 0.140625 0.49759615384615385 0.052884615384615384 0.07692307692307693
0 0.18509615384615385 0.49278846153846156 0.057692307692307696 0.06490384615384616
0 0.203125 0.4206730769230769 0.04326923076923077 0.07211538461538461
0 0.25240384615384615 0.46033653846153844 0.057692307692307696 0.0673076923076923
0 0.22956730769230768 0.4375 0.04326923076923077 0.04567307692307692
0 0.28365384615384615 0.3918269230769231 0.04807692307692308 0.0673076923076923
0 0.3076923076923077 0.43149038461538464 0.052884615384615384 0.08653846153846154
0 0.34615384615384615 0.4519230769230769 0.04807692307692308 0.08413461538461539
0 0.39903846153846156 0.46153846153846156 0.057692307692307696 0.057692307692307696
0 0.43028846153846156 0.5396634615384616 0.0673076923076923 0.07692307692307693
0 0.3858173076923077 0.5168269230769231 0.0625 0.0625
0 0.33052884615384615 0.5252403846153846 0.04807692307692308 0.052884615384615384
0 0.27884615384615385 0.515625 0.04807692307692308 0.06490384615384616
0 0.24759615384615385 0.5204326923076923 0.04807692307692308 0.0673076923076923
0 0.21634615384615385 0.5396634615384616 0.036057692307692304 0.0673076923076923
0 0.1875 0.5516826923076923 0.04326923076923077 0.0625
0 0.15144230769230768 0.5625 0.04326923076923077 0.052884615384615384
0 0.1141826923076923 0.5564903846153846 0.052884615384615384 0.057692307692307696
0 0.11177884615384616 0.6081730769230769 0.057692307692307696 0.052884615384615384
0 0.7451923076923077 0.5721153846153846 0.07211538461538461 0.07932692307692307
0 0.6826923076923077 0.5552884615384616 0.0625 0.08413461538461539
0 0.5985576923076923 0.5757211538461539 0.07211538461538461 0.06490384615384616
0 0.5228365384615384 0.5757211538461539 0.0673076923076923 0.06490384615384616
0 0.46153846153846156 0.5913461538461539 0.04807692307692308 0.07932692307692307
0 0.421875 0.6141826923076923 0.052884615384615384 0.06490384615384616
0 0.36177884615384615 0.578125 0.0673076923076923 0.0673076923076923
0 0.8052884615384616 0.6935096153846154 0.0889423076923077 0.07932692307692307
0 0.7632211538461539 0.640625 0.07692307692307693 0.07932692307692307
0 0.7367788461538461 0.7199519230769231 0.0889423076923077 0.07932692307692307
0 0.6983173076923077 0.6430288461538461 0.08173076923076923 0.09134615384615384
0 0.6634615384615384 0.7115384615384616 0.07692307692307693 0.0673076923076923
0 0.6298076923076923 0.6502403846153846 0.052884615384615384 0.07692307692307693
0 0.6141826923076923 0.734375 0.08173076923076923 0.09134615384615384
0 0.5733173076923077 0.6598557692307693 0.08173076923076923 0.08653846153846154
0 0.5360576923076923 0.7223557692307693 0.07211538461538461 0.09134615384615384
0 0.49759615384615385 0.6466346153846154 0.0673076923076923 0.07692307692307693
0 0.47115384615384615 0.6983173076923077 0.0985576923076923 0.09615384615384616
0 0.7259615384615384 0.8137019230769231 0.0889423076923077 0.08413461538461539
0 0.7740384615384616 0.7752403846153846 0.0673076923076923 0.07692307692307693
0 0.7367788461538461 0.8665865384615384 0.0889423076923077 0.0625
0 0.7055288461538461 0.9182692307692307 0.07692307692307693 0.07932692307692307
0 0.6430288461538461 0.8894230769230769 0.0889423076923077 0.08413461538461539
0 0.6322115384615384 0.8064903846153846 0.0673076923076923 0.08413461538461539
0 0.5697115384615384 0.8233173076923077 0.057692307692307696 0.06490384615384616
0 0.5697115384615384 0.9014423076923077 0.0673076923076923 0.07692307692307693
0 0.5661057692307693 0.9603365384615384 0.07932692307692307 0.07451923076923077
0 0.5072115384615384 0.9603365384615384 0.0673076923076923 0.057692307692307696
0 0.484375 0.9819711538461539 0.08413461538461539 0.03125
0 0.45552884615384615 0.9387019230769231 0.0889423076923077 0.09134615384615384
0 0.48677884615384615 0.8653846153846154 0.057692307692307696 0.06490384615384616
0 0.5204326923076923 0.8365384615384616 0.052884615384615384 0.07692307692307693
0 0.4050480769230769 0.9891826923076923 0.07932692307692307 0.016826923076923076
0 0.39903846153846156 0.9471153846153846 0.057692307692307696 0.06971153846153846
0 0.4014423076923077 0.8701923076923077 0.04326923076923077 0.07692307692307693
0 0.4423076923076923 0.8425480769230769 0.0625 0.07932692307692307
0 0.49278846153846156 0.7752403846153846 0.057692307692307696 0.0625
0 0.4326923076923077 0.7608173076923077 0.052884615384615384 0.0673076923076923
0 0.37740384615384615 0.7584134615384616 0.04807692307692308 0.06490384615384616
0 0.4014423076923077 0.6790865384615384 0.0625 0.07932692307692307
0 0.39302884615384615 0.8209134615384616 0.04807692307692308 0.0625
0 0.359375 0.8918269230769231 0.052884615384615384 0.06490384615384616
0 0.3485576923076923 0.84375 0.08173076923076923 0.06971153846153846
0 0.3076923076923077 0.8161057692307693 0.0625 0.06490384615384616
0 0.328125 0.7608173076923077 0.052884615384615384 0.0625
0 0.31009615384615385 0.71875 0.07692307692307693 0.07692307692307693
0 0.33653846153846156 0.6706730769230769 0.0673076923076923 0.06490384615384616
0 0.3641826923076923 0.6298076923076923 0.04326923076923077 0.057692307692307696
0 0.31009615384615385 0.5949519230769231 0.04807692307692308 0.06490384615384616
0 0.2860576923076923 0.5757211538461539 0.052884615384615384 0.04807692307692308
0 0.25240384615384615 0.6237980769230769 0.04807692307692308 0.052884615384615384
0 0.234375 0.6694711538461539 0.04326923076923077 0.052884615384615384
0 0.29447115384615385 0.9158653846153846 0.0673076923076923 0.07692307692307693
0 0.2704326923076923 0.8521634615384616 0.04326923076923077 0.0625
0 0.25721153846153844 0.7848557692307693 0.04807692307692308 0.04807692307692308
0 0.24759615384615385 0.7451923076923077 0.036057692307692304 0.028846153846153848
0 0.23197115384615385 0.9314903846153846 0.057692307692307696 0.052884615384615384
0 0.23918269230769232 0.8701923076923077 0.04326923076923077 0.06971153846153846
0 0.20793269230769232 0.84375 0.04326923076923077 0.07692307692307693
0 0.19471153846153846 0.7944711538461539 0.057692307692307696 0.04567307692307692
0 0.21394230769230768 0.7487980769230769 0.052884615384615384 0.052884615384615384
0 0.18990384615384615 0.7295673076923077 0.0673076923076923 0.06971153846153846
0 0.171875 0.6862980769230769 0.052884615384615384 0.057692307692307696
0 0.140625 0.7740384615384616 0.04326923076923077 0.057692307692307696
0 0.13221153846153846 0.7163461538461539 0.057692307692307696 0.04326923076923077
0 0.109375 0.7019230769230769 0.052884615384615384 0.026442307692307692
0 0.09615384615384616 0.7836538461538461 0.0673076923076923 0.052884615384615384
0 0.08052884615384616 0.7415865384615384 0.0673076923076923 0.04567307692307692
0 0.11778846153846154 0.6502403846153846 0.04807692307692308 0.04567307692307692
0 0.028846153846153848 0.6370192307692307 0.04807692307692308 0.06490384615384616
0 0.055288461538461536 0.6370192307692307 0.036057692307692304 0.06490384615384616
0 0.018028846153846152 0.6862980769230769 0.036057692307692304 0.05048076923076923
0 0.006009615384615385 0.6201923076923077 0.01201923076923077 0.02403846153846154
0 0.010817307692307692 0.6045673076923077 0.019230769230769232 0.04567307692307692