0 0.9603365384615384 0.9146634615384616 0.04326923076923077 0.07211538461538461
0 0.8966346153846154 0.9290865384615384 0.04807692307692308 0.07692307692307693
0 0.8990384615384616 0.8521634615384616 0.05048076923076923 0.07692307692307693
0 0.9387019230769231 0.8870192307692307 0.04326923076923077 0.04807692307692308
0 0.953125 0.8245192307692307 0.06490384615384616 0.0985576923076923
0 0.9831730769230769 0.8737980769230769 0.02403846153846154 0.0985576923076923
0 0.90625 0.8016826923076923 0.06490384615384616 0.055288461538461536
0 0.9098557692307693 0.7367788461538461 0.07211538461538461 0.0985576923076923
0 0.9795673076923077 0.7860576923076923 0.03365384615384615 0.04326923076923077
0 0.9579326923076923 0.7692307692307693 0.03365384615384615 0.03365384615384615
0 0.9759615384615384 0.7199519230769231 0.038461538461538464 0.08653846153846154
0 0.9831730769230769 0.6454326923076923 0.02403846153846154 0.09375
0 0.9314903846153846 0.6754807692307693 0.06490384615384616 0.04326923076923077
0 0.9326923076923077 0.6237980769230769 0.07692307692307693 0.06009615384615385
0 0.9362980769230769 0.5600961538461539 0.07692307692307693 0.1201923076923077
0 0.9867788461538461 0.5444711538461539 0.019230769230769232 0.0985576923076923
0 0.953125 0.453125 0.08653846153846154 0.11538461538461539
0 0.9855769230769231 0.38461538461538464 0.021634615384615384 0.07692307692307693
0 0.9615384615384616 0.29927884615384615 0.0673076923076923 0.11538461538461539
0 0.9783653846153846 0.22235576923076922 0.036057692307692304 0.09375
0 0.9675480769230769 0.12379807692307693 0.057692307692307696 0.125
0 0.9675480769230769 0.040865384615384616 0.057692307692307696 0.07211538461538461
0 0.8954326923076923 0.03245192307692308 0.08653846153846154 0.055288461538461536
0 0.8786057692307693 0.12139423076923077 0.10576923076923077 0.14423076923076922
0 0.921875 0.2283653846153846 0.07692307692307693 0.11538461538461539
0 0.8569711538461539 0.19831730769230768 0.04807692307692308 0.055288461538461536
0 0.7992788461538461 0.055288461538461536 0.07692307692307693 0.0985576923076923
0 0.7776442307692307 0.16466346153846154 0.09134615384615384 0.15384615384615385
0 0.71875 0.10697115384615384 0.07932692307692307 0.125
0 0.7007211538461539 0.038461538461538464 0.07211538461538461 0.0673076923076923
0 0.6478365384615384 0.08533653846153846 0.07692307692307693 0.14903846153846154
0 0.5865384615384616 0.036057692307692304 0.08173076923076923 0.06009615384615385
0 0.6081730769230769 0.13701923076923078 0.0625 0.14423076923076922
0 0.6682692307692307 0.21754807692307693 0.07211538461538461 0.125
0 0.7019230769230769 0.2776442307692308 0.0673076923076923 0.11538461538461539
0 0.765625 0.2824519230769231 0.06490384615384616 0.11538461538461539
0 0.828125 0.2608173076923077 0.052884615384615384 0.125
0 0.8882211538461539 0.27163461538461536 0.07211538461538461 0.11538461538461539
0 0.9170673076923077 0.3762019230769231 0.07932692307692307 0.125
0 0.8389423076923077 0.36778846153846156 0.0625 0.08653846153846154
0 0.6286057692307693 0.25 0.057692307692307696 0.08173076923076923
0 0.5528846153846154 0.23677884615384615 0.09375 0.14423076923076922
0 0.5889423076923077 0.31009615384615385 0.07932692307692307 0.13701923076923078
0 0.6478365384615384 0.35216346153846156 0.0625 0.11057692307692307
0 0.7055288461538461 0.4362980769230769 0.0673076923076923 0.13701923076923078
0 0.7451923076923077 0.3954326923076923 0.08173076923076923 0.13221153846153846
0 0.7944711538461539 0.4423076923076923 0.07211538461538461 0.09375
0 0.8629807692307693 0.4675480769230769 0.057692307692307696 0.1201923076923077
0 0.6430288461538461 0.45913461538461536 0.07932692307692307 0.11538461538461539
0 0.5865384615384616 0.4206730769230769 0.07692307692307693 0.11538461538461539
0 0.5108173076923077 0.390625 0.07692307692307693 0.11057692307692307
0 0.5432692307692307 0.5408653846153846 0.0625 0.09375
0 0.6033653846153846 0.5360576923076923 0.07211538461538461 0.10576923076923077
0 0.6790865384615384 0.5324519230769231 0.06490384615384616 0.0985576923076923
0 0.6947115384615384 0.59375 0.08173076923076923 0.0985576923076923
0 0.7475961538461539 0.5324519230769231 0.057692307692307696 0.0985576923076923
0 0.7632211538461539 0.6045673076923077 0.0625 0.0673076923076923
0 0.8125 0.5492788461538461 0.07211538461538461 0.1201923076923077
0 0.8737980769230769 0.5877403846153846 0.057692307692307696 0.0673076923076923
0 0.8713942307692307 0.6454326923076923 0.038461538461538464 0.08173076923076923
0 0.8161057692307693 0.6454326923076923 0.06490384615384616 0.07211538461538461
0 0.5997596153846154 0.6177884615384616 0.07211538461538461 0.07211538461538461
0 0.5492788461538461 0.6069711538461539 0.04326923076923077 0.07211538461538461
0 0.5492788461538461 0.6622596153846154 0.07211538461538461 0.08173076923076923
0 0.5757211538461539 0.7391826923076923 0.038461538461538464 0.10576923076923077
0 0.8413461538461539 0.7860576923076923 0.05048076923076923 0.08653846153846154
0 0.8425480769230769 0.7139423076923077 0.04807692307692308 0.07692307692307693
0 0.8197115384615384 0.6478365384615384 0.05048076923076923 0.0673076923076923
0 0.5324519230769231 0.7391826923076923 0.052884615384615384 0.09375
0 0.5564903846153846 0.8185096153846154 0.06490384615384616 0.0673076923076923
0 0.6189903846153846 0.8713942307692307 0.0625 0.08173076923076923
0 0.6802884615384616 0.8870192307692307 0.052884615384615384 0.08173076923076923
0 0.7512019230769231 0.890625 0.07211538461538461 0.055288461538461536
0 0.7367788461538461 0.9170673076923077 0.04326923076923077 0.03365384615384615
0 0.7043269230769231 0.9483173076923077 0.06490384615384616 0.06009615384615385
0 0.6322115384615384 0.9314903846153846 0.07211538461538461 0.06009615384615385
0 0.5817307692307693 0.9014423076923077 0.07932692307692307 0.08653846153846154
0 0.5360576923076923 0.8677884615384616 0.038461538461538464 0.0673076923076923
0 0.4074519230769231 0.9567307692307693 0.07451923076923077 0.08173076923076923
0 0.37740384615384615 0.9254807692307693 0.0625 0.08173076923076923
0 0.3449519230769231 0.9447115384615384 0.03365384615384615 0.055288461538461536
0 0.29927884615384615 0.9423076923076923 0.057692307692307696 0.06009615384615385
0 0.2776442307692308 0.8713942307692307 0.06490384615384616 0.10576923076923077
0 0.24759615384615385 0.9603365384615384 0.0625 0.07451923076923077
0 0.21514423076923078 0.9507211538461539 0.0673076923076923 0.07692307692307693
0 0.21875 0.8737980769230769 0.04807692307692308 0.04326923076923077
0 0.22355769230769232 0.8100961538461539 0.06490384615384616 0.08173076923076923
0 0.25600961538461536 0.7415865384615384 0.07211538461538461 0.07692307692307693
0 0.31971153846153844 0.7560096153846154 0.052884615384615384 0.06009615384615385
0 0.28725961538461536 0.7776442307692307 0.0625 0.06009615384615385
0 0.18629807692307693 0.7247596153846154 0.07692307692307693 0.08653846153846154
0 0.21153846153846154 0.6983173076923077 0.03365384615384615 0.021634615384615384
0 0.3449519230769231 0.8677884615384616 0.0673076923076923 0.08653846153846154
0 0.3016826923076923 0.9447115384615384 0.052884615384615384 0.055288461538461536
0 0.43149038461538464 0.8713942307692307 0.0625 0.09375
0 0.3894230769230769 0.8461538461538461 0.036057692307692304 0.07692307692307693
0 0.35336538461538464 0.7860576923076923 0.06490384615384616 0.055288461538461536
0 0.4206730769230769 0.7860576923076923 0.0625 0.08653846153846154
0 0.4831730769230769 0.7776442307692307 0.06490384615384616 0.08173076923076923
0 0.39903846153846156 0.7415865384615384 0.0625 0.07692307692307693
0 0.4675480769230769 0.7115384615384616 0.0625 0.08173076923076923
0 0.42788461538461536 0.6538461538461539 0.04807692307692308 0.13221153846153846
0 0.48197115384615385 0.6598557692307693 0.0625 0.055288461538461536
0 0.49278846153846156 0.6045673076923077 0.0625 0.08653846153846154
0 0.4651442307692308 0.5552884615384616 0.07211538461538461 0.11057692307692307
0 0.15745192307692307 0.6069711538461539 0.052884615384615384 0.10576923076923077
0 0.5036057692307693 0.4639423076923077 0.07692307692307693 0.10576923076923077
0 0.42908653846153844 0.38221153846153844 0.08653846153846154 0.125
0 0.44591346153846156 0.48677884615384615 0.038461538461538464 0.09375
0 0.3858173076923077 0.47836538461538464 0.08653846153846154 0.13221153846153846
0 0.33533653846153844 0.3737980769230769 0.08653846153846154 0.1201923076923077
0 0.39903846153846156 0.29447115384615385 0.08173076923076923 0.13701923076923078
0 0.44591346153846156 0.23076923076923078 0.08173076923076923 0.13221153846153846
0 0.5096153846153846 0.2824519230769231 0.07211538461538461 0.09375
0 0.30528846153846156 0.4807692307692308 0.07692307692307693 0.10576923076923077
0 0.2548076923076923 0.4014423076923077 0.09134615384615384 0.0985576923076923
0 0.24879807692307693 0.46153846153846156 0.05048076923076923 0.03365384615384615
0 0.5324519230769231 0.10216346153846154 0.09134615384615384 0.13701923076923078
0 0.5180288461538461 0.025240384615384616 0.04807692307692308 0.038461538461538464
0 0.4423076923076923 0.036057692307692304 0.09134615384615384 0.06009615384615385
0 0.4362980769230769 0.11298076923076923 0.08653846153846154 0.14903846153846154
0 0.35216346153846156 0.14302884615384615 0.09615384615384616 0.14423076923076922
0 0.38221153846153844 0.20552884615384615 0.05048076923076923 0.06009615384615385
0 0.3485576923076923 0.04447115384615385 0.09615384615384616 0.07692307692307693
0 0.29927884615384615 0.09014423076923077 0.06490384615384616 0.09375
0 0.25961538461538464 0.04447115384615385 0.10096153846153846 0.07692307692307693
0 0.20552884615384615 0.10216346153846154 0.10096153846153846 0.13701923076923078
0 0.12980769230769232 0.046875 0.09375 0.08173076923076923
0 0.10336538461538461 0.07932692307692307 0.09134615384615384 0.14903846153846154
0 0.18629807692307693 0.19230769230769232 0.09134615384615384 0.1201923076923077
0 0.10697115384615384 0.20552884615384615 0.08173076923076923 0.125
0 0.27283653846153844 0.20072115384615385 0.09615384615384616 0.14903846153846154
0 0.31971153846153844 0.27524038461538464 0.08173076923076923 0.1201923076923077
0 0.24158653846153846 0.296875 0.08653846153846154 0.1201923076923077
0 0.16826923076923078 0.5492788461538461 0.04807692307692308 0.021634615384615384
0 0.16466346153846154 0.49759615384615385 0.08173076923076923 0.10576923076923077
0 0.1658653846153846 0.41225961538461536 0.09375 0.0985576923076923
0 0.16466346153846154 0.31009615384615385 0.09134615384615384 0.125
0 0.12139423076923077 0.39302884615384615 0.02403846153846154 0.08173076923076923
0 0.10817307692307693 0.30528846153846156 0.036057692307692304 0.08173076923076923
0 0.028846153846153848 0.019230769230769232 0.057692307692307696 0.028846153846153848
0 0.025240384615384616 0.09014423076923077 0.05048076923076923 0.13701923076923078
0 0.03125 0.20552884615384615 0.0625 0.11538461538461539
0 0.046875 0.296875 0.09375 0.14423076923076922
0 0.0673076923076923 0.390625 0.09134615384615384 0.11057692307692307
0 0.020432692307692308 0.4230769230769231 0.038461538461538464 0.11057692307692307
0 0.09014423076923077 0.47475961538461536 0.07932692307692307 0.10576923076923077
0 0.016826923076923076 0.5216346153846154 0.03365384615384615 0.08653846153846154
0 0.03245192307692308 0.5444711538461539 0.057692307692307696 0.11057692307692307
0 0.09254807692307693 0.5769230769230769 0.07692307692307693 0.11057692307692307
0 0.0673076923076923 0.6213942307692307 0.0625 0.07692307692307693
0 0.11778846153846154 0.6706730769230769 0.07692307692307693 0.11057692307692307
0 0.11899038461538461 0.7608173076923077 0.07932692307692307 0.07211538461538461
0 0.1658653846153846 0.7992788461538461 0.057692307692307696 0.07211538461538461
0 0.05048076923076923 0.7307692307692307 0.06490384615384616 0.0673076923076923
0 0.052884615384615384 0.65625 0.0625 0.08173076923076923
0 0.018028846153846152 0.6177884615384616 0.036057692307692304 0.09375
0 0.04326923076923077 0.8076923076923077 0.07211538461538461 0.08653846153846154
0 0.10697115384615384 0.8329326923076923 0.0625 0.07211538461538461
0 0.013221153846153846 0.7668269230769231 0.02403846153846154 0.15865384615384615
0 0.04326923076923077 0.8822115384615384 0.06490384615384616 0.08173076923076923
0 0.006009615384615385 0.8954326923076923 0.009615384615384616 0.07692307692307693
0 0.027644230769230768 0.9447115384615384 0.052884615384615384 0.03365384615384615
0 0.015625 0.9711538461538461 0.03125 0.052884615384615384