0 0.8930288461538461 0.8882211538461539 0.14903846153846154 0.21153846153846154
0 0.9855769230769231 0.8966346153846154 0.021634615384615384 0.17307692307692307
0 0.9459134615384616 0.7403846153846154 0.10096153846153846 0.21153846153846154
0 0.8425480769230769 0.8689903846153846 0.09134615384615384 0.21875
0 0.7884615384615384 0.9723557692307693 0.0673076923076923 0.04326923076923077
0 0.6430288461538461 0.9507211538461539 0.08173076923076923 0.08653846153846154
0 0.7259615384615384 0.8798076923076923 0.14903846153846154 0.23076923076923078
0 0.78125 0.765625 0.1201923076923077 0.21875
0 0.8245192307692307 0.6634615384615384 0.14903846153846154 0.22355769230769232
0 0.9278846153846154 0.5324519230769231 0.13942307692307693 0.22355769230769232
0 0.9819711538461539 0.4230769230769231 0.028846153846153848 0.18028846153846154
0 0.96875 0.25721153846153844 0.052884615384615384 0.20673076923076922
0 0.9783653846153846 0.07692307692307693 0.036057692307692304 0.15384615384615385
0 0.96875 0.1141826923076923 0.038461538461538464 0.0985576923076923
0 0.9014423076923077 0.039663461538461536 0.125 0.07451923076923077
0 0.8641826923076923 0.19110576923076922 0.16346153846153846 0.23076923076923078
0 0.9170673076923077 0.3557692307692308 0.08653846153846154 0.12980769230769232
0 0.8064903846153846 0.4014423076923077 0.14903846153846154 0.21394230769230768
0 0.8401442307692307 0.5324519230769231 0.04326923076923077 0.06009615384615385
0 0.7524038461538461 0.5733173076923077 0.12740384615384615 0.15384615384615385
0 0.6526442307692307 0.6971153846153846 0.15384615384615385 0.22355769230769232
0 0.5685096153846154 0.8629807692307693 0.15384615384615385 0.21875
0 0.5108173076923077 0.9783653846153846 0.10096153846153846 0.03365384615384615
0 0.5288461538461539 0.9423076923076923 0.12980769230769232 0.10336538461538461
0 0.41346153846153844 0.84375 0.1466346153846154 0.21153846153846154
0 0.3317307692307692 0.9639423076923077 0.14182692307692307 0.06009615384615385
0 0.42788461538461536 0.9759615384615384 0.07211538461538461 0.038461538461538464
0 0.3076923076923077 0.8930288461538461 0.12259615384615384 0.16826923076923078
0 0.23677884615384615 0.9723557692307693 0.07692307692307693 0.04326923076923077
0 0.23677884615384615 0.8137019230769231 0.14903846153846154 0.21875
0 0.30288461538461536 0.7163461538461539 0.11298076923076923 0.1971153846153846
0 0.36538461538461536 0.6394230769230769 0.15384615384615385 0.2403846153846154
0 0.49759615384615385 0.6911057692307693 0.14903846153846154 0.21153846153846154
0 0.5240384615384616 0.48677884615384615 0.15625 0.23076923076923078
0 0.671875 0.4699519230769231 0.1346153846153846 0.21875
0 0.5925480769230769 0.5276442307692307 0.07692307692307693 0.19230769230769232
0 0.6634615384615384 0.3629807692307692 0.12980769230769232 0.125
0 0.7151442307692307 0.24639423076923078 0.14182692307692307 0.21875
0 0.78125 0.07572115384615384 0.14903846153846154 0.1466346153846154
0 0.6598557692307693 0.08052884615384616 0.1466346153846154 0.15625
0 0.6310096153846154 0.20793269230769232 0.07932692307692307 0.1875
0 0.5673076923076923 0.24879807692307693 0.14903846153846154 0.22355769230769232
0 0.4855769230769231 0.3581730769230769 0.11538461538461539 0.14903846153846154
0 0.4639423076923077 0.22355769230769232 0.07211538461538461 0.12980769230769232
0 0.5060096153846154 0.08774038461538461 0.15625 0.17307692307692307
0 0.38461538461538464 0.04567307692307692 0.08653846153846154 0.08653846153846154
0 0.11538461538461539 0.9182692307692307 0.16826923076923078 0.15384615384615385
0 0.020432692307692308 0.9567307692307693 0.040865384615384616 0.0673076923076923
0 0.04927884615384615 0.8221153846153846 0.0985576923076923 0.22355769230769232
0 0.17067307692307693 0.765625 0.13221153846153846 0.1971153846153846
0 0.16466346153846154 0.5901442307692307 0.14903846153846154 0.21875
0 0.051682692307692304 0.6117788461538461 0.0985576923076923 0.25240384615384615
0 0.27884615384615385 0.5 0.10817307692307693 0.22355769230769232
0 0.171875 0.39302884615384615 0.14182692307692307 0.2091346153846154
0 0.06009615384615385 0.46153846153846156 0.1201923076923077 0.13701923076923078
0 0.07211538461538461 0.2980769230769231 0.13942307692307693 0.23557692307692307
0 0.2536057692307692 0.28125 0.1466346153846154 0.21394230769230768
0 0.35336538461538464 0.33052884615384615 0.1201923076923077 0.125
0 0.16706730769230768 0.1935096153846154 0.1466346153846154 0.18028846153846154
0 0.30408653846153844 0.1141826923076923 0.12980769230769232 0.12980769230769232
0 0.3786057692307692 0.18629807692307693 0.14182692307692307 0.21875
0 0.2776442307692308 0.046875 0.14182692307692307 0.09375
0 0.125 0.046875 0.15625 0.09134615384615384
0 0.203125 0.08173076923076923 0.08653846153846154 0.0889423076923077
0 0.055288461538461536 0.09975961538461539 0.10576923076923077 0.19471153846153846
0 0.5 0.4987980769230769 0.9951923076923077 0.9927884615384616