0 0.5925480769230769 0.28725961538461536 0.1875 0.24519230769230768
0 0.24879807692307693 0.18028846153846154 0.1201923076923077 0.1875
0 0.3605769230769231 0.22956730769230768 0.13942307692307693 0.2403846153846154
0 0.24759615384615385 0.30288461538461536 0.17307692307692307 0.18028846153846154
0 0.14423076923076922 0.38221153846153844 0.17067307692307693 0.1971153846153846
0 0.0673076923076923 0.33052884615384615 0.10576923076923077 0.18028846153846154
0 0.010817307692307692 0.38822115384615385 0.021634615384615384 0.23076923076923078
0 0.08533653846153846 0.5216346153846154 0.16346153846153846 0.18028846153846154
0 0.2127403846153846 0.5817307692307693 0.0985576923076923 0.20192307692307693
0 0.30408653846153844 0.6478365384615384 0.12740384615384615 0.24519230769230768
0 0.31850961538461536 0.45072115384615385 0.17067307692307693 0.14903846153846154
0 0.3942307692307692 0.3581730769230769 0.04807692307692308 0.09134615384615384
0 0.4831730769230769 0.3389423076923077 0.13942307692307693 0.2403846153846154
0 0.5528846153846154 0.5024038461538461 0.21153846153846154 0.17307692307692307
0 0.6875 0.4182692307692308 0.125 0.11538461538461539
0 0.6911057692307693 0.5733173076923077 0.08653846153846154 0.17307692307692307
0 0.4723557692307692 0.7163461538461539 0.18269230769230768 0.2620192307692308
0 0.5637019230769231 0.7319711538461539 0.15865384615384615 0.28365384615384615
0 0.6286057692307693 0.7235576923076923 0.08653846153846154 0.14903846153846154
0 0.5685096153846154 0.8713942307692307 0.12740384615384615 0.16826923076923078
0 0.40384615384615385 0.890625 0.10096153846153846 0.08653846153846154
0 0.3293269230769231 0.8473557692307693 0.10576923076923077 0.14182692307692307
0 0.2848557692307692 0.8197115384615384 0.11298076923076923 0.11057692307692307
0 0.25600961538461536 0.734375 0.09134615384615384 0.10336538461538461
0 0.17668269230769232 0.8305288461538461 0.14903846153846154 0.1201923076923077
0 0.13581730769230768 0.7403846153846154 0.09134615384615384 0.09134615384615384
0 0.18389423076923078 0.7319711538461539 0.0673076923076923 0.07692307692307693
0 0.11778846153846154 0.65625 0.0985576923076923 0.0985576923076923
0 0.054086538461538464 0.6742788461538461 0.08653846153846154 0.125
0 0.013221153846153846 0.6826923076923077 0.02403846153846154 0.07692307692307693
0 0.051682692307692304 0.7764423076923077 0.10336538461538461 0.09134615384615384
0 0.037259615384615384 0.8004807692307693 0.07451923076923077 0.07211538461538461