0 0.45913461538461536 0.8317307692307693 0.46153846153846156 0.27884615384615385
0 0.2608173076923077 0.9567307692307693 0.14182692307692307 0.08173076923076923
0 0.10096153846153846 0.9338942307692307 0.18990384615384615 0.125
0 0.14182692307692307 0.8353365384615384 0.10817307692307693 0.07451923076923077
0 0.23076923076923078 0.8701923076923077 0.038461538461538464 0.03365384615384615
0 0.5108173076923077 0.9579326923076923 0.052884615384615384 0.038461538461538464
0 0.6117788461538461 0.9795673076923077 0.09134615384615384 0.03365384615384615
0 0.7908653846153846 0.9074519230769231 0.34134615384615385 0.18028846153846154
0 0.90625 0.6538461538461539 0.18269230769230768 0.20673076923076922
0 0.9411057692307693 0.8449519230769231 0.11298076923076923 0.1658653846153846
0 0.875 0.5661057692307693 0.052884615384615384 0.028846153846153848
0 0.7175480769230769 0.5456730769230769 0.18509615384615385 0.28846153846153844
0 0.7259615384615384 0.7259615384615384 0.11538461538461539 0.07451923076923077
0 0.5168269230769231 0.6646634615384616 0.09615384615384616 0.057692307692307696
0 0.5600961538461539 0.5661057692307693 0.1971153846153846 0.125
0 0.6983173076923077 0.5600961538461539 0.08173076923076923 0.06971153846153846
0 0.42427884615384615 0.6237980769230769 0.052884615384615384 0.04326923076923077
0 0.28846153846153844 0.6129807692307693 0.14182692307692307 0.08173076923076923
0 0.16826923076923078 0.7103365384615384 0.14182692307692307 0.10576923076923077
0 0.04927884615384615 0.7463942307692307 0.08653846153846154 0.20673076923076922
0 0.125 0.5288461538461539 0.2403846153846154 0.18269230769230768
0 0.2668269230769231 0.6021634615384616 0.3798076923076923 0.17548076923076922
0 0.9459134615384616 0.4675480769230769 0.04326923076923077 0.021634615384615384
0 0.9435096153846154 0.48677884615384615 0.04807692307692308 0.019230769230769232
0 0.8990384615384616 0.4567307692307692 0.04807692307692308 0.028846153846153848
0 0.9567307692307693 0.4326923076923077 0.052884615384615384 0.03365384615384615
0 0.984375 0.46634615384615385 0.026442307692307692 0.04807692307692308
0 0.9651442307692307 0.40384615384615385 0.04807692307692308 0.03365384615384615
0 0.9206730769230769 0.41225961538461536 0.06009615384615385 0.021634615384615384
0 0.9375 0.38822115384615385 0.04807692307692308 0.02403846153846154
0 0.9771634615384616 0.3786057692307692 0.040865384615384616 0.021634615384615384
0 0.9879807692307693 0.35697115384615385 0.019230769230769232 0.021634615384615384
0 0.9903846153846154 0.4050480769230769 0.014423076923076924 0.036057692307692304
0 0.9939903846153846 0.4326923076923077 0.009615384615384616 0.019230769230769232
0 0.6658653846153846 0.47596153846153844 0.07211538461538461 0.038461538461538464
0 0.2956730769230769 0.4891826923076923 0.09134615384615384 0.052884615384615384
0 0.2776442307692308 0.40865384615384615 0.3798076923076923 0.16105769230769232
0 0.20432692307692307 0.4014423076923077 0.09134615384615384 0.036057692307692304
0 0.056490384615384616 0.4050480769230769 0.10336538461538461 0.11057692307692307
0 0.36177884615384615 0.2920673076923077 0.08173076923076923 0.057692307692307696
0 0.23317307692307693 0.2704326923076923 0.08653846153846154 0.052884615384615384
0 0.09014423076923077 0.20793269230769232 0.16826923076923078 0.20432692307692307
0 0.06009615384615385 0.32091346153846156 0.07692307692307693 0.028846153846153848
0 0.5060096153846154 0.24639423076923078 0.08653846153846154 0.03365384615384615
0 0.7067307692307693 0.28846153846153844 0.08653846153846154 0.057692307692307696
0 0.7908653846153846 0.3425480769230769 0.15865384615384615 0.08653846153846154
0 0.8064903846153846 0.28125 0.2668269230769231 0.1971153846153846
0 0.6334134615384616 0.23317307692307693 0.10336538461538461 0.07211538461538461
0 0.9723557692307693 0.27163461538461536 0.052884615384615384 0.11298076923076923
0 0.9278846153846154 0.421875 0.13942307692307693 0.16105769230769232
0 0.29927884615384615 0.16947115384615385 0.28365384615384615 0.1875
0 0.17668269230769232 0.04807692307692308 0.34375 0.09615384615384616
0 0.5324519230769231 0.08413461538461539 0.25961538461538464 0.16826923076923078
0 0.7367788461538461 0.042067307692307696 0.08173076923076923 0.055288461538461536
0 0.7740384615384616 0.12259615384615384 0.09134615384615384 0.0625
0 0.8341346153846154 0.16947115384615385 0.10336538461538461 0.038461538461538464
0 0.9290865384615384 0.15384615384615385 0.07692307692307693 0.057692307692307696
0 0.8870192307692307 0.04927884615384615 0.22115384615384615 0.0985576923076923