0 0.06490384615384616 0.9567307692307693 0.1201923076923077 0.052884615384615384
0 0.12740384615384615 0.9795673076923077 0.13701923076923078 0.03365384615384615
0 0.21995192307692307 0.9579326923076923 0.18990384615384615 0.07692307692307693
0 0.21754807692307693 0.9831730769230769 0.04326923076923077 0.026442307692307692
0 0.25 0.9230769230769231 0.12980769230769232 0.06009615384615385
0 0.24759615384615385 0.875 0.10096153846153846 0.057692307692307696
0 0.14903846153846154 0.8762019230769231 0.14423076923076922 0.07451923076923077
0 0.16346153846153846 0.7944711538461539 0.07692307692307693 0.08173076923076923
0 0.04807692307692308 0.8930288461538461 0.08173076923076923 0.08653846153846154
0 0.06490384615384616 0.7884615384615384 0.1201923076923077 0.16826923076923078
0 0.036057692307692304 0.6850961538461539 0.06009615384615385 0.04326923076923077
0 0.17548076923076922 0.5865384615384616 0.31490384615384615 0.25961538461538464
0 0.15745192307692307 0.5865384615384616 0.1971153846153846 0.15384615384615385
0 0.2860576923076923 0.6670673076923077 0.09615384615384616 0.04807692307692308
0 0.21153846153846154 0.7271634615384616 0.23076923076923078 0.13942307692307693
0 0.3389423076923077 0.7103365384615384 0.09615384615384616 0.04807692307692308
0 0.3605769230769231 0.6646634615384616 0.06490384615384616 0.038461538461538464
0 0.2920673076923077 0.6382211538461539 0.1201923076923077 0.057692307692307696
0 0.3605769230769231 0.7463942307692307 0.07692307692307693 0.04807692307692308
0 0.4230769230769231 0.7584134615384616 0.06009615384615385 0.04326923076923077
0 0.5 0.7572115384615384 0.06009615384615385 0.038461538461538464
0 0.48197115384615385 0.7127403846153846 0.09615384615384616 0.052884615384615384
0 0.4050480769230769 0.7055288461538461 0.036057692307692304 0.038461538461538464
0 0.5060096153846154 0.8100961538461539 0.09615384615384616 0.06009615384615385
0 0.5120192307692307 0.8533653846153846 0.10576923076923077 0.04807692307692308
0 0.4699519230769231 0.9266826923076923 0.32211538461538464 0.13942307692307693
0 0.3485576923076923 0.8233173076923077 0.1971153846153846 0.11298076923076923
0 0.6189903846153846 0.8461538461538461 0.12980769230769232 0.07451923076923077
0 0.6574519230769231 0.9254807692307693 0.11298076923076923 0.06971153846153846
0 0.7415865384615384 0.8737980769230769 0.11298076923076923 0.0673076923076923
0 0.8509615384615384 0.8401442307692307 0.12980769230769232 0.07932692307692307
0 0.8449519230769231 0.9122596153846154 0.12980769230769232 0.06490384615384616
0 0.9459134615384616 0.8822115384615384 0.10576923076923077 0.07692307692307693
0 0.9627403846153846 0.9483173076923077 0.06971153846153846 0.07451923076923077
0 0.9603365384615384 0.8233173076923077 0.07451923076923077 0.04567307692307692
0 0.7764423076923077 0.9399038461538461 0.375 0.11298076923076923
0 0.7584134615384616 0.8016826923076923 0.16105769230769232 0.07692307692307693
0 0.8990384615384616 0.796875 0.08173076923076923 0.04807692307692308
0 0.8064903846153846 0.7115384615384616 0.10096153846153846 0.06490384615384616
0 0.9507211538461539 0.6682692307692307 0.09375 0.052884615384615384
0 0.90625 0.7415865384615384 0.18269230769230768 0.13221153846153846
0 0.7295673076923077 0.7211538461538461 0.125 0.07692307692307693
0 0.6334134615384616 0.7644230769230769 0.16105769230769232 0.07692307692307693
0 0.5420673076923077 0.7548076923076923 0.07211538461538461 0.07692307692307693
0 0.5985576923076923 0.6971153846153846 0.14903846153846154 0.07211538461538461
0 0.6574519230769231 0.6682692307692307 0.10096153846153846 0.07692307692307693
0 0.8209134615384616 0.6394230769230769 0.18990384615384615 0.09375
0 0.47596153846153844 0.6382211538461539 0.22596153846153846 0.11057692307692307
0 0.35096153846153844 0.5588942307692307 0.10576923076923077 0.125
0 0.35096153846153844 0.44711538461538464 0.12980769230769232 0.15384615384615385
0 0.43509615384615385 0.4795673076923077 0.1201923076923077 0.18028846153846154
0 0.5060096153846154 0.5216346153846154 0.14423076923076922 0.09615384615384616
0 0.4639423076923077 0.5516826923076923 0.12980769230769232 0.06971153846153846
0 0.4735576923076923 0.4879807692307692 0.14903846153846154 0.06971153846153846
0 0.6574519230769231 0.5745192307692307 0.2932692307692308 0.09615384615384616
0 0.9038461538461539 0.546875 0.1875 0.14182692307692307
0 0.9579326923076923 0.6514423076923077 0.08173076923076923 0.11778846153846154
0 0.04447115384615385 0.5528846153846154 0.07692307692307693 0.08653846153846154
0 0.0625 0.4855769230769231 0.11298076923076923 0.06971153846153846
0 0.026442307692307692 0.4411057692307692 0.04326923076923077 0.07692307692307693
0 0.07451923076923077 0.40024038461538464 0.13701923076923078 0.08653846153846154
0 0.026442307692307692 0.33653846153846156 0.04326923076923077 0.0673076923076923
0 0.18509615384615385 0.43149038461538464 0.16826923076923078 0.11057692307692307
0 0.25600961538461536 0.4387019230769231 0 0.04326923076923077
0 0.3485576923076923 0.44350961538461536 0.10096153846153846 0.04807692307692308
0 0.3894230769230769 0.4254807692307692 0.125 0.04326923076923077
0 0.4110576923076923 0.35697115384615385 0.18990384615384615 0.09375
0 0.5360576923076923 0.3629807692307692 0.09615384615384616 0.07211538461538461
0 0.5865384615384616 0.4338942307692308 0.2548076923076923 0.0673076923076923
0 0.6814903846153846 0.49038461538461536 0.17307692307692307 0.11298076923076923
0 0.7980769230769231 0.4483173076923077 0.15384615384615385 0.11538461538461539
0 0.9387019230769231 0.453125 0.11778846153846154 0.08413461538461539
0 0.8858173076923077 0.3329326923076923 0.22355769230769232 0.18509615384615385
0 0.7475961538461539 0.25841346153846156 0.14903846153846154 0.09134615384615384
0 0.6899038461538461 0.3401442307692308 0.1778846153846154 0.125
0 0.6105769230769231 0.25961538461538464 0.20673076923076922 0.1466346153846154
0 0.5384615384615384 0.23677884615384615 0.10096153846153846 0.15384615384615385
0 0.4675480769230769 0.23557692307692307 0.052884615384615384 0.16346153846153846
0 0.42908653846153844 0.21634615384615385 0.06009615384615385 0.1875
0 0.4014423076923077 0.2247596153846154 0.11298076923076923 0.15625
0 0.3545673076923077 0.23197115384615385 0.0889423076923077 0.15625
0 0.3004807692307692 0.26802884615384615 0.0889423076923077 0.09134615384615384
0 0.2644230769230769 0.31850961538461536 0.14903846153846154 0.08173076923076923
0 0.17307692307692307 0.26802884615384615 0.16826923076923078 0.0625
0 0.15144230769230768 0.3112980769230769 0.10096153846153846 0.05048076923076923
0 0.1875 0.30649038461538464 0.3629807692307692 0.20673076923076922
0 0.8581730769230769 0.17067307692307693 0.27884615384615385 0.16826923076923078
0 0.9663461538461539 0.08774038461538461 0.0625 0.07932692307692307
0 0.8461538461538461 0.04567307692307692 0.30288461538461536 0.09134615384615384
0 0.6634615384615384 0.01201923076923077 0.07692307692307693 0.02403846153846154
0 0.6514423076923077 0.0985576923076923 0.23076923076923078 0.14903846153846154
0 0.49158653846153844 0.11778846153846154 0.10096153846153846 0.0625
0 0.6129807692307693 0.20552884615384615 0.20192307692307693 0.11057692307692307
0 0.17908653846153846 0.12860576923076922 0.34615384615384615 0.25721153846153844
0 0.03245192307692308 0.05048076923076923 0.052884615384615384 0.04807692307692308
0 0.030048076923076924 0.013221153846153846 0.04807692307692308 0.026442307692307692
0 0.3125 0.06850961538461539 0.27884615384615385 0.13701923076923078
0 0.5264423076923077 0.042067307692307696 0.20673076923076922 0.08173076923076923
0 0.5012019230769231 0.4987980769230769 0.9927884615384616 0.9975961538461539