0 0.3870192307692308 0.6742788461538461 0.375 0.19230769230769232
0 0.30649038461538464 0.6442307692307693 0.6081730769230769 0.1778846153846154
0 0.35216346153846156 0.4567307692307692 0.5817307692307693 0.37740384615384615
0 0.43149038461538464 0.30288461538461536 0.6442307692307693 0.5961538461538461
0 0.36899038461538464 0.07692307692307693 0.0985576923076923 0.14182692307692307
0 0.5036057692307693 0.15625 0.15625 0.3004807692307692
0 0.4723557692307692 0.34375 0.057692307692307696 0.0985576923076923
0 0.5240384615384616 0.3581730769230769 0.028846153846153848 0.06009615384615385
0 0.6622596153846154 0.19951923076923078 0.07211538461538461 0.3125
0 0.5588942307692307 0.859375 0.8774038461538461 0.2764423076923077
0 0.8076923076923077 0.7872596153846154 0.3798076923076923 0.2620192307692308
0 0.8161057692307693 0.6778846153846154 0.3605769230769231 0.15384615384615385
0 0.8689903846153846 0.5516826923076923 0.2548076923076923 0.25240384615384615
0 0.8786057692307693 0.33052884615384615 0.052884615384615384 0.23557692307692307
0 0.9603365384615384 0.3629807692307692 0.07211538461538461 0.22355769230769232
0 0.7836538461538461 0.3473557692307692 0.03365384615384615 0.11538461538461539