0 0.8449519230769231 0.25240384615384615 0.30288461538461536 0.4951923076923077
0 0.96875 0.038461538461538464 0.055288461538461536 0.06490384615384616
0 0.6574519230769231 0.11177884615384616 0.27884615384615385 0.21153846153846154
0 0.7067307692307693 0.4026442307692308 0.23076923076923078 0.3918269230769231
0 0.8990384615384616 0.6081730769230769 0.19230769230769232 0.34615384615384615
0 0.9290865384615384 0.8798076923076923 0.13701923076923078 0.2403846153846154
0 0.6802884615384616 0.75 0.25961538461538464 0.3701923076923077
0 0.7295673076923077 0.9507211538461539 0.2644230769230769 0.09615384615384616
0 0.5072115384615384 0.9387019230769231 0.23557692307692307 0.11778846153846154
0 0.32091346153846156 0.7848557692307693 0.2932692307692308 0.35336538461538464
0 0.49759615384615385 0.31850961538461536 0.3605769230769231 0.5600961538461539
0 0.3629807692307692 0.4050480769230769 0.20673076923076922 0.40865384615384615
0 0.3545673076923077 0.08653846153846154 0.33653846153846156 0.16346153846153846
0 0.18389423076923078 0.49158653846153844 0.3173076923076923 0.4519230769230769
0 0.11298076923076923 0.1814903846153846 0.22596153846153846 0.35336538461538464
0 0.03485576923076923 0.5192307692307693 0.06971153846153846 0.35336538461538464
0 0.027644230769230768 0.9567307692307693 0.055288461538461536 0.08173076923076923