0 0.18389423076923078 0.35096153846153844 0.17307692307692307 0.16346153846153846
0 0.2692307692307692 0.5108173076923077 0.1466346153846154 0.13942307692307693
0 0.48197115384615385 0.37259615384615385 0.37740384615384615 0.27403846153846156
0 0.5048076923076923 0.33653846153846156 0.3076923076923077 0.40625
0 0.3894230769230769 0.5600961538461539 0.41346153846153844 0.41346153846153844
0 0.5552884615384616 0.6826923076923077 0.125 0.125
0 0.6129807692307693 0.84375 0.1346153846153846 0.1346153846153846
0 0.7067307692307693 0.6766826923076923 0.1346153846153846 0.12980769230769232
0 0.6646634615384616 0.5360576923076923 0.13942307692307693 0.15144230769230768
0 0.8245192307692307 0.421875 0.2091346153846154 0.20192307692307693
0 0.7199519230769231 0.28365384615384615 0.15144230769230768 0.14903846153846154
0 0.6802884615384616 0.13822115384615385 0.10576923076923077 0.125