0 0.038461538461538464 0.04447115384615385 0.07692307692307693 0.08413461538461539
0 0.16105769230769232 0.03365384615384615 0.16826923076923078 0.0625
0 0.30408653846153844 0.0625 0.23557692307692307 0.10096153846153846
0 0.36778846153846156 0.13822115384615385 0.23557692307692307 0.09615384615384616
0 0.3954326923076923 0.037259615384615384 0.13701923076923078 0.06971153846153846
0 0.5757211538461539 0.06971153846153846 0.3004807692307692 0.1346153846153846
0 0.6009615384615384 0.29447115384615385 0.17307692307692307 0.20192307692307693
0 0.7608173076923077 0.36538461538461536 0.16826923076923078 0.17548076923076922
0 0.6382211538461539 0.44471153846153844 0.2980769230769231 0.17548076923076922
0 0.609375 0.5877403846153846 0.28125 0.13942307692307693
0 0.48197115384615385 0.7283653846153846 0.2644230769230769 0.1875
0 0.34615384615384615 0.78125 0.19230769230769232 0.11057692307692307
0 0.35697115384615385 0.8882211538461539 0.16105769230769232 0.10336538461538461
0 0.2920673076923077 0.9338942307692307 0.1778846153846154 0.0889423076923077
0 0.14783653846153846 0.9483173076923077 0.16105769230769232 0.09615384615384616
0 0.028846153846153848 0.9735576923076923 0.057692307692307696 0.04567307692307692
0 0.14543269230769232 0.8329326923076923 0.1971153846153846 0.14423076923076922
0 0.20793269230769232 0.7091346153846154 0.20673076923076922 0.14182692307692307
0 0.046875 0.6442307692307693 0.09375 0.2091346153846154
0 0.03365384615384615 0.8016826923076923 0.0673076923076923 0.10576923076923077
0 0.21875 0.5853365384615384 0.21875 0.10576923076923077
0 0.41947115384615385 0.5721153846153846 0.23557692307692307 0.1346153846153846
0 0.421875 0.5168269230769231 0.16826923076923078 0.0985576923076923
0 0.25240384615384615 0.38822115384615385 0.20192307692307693 0.14423076923076922
0 0.140625 0.24759615384615385 0.25961538461538464 0.12980769230769232
0 0.10697115384615384 0.13701923076923078 0.17307692307692307 0.10576923076923077
0 0.22355769230769232 0.15625 0.10576923076923077 0.0673076923076923
0 0.5072115384615384 0.24759615384615385 0.23557692307692307 0.20673076923076922
0 0.390625 0.4050480769230769 0.21875 0.17067307692307693
0 0.328125 0.265625 0.1346153846153846 0.16826923076923078
0 0.11177884615384616 0.4014423076923077 0.22355769230769232 0.16346153846153846
0 0.0733173076923077 0.48677884615384615 0.14423076923076922 0.13701923076923078