0 0.2800480769230769 0.5600961538461539 0.21153846153846154 0.32211538461538464
0 0.234375 0.48677884615384615 0.3245192307692308 0.7307692307692307
0 0.4326923076923077 0.33653846153846156 0.20432692307692307 0.3317307692307692
0 0.5036057692307693 0.11778846153846154 0.18509615384615385 0.22355769230769232
0 0.6237980769230769 0.2620192307692308 0.1778846153846154 0.2403846153846154
0 0.6286057692307693 0.4699519230769231 0.18269230769230768 0.28365384615384615
0 0.4723557692307692 0.5985576923076923 0.18269230769230768 0.3125
0 0.3449519230769231 0.8377403846153846 0.18028846153846154 0.31971153846153844
0 0.78125 0.42908653846153844 0.17307692307692307 0.2692307692307692
0 0.7475961538461539 0.6586538461538461 0.10576923076923077 0.21394230769230768
0 0.6694711538461539 0.6742788461538461 0.08173076923076923 0.14903846153846154
0 0.6141826923076923 0.6334134615384616 0.021634615384615384 0.04326923076923077
0 0.5492788461538461 0.6586538461538461 0.09615384615384616 0.18028846153846154
0 0.6105769230769231 0.7319711538461539 0.10096153846153846 0.15384615384615385
0 0.47596153846153844 0.7896634615384616 0.11057692307692307 0.09134615384615384
0 0.39783653846153844 0.9038461538461539 0.0673076923076923 0.14903846153846154
0 0.47115384615384615 0.9098557692307693 0.08413461538461539 0.14903846153846154
0 0.53125 0.8798076923076923 0.08653846153846154 0.16346153846153846
0 0.5144230769230769 0.9771634615384616 0.10096153846153846 0.040865384615384616
0 0.4266826923076923 0.9819711538461539 0.07932692307692307 0.03125
0 0.5925480769230769 0.8088942307692307 0.09615384615384616 0.0985576923076923
0 0.6237980769230769 0.9098557692307693 0.0985576923076923 0.14903846153846154
0 0.6237980769230769 0.984375 0.11778846153846154 0.026442307692307692
0 0.7295673076923077 0.9314903846153846 0.10576923076923077 0.125
0 0.6983173076923077 0.7980769230769231 0.10096153846153846 0.14182692307692307
0 0.7367788461538461 0.7235576923076923 0.07692307692307693 0.09134615384615384
0 0.7740384615384616 0.84375 0.08653846153846154 0.15865384615384615
0 0.8341346153846154 0.71875 0.07692307692307693 0.14903846153846154
0 0.8798076923076923 0.6033653846153846 0.07211538461538461 0.11538461538461539