0 0.7728365384615384 0.8365384615384616 0.4519230769230769 0.31971153846153844
0 0.5108173076923077 0.9615384615384616 0.13701923076923078 0.06971153846153846
0 0.3329326923076923 0.9050480769230769 0.3173076923076923 0.18269230769230768
0 0.1141826923076923 0.9038461538461539 0.21875 0.18509615384615385
0 0.16706730769230768 0.6213942307692307 0.32211538461538464 0.31971153846153844
0 0.46153846153846156 0.7560096153846154 0.25721153846153844 0.18269230769230768
0 0.5985576923076923 0.6129807692307693 0.24519230769230768 0.18509615384615385
0 0.7836538461538461 0.5637019230769231 0.20192307692307693 0.24759615384615385
0 0.8076923076923077 0.29086538461538464 0.3798076923076923 0.2932692307692308
0 0.5793269230769231 0.28966346153846156 0.3269230769230769 0.32211538461538464
0 0.8533653846153846 0.5985576923076923 0.28846153846153844 0.34615384615384615
0 0.7211538461538461 0.12139423076923077 0.42788461538461536 0.23798076923076922
0 0.4795673076923077 0.039663461538461536 0.20432692307692307 0.07451923076923077
0 0.4375 0.11298076923076923 0.17307692307692307 0.16826923076923078
0 0.26802884615384615 0.019230769230769232 0.25240384615384615 0.03365384615384615
0 0.33052884615384615 0.16466346153846154 0.4110576923076923 0.3245192307692308
0 0.5192307692307693 0.36538461538461536 0.14182692307692307 0.0985576923076923
0 0.4831730769230769 0.41947115384615385 0.10336538461538461 0.038461538461538464
0 0.39663461538461536 0.36778846153846156 0.11538461538461539 0.08653846153846154
0 0.265625 0.3942307692307692 0.15865384615384615 0.1201923076923077
0 0.36899038461538464 0.44591346153846156 0.13701923076923078 0.0673076923076923
0 0.4074519230769231 0.5024038461538461 0.14903846153846154 0.10096153846153846
0 0.46153846153846156 0.46153846153846156 0.06009615384615385 0.036057692307692304
0 0.5925480769230769 0.47475961538461536 0.21153846153846154 0.1201923076923077
0 0.41586538461538464 0.6057692307692307 0.11057692307692307 0.0985576923076923
0 0.34375 0.6346153846153846 0.08653846153846154 0.0673076923076923
0 0.32572115384615385 0.5576923076923077 0.11538461538461539 0.07692307692307693
0 0.4098557692307692 0.5 0.14182692307692307 0.0985576923076923
0 0.2956730769230769 0.5204326923076923 0.07692307692307693 0.036057692307692304
0 0.32211538461538464 0.4495192307692308 0.04326923076923077 0.03365384615384615
0 0.16947115384615385 0.53125 0.1201923076923077 0.06490384615384616
0 0.12259615384615384 0.5961538461538461 0.11538461538461539 0.057692307692307696
0 0.04326923076923077 0.6069711538461539 0.04326923076923077 0.04326923076923077
0 0.02403846153846154 0.578125 0.038461538461538464 0.028846153846153848
0 0.057692307692307696 0.5504807692307693 0.10336538461538461 0.0673076923076923
0 0.046875 0.49759615384615385 0.07211538461538461 0.036057692307692304
0 0.07932692307692307 0.4543269230769231 0.06009615384615385 0.036057692307692304
0 0.021634615384615384 0.4651442307692308 0.03365384615384615 0.04326923076923077
0 0.16105769230769232 0.4639423076923077 0.07211538461538461 0.052884615384615384
0 0.14423076923076922 0.3870192307692308 0.08173076923076923 0.052884615384615384
0 0.06009615384615385 0.4050480769230769 0.11057692307692307 0.07692307692307693
0 0.051682692307692304 0.32211538461538464 0.09134615384615384 0.0625
0 0.16105769230769232 0.28725961538461536 0.125 0.06490384615384616
0 0.18870192307692307 0.3401442307692308 0.11538461538461539 0.052884615384615384
0 0.051682692307692304 0.2548076923076923 0.09134615384615384 0.08173076923076923
0 0.18028846153846154 0.203125 0.35096153846153844 0.2764423076923077