0 0.7403846153846154 0.5817307692307693 0.21634615384615385 0.21153846153846154
0 0.6466346153846154 0.46033653846153844 0.21634615384615385 0.13942307692307693
0 0.6574519230769231 0.6442307692307693 0.11538461538461539 0.15144230769230768
0 0.5336538461538461 0.6887019230769231 0.2403846153846154 0.25
0 0.6778846153846154 0.3401442307692308 0.21634615384615385 0.2091346153846154
0 0.5492788461538461 0.29086538461538464 0.16346153846153846 0.22596153846153846
0 0.40625 0.2620192307692308 0.21634615384615385 0.21153846153846154
0 0.42427884615384615 0.49759615384615385 0.24519230769230768 0.2403846153846154
0 0.3112980769230769 0.7283653846153846 0.21153846153846154 0.20432692307692307
0 0.4182692307692308 0.6862980769230769 0.11538461538461539 0.13942307692307693
0 0.3004807692307692 0.6177884615384616 0.18269230769230768 0.11538461538461539
0 0.19110576923076922 0.4951923076923077 0.22115384615384615 0.2091346153846154
0 0.2776442307692308 0.3425480769230769 0.13942307692307693 0.15865384615384615