0 0.9411057692307693 0.39903846153846156 0.11057692307692307 0.7884615384615384
0 0.8990384615384616 0.6033653846153846 0.10576923076923077 0.34615384615384615
0 0.7956730769230769 0.29927884615384615 0.10096153846153846 0.5865384615384616
0 0.7079326923076923 0.28846153846153844 0.11538461538461539 0.5649038461538461
0 0.6225961538461539 0.3918269230769231 0.15865384615384615 0.7716346153846154
0 0.4795673076923077 0.37259615384615385 0.19230769230769232 0.7331730769230769
0 0.5 0.18990384615384615 0.08173076923076923 0.3701923076923077
0 0.3629807692307692 0.3293269230769231 0.23557692307692307 0.6466346153846154
0 0.35096153846153844 0.35336538461538464 0.3076923076923077 0.6971153846153846
0 0.28846153846153844 0.4206730769230769 0.3076923076923077 0.8317307692307693
0 0.13942307692307693 0.36899038461538464 0.27884615384615385 0.6225961538461539
0 0.14182692307692307 0.2283653846153846 0.057692307692307696 0.10817307692307693
0 0.1622596153846154 0.5817307692307693 0.3245192307692308 0.46634615384615385
0 0.14903846153846154 0.7596153846153846 0.2980769230769231 0.47596153846153844
0 0.04927884615384615 0.7692307692307693 0.0985576923076923 0.15865384615384615
0 0.0889423076923077 0.9146634615384616 0.1778846153846154 0.1658653846153846
0 0.27403846153846156 0.9723557692307693 0.1971153846153846 0.052884615384615384
0 0.45913461538461536 0.9038461538461539 0.3269230769230769 0.1875
0 0.6310096153846154 0.8485576923076923 0.3581730769230769 0.2980769230769231
0 0.8461538461538461 0.7764423076923077 0.30288461538461536 0.44711538461538464