0 0.7956730769230769 0.390625 0.3004807692307692 0.1201923076923077
0 0.8389423076923077 0.3942307692307692 0.13701923076923078 0.0985576923076923
0 0.9038461538461539 0.3894230769230769 0.04807692307692308 0.04326923076923077
0 0.8365384615384616 0.3076923076923077 0.07692307692307693 0.052884615384615384
0 0.8581730769230769 0.2439903846153846 0.17307692307692307 0.18269230769230768
0 0.7487980769230769 0.3125 0.03365384615384615 0.05048076923076923
0 0.7536057692307693 0.265625 0.16346153846153846 0.08653846153846154
0 0.765625 0.23076923076923078 0.0985576923076923 0.0673076923076923
0 0.8329326923076923 0.12379807692307693 0.06009615384615385 0.036057692307692304
0 0.9098557692307693 0.4639423076923077 0.04807692307692308 0.03365384615384615
0 0.8713942307692307 0.44591346153846156 0.04807692307692308 0.02403846153846154
0 0.9122596153846154 0.49038461538461536 0.04326923076923077 0.028846153846153848
0 0.9567307692307693 0.49278846153846156 0.04326923076923077 0.038461538461538464
0 0.953125 0.4639423076923077 0.04807692307692308 0.02403846153846154
0 0.9723557692307693 0.44711538461538464 0.04326923076923077 0.028846153846153848
0 0.9759615384615384 0.41947115384615385 0.038461538461538464 0.02403846153846154
0 0.9567307692307693 0.5324519230769231 0.052884615384615384 0.04807692307692308
0 0.9807692307692307 0.5528846153846154 0.028846153846153848 0.036057692307692304
0 0.7271634615384616 0.4050480769230769 0.07692307692307693 0.04807692307692308
0 0.6742788461538461 0.3713942307692308 0.07211538461538461 0.028846153846153848
0 0.6634615384615384 0.4074519230769231 0.06009615384615385 0.05048076923076923
0 0.2512019230769231 0.027644230769230768 0.1971153846153846 0.04807692307692308
0 0.28966346153846156 0.04326923076923077 0.1201923076923077 0.057692307692307696
0 0.34975961538461536 0.078125 0.1875 0.08413461538461539
0 0.2704326923076923 0.09134615384615384 0.125 0.06490384615384616
0 0.18629807692307693 0.11057692307692307 0.1875 0.07692307692307693
0 0.13341346153846154 0.09134615384615384 0.14903846153846154 0.08173076923076923
0 0.08173076923076923 0.07692307692307693 0.0985576923076923 0.07211538461538461
0 0.038461538461538464 0.02403846153846154 0.07692307692307693 0.038461538461538464
0 0.11177884615384616 0.014423076923076924 0.07211538461538461 0.021634615384615384
0 0.265625 0.027644230769230768 0.22355769230769232 0.04807692307692308
0 0.4182692307692308 0.03125 0.11538461538461539 0.052884615384615384
0 0.014423076923076924 0.109375 0.028846153846153848 0.12740384615384615
0 0.15625 0.5913461538461539 0.14903846153846154 0.0985576923076923
0 0.19951923076923078 0.4855769230769231 0.07211538461538461 0.08413461538461539
0 0.12259615384615384 0.46153846153846156 0.08173076923076923 0.11538461538461539
0 0.21634615384615385 0.4651442307692308 0.10336538461538461 0.11538461538461539
0 0.15264423076923078 0.8617788461538461 0.14182692307692307 0.0889423076923077
0 0.3473557692307692 0.9579326923076923 0.13701923076923078 0.07692307692307693
0 0.28966346153846156 0.9747596153846154 0.07932692307692307 0.04567307692307692
0 0.6310096153846154 0.9314903846153846 0.038461538461538464 0.05048076923076923
0 0.703125 0.9459134615384616 0.08413461538461539 0.10336538461538461
0 0.7127403846153846 0.9014423076923077 0.13701923076923078 0.057692307692307696
0 0.7319711538461539 0.9266826923076923 0.07692307692307693 0.021634615384615384
0 0.8028846153846154 0.9507211538461539 0.20673076923076922 0.03365384615384615
0 0.8786057692307693 0.9783653846153846 0.16105769230769232 0.038461538461538464
0 0.8341346153846154 0.9855769230769231 0.10576923076923077 0.02403846153846154
0 0.9675480769230769 0.9266826923076923 0.052884615384615384 0.04326923076923077
0 0.9507211538461539 0.8978365384615384 0.08653846153846154 0.05048076923076923
0 0.9699519230769231 0.9711538461538461 0.05048076923076923 0.052884615384615384
0 0.9399038461538461 0.8149038461538461 0.08653846153846154 0.11778846153846154
0 0.9375 0.7668269230769231 0.11538461538461539 0.08653846153846154
0 0.9615384615384616 0.7103365384615384 0.0673076923076923 0.038461538461538464
0 0.9122596153846154 0.7223557692307693 0.07692307692307693 0.038461538461538464
0 0.9675480769230769 0.84375 0.04326923076923077 0.028846153846153848
0 0.9675480769230769 0.8161057692307693 0.04326923076923077 0.03365384615384615
0 0.8882211538461539 0.8257211538461539 0.038461538461538464 0.028846153846153848
0 0.8581730769230769 0.8112980769230769 0.04326923076923077 0.036057692307692304
0 0.8605769230769231 0.8581730769230769 0.09134615384615384 0.05048076923076923
0 0.7764423076923077 0.84375 0.14182692307692307 0.036057692307692304
0 0.7596153846153846 0.8798076923076923 0.0673076923076923 0.057692307692307696
0 0.7271634615384616 0.8605769230769231 0.0673076923076923 0.03125
0 0.9158653846153846 0.8858173076923077 0.13701923076923078 0.04807692307692308
0 0.6009615384615384 0.7932692307692307 0.052884615384615384 0.04326923076923077
0 0.5576923076923077 0.7704326923076923 0.07692307692307693 0.028846153846153848
0 0.5733173076923077 0.7451923076923077 0.0985576923076923 0.04326923076923077
0 0.5961538461538461 0.7223557692307693 0.08653846153846154 0.038461538461538464
0 0.7788461538461539 0.7235576923076923 0.06009615384615385 0.057692307692307696
0 0.8173076923076923 0.7295673076923077 0.04807692307692308 0.052884615384615384
0 0.8689903846153846 0.7548076923076923 0.04326923076923077 0.0673076923076923
0 0.8088942307692307 0.7872596153846154 0.052884615384615384 0.052884615384615384
0 0.7403846153846154 0.8088942307692307 0.06009615384615385 0.03365384615384615
0 0.6418269230769231 0.84375 0.04807692307692308 0.09615384615384616
0 0.5901442307692307 0.8581730769230769 0.04326923076923077 0.07211538461538461
0 0.9038461538461539 0.6586538461538461 0.08173076923076923 0.036057692307692304
0 0.9074519230769231 0.6201923076923077 0.0673076923076923 0.04807692307692308
0 0.8629807692307693 0.5841346153846154 0.0673076923076923 0.038461538461538464
0 0.8257211538461539 0.6129807692307693 0.08653846153846154 0.052884615384615384
0 0.8112980769230769 0.6550480769230769 0.09134615384615384 0.057692307692307696
0 0.8064903846153846 0.6911057692307693 0.07211538461538461 0.036057692307692304
0 0.7403846153846154 0.6550480769230769 0.06009615384615385 0.04326923076923077
0 0.7295673076923077 0.6983173076923077 0.06009615384615385 0.05048076923076923
0 0.6995192307692307 0.7199519230769231 0.04326923076923077 0.028846153846153848
0 0.6586538461538461 0.6911057692307693 0.08173076923076923 0.036057692307692304
0 0.6262019230769231 0.6730769230769231 0.04807692307692308 0.021634615384615384
0 0.6334134615384616 0.6454326923076923 0.052884615384615384 0.03365384615384615
0 0.6826923076923077 0.6514423076923077 0.0673076923076923 0.036057692307692304
0 0.5925480769230769 0.6526442307692307 0.06009615384615385 0.04807692307692308
0 0.5384615384615384 0.6706730769230769 0.07211538461538461 0.038461538461538464
0 0.5132211538461539 0.7151442307692307 0.03365384615384615 0.038461538461538464
0 0.4831730769230769 0.65625 0.07211538461538461 0.038461538461538464
0 0.4423076923076923 0.6322115384615384 0.07692307692307693 0.036057692307692304
0 0.4266826923076923 0.5925480769230769 0.07692307692307693 0.036057692307692304
0 0.44591346153846156 0.5600961538461539 0.07211538461538461 0.04326923076923077
0 0.3858173076923077 0.546875 0.06009615384615385 0.04807692307692308
0 0.38221153846153844 0.5144230769230769 0.052884615384615384 0.02403846153846154
0 0.3389423076923077 0.4963942307692308 0.08653846153846154 0.038461538461538464
0 0.3605769230769231 0.47115384615384615 0.0673076923076923 0.019230769230769232
0 0.28966346153846156 0.43509615384615385 0.08653846153846154 0.0625
0 0.3798076923076923 0.4423076923076923 0.09134615384615384 0.038461538461538464
0 0.4483173076923077 0.4362980769230769 0.07692307692307693 0.036057692307692304
0 0.5216346153846154 0.40384615384615385 0.07211538461538461 0.05048076923076923
0 0.5733173076923077 0.3233173076923077 0.03365384615384615 0.05048076923076923
0 0.5576923076923077 0.421875 0.03365384615384615 0.036057692307692304
0 0.7403846153846154 0.44711538461538464 0.07211538461538461 0.036057692307692304
0 0.7379807692307693 0.48197115384615385 0.07692307692307693 0.03365384615384615
0 0.7620192307692307 0.5096153846153846 0.07211538461538461 0.036057692307692304
0 0.7872596153846154 0.47836538461538464 0.04326923076923077 0.03365384615384615
0 0.8173076923076923 0.5144230769230769 0.04807692307692308 0.038461538461538464
0 0.828125 0.5564903846153846 0.08173076923076923 0.05048076923076923
0 0.7596153846153846 0.5432692307692307 0.052884615384615384 0.03365384615384615
0 0.7403846153846154 0.5769230769230769 0.08173076923076923 0.04807692307692308
0 0.7572115384615384 0.6129807692307693 0.04807692307692308 0.03365384615384615
0 0.6911057692307693 0.6057692307692307 0.07211538461538461 0.04807692307692308
0 0.6911057692307693 0.578125 0.038461538461538464 0.021634615384615384
0 0.6826923076923077 0.5492788461538461 0.052884615384615384 0.028846153846153848
0 0.6526442307692307 0.5240384615384616 0.07211538461538461 0.04326923076923077
0 0.6971153846153846 0.5060096153846154 0.06009615384615385 0.036057692307692304
0 0.6286057692307693 0.47596153846153844 0.021634615384615384 0.014423076923076924
0 0.5540865384615384 0.49038461538461536 0.07211538461538461 0.04326923076923077
0 0.5360576923076923 0.453125 0.0673076923076923 0.038461538461538464
0 0.4891826923076923 0.4651442307692308 0.07211538461538461 0.04326923076923077
0 0.4230769230769231 0.4795673076923077 0.08173076923076923 0.036057692307692304
0 0.4483173076923077 0.5216346153846154 0.07692307692307693 0.038461538461538464
0 0.4891826923076923 0.5108173076923077 0.07211538461538461 0.038461538461538464
0 0.5 0.5528846153846154 0.04807692307692308 0.04326923076923077
0 0.546875 0.53125 0.052884615384615384 0.04326923076923077
0 0.5492788461538461 0.5733173076923077 0.07211538461538461 0.038461538461538464
0 0.5408653846153846 0.609375 0.0673076923076923 0.03365384615384615
0 0.49399038461538464 0.5997596153846154 0.028846153846153848 0.021634615384615384
0 0.5240384615384616 0.6322115384615384 0.052884615384615384 0.028846153846153848
0 0.5925480769230769 0.5492788461538461 0.06009615384615385 0.036057692307692304
0 0.6033653846153846 0.5108173076923077 0.04807692307692308 0.03365384615384615
0 0.6394230769230769 0.5685096153846154 0.0673076923076923 0.038461538461538464
0 0.5961538461538461 0.5745192307692307 0.021634615384615384 0.014423076923076924
0 0.6117788461538461 0.5997596153846154 0.0673076923076923 0.04326923076923077
0 0.46153846153846156 0.0889423076923077 0.06009615384615385 0.03365384615384615
0 0.41586538461538464 0.10216346153846154 0.052884615384615384 0.028846153846153848
0 0.3737980769230769 0.11057692307692307 0.038461538461538464 0.019230769230769232
0 0.49759615384615385 0.06850961538461539 0.04326923076923077 0.021634615384615384
0 0.4807692307692308 0.11658653846153846 0.11057692307692307 0.07211538461538461
0 0.5084134615384616 0.12740384615384615 0.04326923076923077 0.028846153846153848
0 0.5276442307692307 0.14543269230769232 0.125 0.05048076923076923
0 0.5540865384615384 0.22355769230769232 0.06009615384615385 0.0625
0 0.5432692307692307 0.1814903846153846 0.06009615384615385 0.028846153846153848
0 0.5300480769230769 0.3125 0.07692307692307693 0.08173076923076923
0 0.5600961538461539 0.2704326923076923 0.038461538461538464 0.03365384615384615
0 0.4807692307692308 0.9194711538461539 0.0985576923076923 0.028846153846153848
0 0.47836538461538464 0.9723557692307693 0.04807692307692308 0.052884615384615384
0 0.5612980769230769 0.9771634615384616 0.11778846153846154 0.040865384615384616
0 0.5276442307692307 0.9507211538461539 0.11538461538461539 0.04807692307692308
0 0.47836538461538464 0.8942307692307693 0.11538461538461539 0.07451923076923077
0 0.234375 0.28966346153846156 0.38221153846153844 0.052884615384615384
0 0.28125 0.22596153846153846 0.47596153846153844 0.10096153846153846
0 0.2403846153846154 0.20552884615384615 0.3701923076923077 0.08413461538461539
0 0.23798076923076922 0.14903846153846154 0.32211538461538464 0.08173076923076923
0 0.27884615384615385 0.3329326923076923 0.3389423076923077 0.08413461538461539
0 0.19951923076923078 0.3125 0.13701923076923078 0.036057692307692304
0 0.2764423076923077 0.38221153846153844 0.20192307692307693 0.08173076923076923
0 0.4182692307692308 0.39302884615384615 0.3004807692307692 0.11538461538461539
0 0.4266826923076923 0.3401442307692308 0.15384615384615385 0.1201923076923077
0 0.027644230769230768 0.24879807692307693 0.052884615384615384 0.08413461538461539
0 0.3713942307692308 0.8329326923076923 0.04326923076923077 0.13221153846153846
0 0.31971153846153844 0.6670673076923077 0.10336538461538461 0.02403846153846154
0 0.3137019230769231 0.625 0.06009615384615385 0.057692307692307696
0 0.2620192307692308 0.5600961538461539 0.07692307692307693 0.021634615384615384
0 0.234375 0.5420673076923077 0.0985576923076923 0.028846153846153848
0 0.03245192307692308 0.7932692307692307 0.03365384615384615 0.028846153846153848
0 0.025240384615384616 0.7451923076923077 0.05048076923076923 0.08173076923076923
0 0.040865384615384616 0.6622596153846154 0.08173076923076923 0.08173076923076923
0 0.038461538461538464 0.5949519230769231 0.07692307692307693 0.0673076923076923
0 0.08774038461538461 0.7932692307692307 0.07692307692307693 0.11057692307692307
0 0.14182692307692307 0.7728365384615384 0.11057692307692307 0.0985576923076923
0 0.15625 0.6947115384615384 0.11538461538461539 0.11057692307692307
0 0.22716346153846154 0.9122596153846154 0.06009615384615385 0.04326923076923077
0 0.27283653846153844 0.8413461538461539 0.0985576923076923 0.14182692307692307
0 0.265625 0.734375 0.10336538461538461 0.15384615384615385
0 0.22716346153846154 0.6838942307692307 0.18028846153846154 0.0889423076923077
0 0.3389423076923077 0.7127403846153846 0.08653846153846154 0.10096153846153846
0 0.32211538461538464 0.6286057692307693 0.08653846153846154 0.06490384615384616
0 0.3858173076923077 0.8401442307692307 0.23557692307692307 0.10336538461538461
0 0.4014423076923077 0.7596153846153846 0.10336538461538461 0.11538461538461539
0 0.8173076923076923 0.390625 0.21153846153846154 0.0985576923076923
0 0.8413461538461539 0.390625 0.1201923076923077 0.08413461538461539
3 0.055288461538461536 0.42908653846153844 0.11057692307692307 0.27163461538461536
3 0.04447115384615385 0.41947115384615385 0.0889423076923077 0.2764423076923077