0 0.40024038461538464 0.04567307692307692 0.0889423076923077 0.08653846153846154
0 0.5673076923076923 0.11899038461538461 0.07692307692307693 0.10336538461538461
0 0.4735576923076923 0.16706730769230768 0.1346153846153846 0.0673076923076923
0 0.4266826923076923 0.1346153846153846 0.1346153846153846 0.09134615384615384
0 0.32091346153846156 0.19831730769230768 0.06971153846153846 0.13942307692307693
0 0.6658653846153846 0.10336538461538461 0.08173076923076923 0.07211538461538461
0 0.6935096153846154 0.03125 0.026442307692307692 0.0625
0 0.6598557692307693 0.037259615384615384 0.040865384615384616 0.06971153846153846
0 0.7355769230769231 0.027644230769230768 0.04326923076923077 0.05048076923076923
0 0.8112980769230769 0.04927884615384615 0.03125 0.09615384615384616
0 0.7884615384615384 0.052884615384615384 0.028846153846153848 0.10096153846153846
0 0.8425480769230769 0.027644230769230768 0.03125 0.05048076923076923
0 0.06610576923076923 0.6418269230769231 0.125 0.31490384615384615
0 0.037259615384615384 0.5769230769230769 0.0673076923076923 0.16346153846153846
0 0.12139423076923077 0.6526442307692307 0.1201923076923077 0.30288461538461536
0 0.17908653846153846 0.6598557692307693 0.10576923076923077 0.27884615384615385
0 0.22355769230769232 0.6730769230769231 0.13221153846153846 0.27403846153846156
0 0.21754807692307693 0.7992788461538461 0.14423076923076922 0.22596153846153846
0 0.33774038461538464 0.71875 0.1201923076923077 0.20192307692307693
0 0.4326923076923077 0.7391826923076923 0.10096153846153846 0.12980769230769232
0 0.49278846153846156 0.8425480769230769 0.08173076923076923 0.12980769230769232
0 0.3858173076923077 0.8990384615384616 0.13942307692307693 0.19230769230769232
0 0.30288461538461536 0.8990384615384616 0.0889423076923077 0.13942307692307693
0 0.546875 0.9278846153846154 0.05048076923076923 0.0625
0 0.5805288461538461 0.8713942307692307 0.05048076923076923 0.052884615384615384
0 0.6334134615384616 0.9050480769230769 0.038461538461538464 0.057692307692307696
0 0.6009615384615384 0.9050480769230769 0.03365384615384615 0.057692307692307696
0 0.625 0.9663461538461539 0.04567307692307692 0.057692307692307696
0 0.5889423076923077 0.9591346153846154 0.04326923076923077 0.052884615384615384
0 0.7644230769230769 0.9170673076923077 0.06971153846153846 0.08173076923076923
0 0.8112980769230769 0.9254807692307693 0.038461538461538464 0.057692307692307696
0 0.8401442307692307 0.953125 0.03365384615384615 0.07211538461538461
0 0.8016826923076923 0.9567307692307693 0.04326923076923077 0.036057692307692304
0 0.7644230769230769 0.984375 0.03125 0.019230769230769232
0 0.7079326923076923 0.9795673076923077 0.057692307692307696 0.03125
0 0.9338942307692307 0.9771634615384616 0.04807692307692308 0.036057692307692304
0 0.7127403846153846 0.8064903846153846 0.05048076923076923 0.057692307692307696
0 0.7199519230769231 0.8425480769230769 0.04326923076923077 0.036057692307692304
0 0.7872596153846154 0.8329326923076923 0.10096153846153846 0.04807692307692308
0 0.8341346153846154 0.8762019230769231 0.052884615384615384 0.03125
0 0.9014423076923077 0.8918269230769231 0.07211538461538461 0.07211538461538461
0 0.9555288461538461 0.8786057692307693 0.07211538461538461 0.09615384615384616
0 0.8798076923076923 0.8329326923076923 0.08653846153846154 0.0673076923076923
0 0.796875 0.7860576923076923 0.07211538461538461 0.04807692307692308
0 0.7295673076923077 0.7788461538461539 0.0625 0.0625
0 0.7379807692307693 0.7115384615384616 0.08653846153846154 0.08173076923076923
0 0.796875 0.7475961538461539 0.057692307692307696 0.040865384615384616
0 0.8653846153846154 0.78125 0.0625 0.0673076923076923
0 0.9338942307692307 0.8064903846153846 0.06971153846153846 0.057692307692307696
0 0.39783653846153844 0.5492788461538461 0.13942307692307693 0.13942307692307693
0 0.32211538461538464 0.49278846153846156 0.12740384615384615 0.15865384615384615
0 0.21754807692307693 0.45072115384615385 0.1201923076923077 0.10817307692307693
0 0.12980769230769232 0.48197115384615385 0.05048076923076923 0.036057692307692304
0 0.546875 0.5721153846153846 0.14903846153846154 0.15384615384615385
0 0.7860576923076923 0.6189903846153846 0.05048076923076923 0.08413461538461539
0 0.7512019230769231 0.6370192307692307 0.05048076923076923 0.057692307692307696
0 0.8341346153846154 0.6622596153846154 0.038461538461538464 0.057692307692307696
0 0.828125 0.6213942307692307 0.03365384615384615 0.026442307692307692
0 0.8822115384615384 0.6622596153846154 0.05048076923076923 0.04807692307692308
0 0.9194711538461539 0.6826923076923077 0.0625 0.04807692307692308
0 0.8786057692307693 0.703125 0.07211538461538461 0.04807692307692308
0 0.9302884615384616 0.7247596153846154 0.03125 0.02403846153846154
0 0.7896634615384616 0.5432692307692307 0.057692307692307696 0.04807692307692308
0 0.8112980769230769 0.5721153846153846 0.03125 0.040865384615384616
0 0.8605769230769231 0.5769230769230769 0.06971153846153846 0.052884615384615384
0 0.9170673076923077 0.5853365384615384 0.05048076923076923 0.04807692307692308
0 0.8882211538461539 0.5673076923076923 0.014423076923076924 0.009615384615384616
0 0.8064903846153846 0.5048076923076923 0.03125 0.03125
0 0.8052884615384616 0.45913461538461536 0.05048076923076923 0.052884615384615384
0 0.7896634615384616 0.47716346153846156 0.026442307692307692 0.036057692307692304
0 0.8317307692307693 0.5180288461538461 0.019230769230769232 0.057692307692307696
0 0.859375 0.5252403846153846 0.03365384615384615 0.040865384615384616
0 0.9074519230769231 0.5228365384615384 0.052884615384615384 0.036057692307692304
0 0.8701923076923077 0.49278846153846156 0.026442307692307692 0.036057692307692304
0 0.9110576923076923 0.49278846153846156 0.038461538461538464 0.02403846153846154
0 0.8413461538461539 0.47716346153846156 0.02403846153846154 0.04807692307692308
0 0.4098557692307692 0.4567307692307692 0.052884615384615384 0.07692307692307693
0 0.3954326923076923 0.3942307692307692 0.07211538461538461 0.0673076923076923
0 0.31850961538461536 0.4795673076923077 0.1346153846153846 0.125
0 0.3605769230769231 0.4098557692307692 0.057692307692307696 0.057692307692307696
0 0.4807692307692308 0.36538461538461536 0.0889423076923077 0.09134615384615384
0 0.4362980769230769 0.3557692307692308 0.07692307692307693 0.08173076923076923
0 0.9362980769230769 0.46153846153846156 0.026442307692307692 0.036057692307692304
0 0.9146634615384616 0.46875 0.03125 0.03125
0 0.8882211538461539 0.45072115384615385 0.10817307692307693 0.057692307692307696
0 0.8317307692307693 0.4170673076923077 0.09615384615384616 0.03125
0 0.8245192307692307 0.3918269230769231 0.08173076923076923 0.03125
0 0.796875 0.36538461538461536 0.057692307692307696 0.021634615384615384
0 0.7668269230769231 0.33533653846153844 0.08173076923076923 0.07211538461538461
0 0.7139423076923077 0.29927884615384615 0.07692307692307693 0.040865384615384616
0 0.6850961538461539 0.24759615384615385 0.0673076923076923 0.07211538461538461
0 0.7139423076923077 0.21394230769230768 0.0625 0.08653846153846154
0 0.46875 0.44591346153846156 0.026442307692307692 0.04807692307692308
0 0.4423076923076923 0.4567307692307692 0.019230769230769232 0.036057692307692304
0 0.484375 0.47475961538461536 0.03365384615384615 0.03125
0 0.5216346153846154 0.4411057692307692 0.03125 0.04807692307692308
0 0.4963942307692308 0.4411057692307692 0.01201923076923077 0.02403846153846154
0 0.49399038461538464 0.41225961538461536 0.03125 0.040865384615384616
0 0.5192307692307693 0.3737980769230769 0.019230769230769232 0.036057692307692304
0 0.5372596153846154 0.38461538461538464 0.014423076923076924 0.014423076923076924
0 0.5504807692307693 0.3605769230769231 0.03365384615384615 0.03125
0 0.6947115384615384 0.5673076923076923 0.038461538461538464 0.040865384615384616
0 0.7127403846153846 0.5360576923076923 0.026442307692307692 0.040865384615384616
0 0.7259615384615384 0.5 0.03125 0.040865384615384616
0 0.7319711538461539 0.48197115384615385 0.026442307692307692 0.02403846153846154
0 0.6814903846153846 0.5180288461538461 0.03365384615384615 0.057692307692307696
0 0.6658653846153846 0.5384615384615384 0.026442307692307692 0.04807692307692308
0 0.6466346153846154 0.5564903846153846 0.026442307692307692 0.040865384615384616
0 0.6237980769230769 0.5432692307692307 0.026442307692307692 0.036057692307692304
0 0.6310096153846154 0.515625 0.026442307692307692 0.03125
0 0.6346153846153846 0.48197115384615385 0.026442307692307692 0.02403846153846154
0 0.5865384615384616 0.47115384615384615 0.03125 0.04807692307692308
0 0.5540865384615384 0.4483173076923077 0.03365384615384615 0.052884615384615384
0 0.5540865384615384 0.484375 0.026442307692307692 0.03125
0 0.6105769230769231 0.46153846153846156 0.014423076923076924 0.02403846153846154
0 0.5853365384615384 0.42788461538461536 0.026442307692307692 0.03125
0 0.5901442307692307 0.4050480769230769 0.03125 0.014423076923076924
0 0.5600961538461539 0.4170673076923077 0.038461538461538464 0.03125
0 0.5673076923076923 0.3894230769230769 0.02403846153846154 0.02403846153846154
0 0.6153846153846154 0.42788461538461536 0.026442307692307692 0.040865384615384616
0 0.640625 0.4098557692307692 0.03125 0.036057692307692304
0 0.6538461538461539 0.44591346153846156 0.026442307692307692 0.036057692307692304
0 0.6850961538461539 0.46153846153846156 0.026442307692307692 0.036057692307692304
0 0.6658653846153846 0.4230769230769231 0.019230769230769232 0.03125
0 0.6911057692307693 0.4326923076923077 0.02403846153846154 0.019230769230769232
0 0.7127403846153846 0.45072115384615385 0.019230769230769232 0.02403846153846154
0 0.15865384615384615 0.44591346153846156 0.03125 0.04807692307692308
0 0.22956730769230768 0.4026442307692308 0.026442307692307692 0.040865384615384616
0 0.25841346153846156 0.3918269230769231 0.03125 0.03125
0 0.27163461538461536 0.3557692307692308 0.026442307692307692 0.040865384615384616
0 0.25240384615384615 0.36538461538461536 0.019230769230769232 0.03125
0 0.30288461538461536 0.3269230769230769 0.036057692307692304 0.04807692307692308
0 0.2764423076923077 0.3245192307692308 0.019230769230769232 0.019230769230769232
0 0.2932692307692308 0.3016826923076923 0.038461538461538464 0.036057692307692304
0 0.31490384615384615 0.28365384615384615 0.036057692307692304 0.03125
0 0.7668269230769231 0.39663461538461536 0.026442307692307692 0.03125
0 0.7487980769230769 0.43028846153846156 0.038461538461538464 0.036057692307692304
0 0.7355769230769231 0.39663461538461536 0.03365384615384615 0.040865384615384616
0 0.7139423076923077 0.38461538461538464 0.03125 0.04807692307692308
0 0.6887019230769231 0.3942307692307692 0.03365384615384615 0.04807692307692308
0 0.7235576923076923 0.35096153846153844 0.03365384615384615 0.040865384615384616
0 0.7007211538461539 0.3293269230769231 0.026442307692307692 0.040865384615384616
0 0.6658653846153846 0.36899038461538464 0.026442307692307692 0.036057692307692304
0 0.65625 0.3918269230769231 0.03125 0.03125
0 0.6274038461538461 0.3713942307692308 0.03365384615384615 0.040865384615384616
0 0.6370192307692307 0.3401442307692308 0.038461538461538464 0.03125
0 0.6394230769230769 0.3016826923076923 0.03365384615384615 0.036057692307692304
0 0.6598557692307693 0.2860576923076923 0.02403846153846154 0.036057692307692304
0 0.6394230769230769 0.27524038461538464 0.026442307692307692 0.02403846153846154
0 0.6081730769230769 0.28365384615384615 0.026442307692307692 0.040865384615384616
0 0.6057692307692307 0.24759615384615385 0.03125 0.03125
0 0.6009615384615384 0.21875 0.026442307692307692 0.036057692307692304
0 0.5733173076923077 0.20673076923076922 0.026442307692307692 0.03125
0 0.5697115384615384 0.22956730769230768 0.036057692307692304 0.036057692307692304
0 0.5769230769230769 0.25721153846153844 0.026442307692307692 0.03125
0 0.5793269230769231 0.28125 0.03125 0.036057692307692304
0 0.5516826923076923 0.30649038461538464 0.03125 0.036057692307692304
0 0.5612980769230769 0.33774038461538464 0.026442307692307692 0.04807692307692308
0 0.5829326923076923 0.31971153846153844 0.03125 0.03125
0 0.6057692307692307 0.32211538461538464 0.03125 0.02403846153846154
0 0.5925480769230769 0.3473557692307692 0.04326923076923077 0.036057692307692304
0 0.5949519230769231 0.3737980769230769 0.03125 0.036057692307692304
0 0.5480769230769231 0.2704326923076923 0.03125 0.036057692307692304
0 0.5384615384615384 0.22716346153846154 0.026442307692307692 0.03125
0 0.5216346153846154 0.2091346153846154 0.03125 0.04807692307692308
0 0.49038461538461536 0.2091346153846154 0.03125 0.04807692307692308
0 0.47115384615384615 0.23197115384615385 0.02403846153846154 0.03125
0 0.49759615384615385 0.24278846153846154 0.03125 0.03125
0 0.5228365384615384 0.26802884615384615 0.026442307692307692 0.03125
0 0.5024038461538461 0.27884615384615385 0.038461538461538464 0.040865384615384616
0 0.47115384615384615 0.27524038461538464 0.038461538461538464 0.04807692307692308
0 0.4483173076923077 0.2091346153846154 0.03125 0.036057692307692304
0 0.41346153846153844 0.22716346153846154 0.03125 0.03125
0 0.3942307692307692 0.20673076923076922 0.02403846153846154 0.040865384615384616
0 0.37259615384615385 0.22115384615384615 0.019230769230769232 0.040865384615384616
0 0.38822115384615385 0.26322115384615385 0.026442307692307692 0.040865384615384616
0 0.36658653846153844 0.25721153846153844 0.014423076923076924 0.019230769230769232
0 0.4423076923076923 0.24519230769230768 0.026442307692307692 0.02403846153846154
0 0.43990384615384615 0.265625 0.02403846153846154 0.02403846153846154
0 0.44350961538461536 0.2932692307692308 0.038461538461538464 0.040865384615384616
0 0.41466346153846156 0.3016826923076923 0.026442307692307692 0.036057692307692304
0 0.4170673076923077 0.26802884615384615 0.02403846153846154 0.03125
0 0.3798076923076923 0.30649038461538464 0.03365384615384615 0.036057692307692304
0 0.34134615384615385 0.3088942307692308 0.026442307692307692 0.03125
0 0.38822115384615385 0.3449519230769231 0.019230769230769232 0.03125
0 0.3629807692307692 0.3425480769230769 0.02403846153846154 0.036057692307692304
0 0.33774038461538464 0.3449519230769231 0.03365384615384615 0.019230769230769232
0 0.3317307692307692 0.38461538461538464 0.04807692307692308 0.036057692307692304
1 0.5793269230769231 0.6959134615384616 0.30288461538461536 0.23557692307692307
1 0.057692307692307696 0.30649038461538464 0.10817307692307693 0.08653846153846154
1 0.06129807692307692 0.4098557692307692 0.11538461538461539 0.1201923076923077