0 0.6478365384615384 0.17668269230769232 0.34375 0.3485576923076923
0 0.6346153846153846 0.34975961538461536 0.1201923076923077 0.1201923076923077
0 0.4254807692307692 0.21634615384615385 0.125 0.125
0 0.33413461538461536 0.22956730769230768 0.125 0.11057692307692307
0 0.8377403846153846 0.23798076923076922 0.07692307692307693 0.13701923076923078
0 0.8485576923076923 0.3713942307692308 0.12740384615384615 0.14182692307692307
0 0.43990384615384615 0.48677884615384615 0.17307692307692307 0.23076923076923078
0 0.5925480769230769 0.49399038461538464 0.13942307692307693 0.14903846153846154
0 0.6322115384615384 0.4338942307692308 0.125 0.13701923076923078
0 0.7403846153846154 0.5132211538461539 0.08413461538461539 0.1201923076923077
0 0.7199519230769231 0.4098557692307692 0.11057692307692307 0.1201923076923077
3 0.08533653846153846 0.49759615384615385 0.16346153846153846 0.9951923076923077
2 0.5733173076923077 0.5 0.8485576923076923 0.9951923076923077