0 0.5444711538461539 0.16466346153846154 0.38461538461538464 0.2548076923076923
0 0.38221153846153844 0.22956730769230768 0.24519230769230768 0.21153846153846154
0 0.23677884615384615 0.1814903846153846 0.1875 0.1466346153846154
0 0.24519230769230768 0.43028846153846156 0.3076923076923077 0.21153846153846154
0 0.265625 0.5997596153846154 0.25240384615384615 0.19471153846153846
0 0.11298076923076923 0.5564903846153846 0.125 0.11778846153846154
0 0.12620192307692307 0.6670673076923077 0.17307692307692307 0.14423076923076922
0 0.32091346153846156 0.71875 0.28365384615384615 0.25
0 0.23076923076923078 0.7944711538461539 0.33653846153846156 0.13942307692307693
0 0.5240384615384616 0.7247596153846154 0.3004807692307692 0.3125
0 0.7487980769230769 0.7463942307692307 0.24519230769230768 0.22596153846153846
0 0.5829326923076923 0.8221153846153846 0.11778846153846154 0.1201923076923077
0 0.7367788461538461 0.5240384615384616 0.21153846153846154 0.4230769230769231
0 0.6213942307692307 0.5264423076923077 0.14423076923076922 0.23076923076923078
0 0.8810096153846154 0.41586538461538464 0.20192307692307693 0.4014423076923077
0 0.7379807692307693 0.421875 0.3173076923076923 0.4014423076923077
0 0.5108173076923077 0.46274038461538464 0.9278846153846154 0.8365384615384616