0 0.71875 0.7788461538461539 0.052884615384615384 0.06009615384615385
0 0.671875 0.7764423076923077 0.04807692307692308 0.052884615384615384
0 0.671875 0.7379807692307693 0.052884615384615384 0.052884615384615384
0 0.6778846153846154 0.7127403846153846 0.05048076923076923 0.04807692307692308
0 0.7115384615384616 0.7235576923076923 0.03365384615384615 0.04807692307692308
0 0.7560096153846154 0.6887019230769231 0.0625 0.0673076923076923
0 0.7524038461538461 0.7487980769230769 0.04807692307692308 0.04326923076923077
0 0.8040865384615384 0.7512019230769231 0.06490384615384616 0.04807692307692308
0 0.8100961538461539 0.7127403846153846 0.052884615384615384 0.04807692307692308
0 0.9146634615384616 0.7379807692307693 0.052884615384615384 0.052884615384615384
0 0.9242788461538461 0.8389423076923077 0.05048076923076923 0.04807692307692308
0 0.8245192307692307 0.8605769230769231 0.038461538461538464 0.028846153846153848
0 0.7884615384615384 0.8365384615384616 0.038461538461538464 0.07692307692307693
0 0.7536057692307693 0.8689903846153846 0.05048076923076923 0.0985576923076923
0 0.6899038461538461 0.8713942307692307 0.038461538461538464 0.08173076923076923
0 0.6454326923076923 0.8028846153846154 0.04326923076923077 0.052884615384615384
0 0.6274038461538461 0.765625 0.036057692307692304 0.04326923076923077
0 0.8209134615384616 0.8112980769230769 0.038461538461538464 0.07211538461538461
0 0.8677884615384616 0.8329326923076923 0.04807692307692308 0.08173076923076923
0 0.9170673076923077 0.7920673076923077 0.057692307692307696 0.052884615384615384
0 0.8641826923076923 0.7536057692307693 0.0625 0.052884615384615384
0 0.9615384615384616 0.8197115384615384 0.038461538461538464 0.0673076923076923
0 0.9639423076923077 0.765625 0.06490384615384616 0.04326923076923077
0 0.47596153846153844 0.8521634615384616 0.02403846153846154 0.03365384615384615
0 0.44711538461538464 0.8497596153846154 0.02403846153846154 0.028846153846153848
0 0.4098557692307692 0.8497596153846154 0.036057692307692304 0.038461538461538464
0 0.38221153846153844 0.9314903846153846 0.038461538461538464 0.125
0 0.44711538461538464 0.9375 0.04807692307692308 0.11538461538461539
0 0.23677884615384615 0.9098557692307693 0.08173076923076923 0.16826923076923078
0 0.16346153846153846 0.8737980769230769 0.028846153846153848 0.16346153846153846
0 0.06129807692307692 0.8858173076923077 0.11538461538461539 0.21875
0 0.06850961538461539 0.7896634615384616 0.036057692307692304 0.07211538461538461
0 0.15745192307692307 0.7043269230769231 0.038461538461538464 0.052884615384615384
0 0.12259615384615384 0.6802884615384616 0.04326923076923077 0.06009615384615385
0 0.17548076923076922 0.6586538461538461 0.02403846153846154 0.04807692307692308
0 0.20072115384615385 0.6862980769230769 0.03365384615384615 0.06009615384615385
0 0.2668269230769231 0.6742788461538461 0.03365384615384615 0.06009615384615385
0 0.23677884615384615 0.6742788461538461 0.02403846153846154 0.06009615384615385
0 0.32572115384615385 0.6802884615384616 0.04326923076923077 0.04807692307692308
0 0.36778846153846156 0.7103365384615384 0.02403846153846154 0.0673076923076923
0 0.40024038461538464 0.7211538461538461 0.03365384615384615 0.0673076923076923
0 0.3004807692307692 0.6069711538461539 0.09375 0.07692307692307693
0 0.25600961538461536 0.6971153846153846 0.5048076923076923 0.22355769230769232
0 0.2704326923076923 0.7788461538461539 0.5336538461538461 0.04807692307692308
0 0.057692307692307696 0.8798076923076923 0.10817307692307693 0.23076923076923078