0 0.30528846153846156 0.36658653846153844 0.24759615384615385 0.3076923076923077
0 0.22716346153846154 0.6935096153846154 0.44711538461538464 0.6105769230769231
0 0.44350961538461536 0.47836538461538464 0.125 0.2692307692307692
0 0.5709134615384616 0.5168269230769231 0.13942307692307693 0.36538461538461536
0 0.5396634615384616 0.30288461538461536 0.22355769230769232 0.27884615384615385
0 0.40024038461538464 0.22355769230769232 0.0889423076923077 0.11057692307692307
0 0.7199519230769231 0.3557692307692308 0.1971153846153846 0.28365384615384615
0 0.6959134615384616 0.6334134615384616 0.3173076923076923 0.3389423076923077
0 0.5096153846153846 0.6995192307692307 0.0889423076923077 0.21875
0 0.4495192307692308 0.671875 0.09134615384615384 0.20673076923076922
0 0.3557692307692308 0.8197115384615384 0.11778846153846154 0.27403846153846156
0 0.4230769230769231 0.8221153846153846 0.0985576923076923 0.21153846153846154
0 0.20432692307692307 0.8786057692307693 0.40384615384615385 0.23798076923076922
0 0.4855769230769231 0.8786057692307693 0.08653846153846154 0.23798076923076922
0 0.6177884615384616 0.8665865384615384 0.20192307692307693 0.23557692307692307
0 0.8858173076923077 0.5396634615384616 0.22355769230769232 0.43509615384615385