0 0.7403846153846154 0.7211538461538461 0.28365384615384615 0.3485576923076923
0 0.8401442307692307 0.48197115384615385 0.12259615384615384 0.15144230769230768
0 0.9230769230769231 0.46634615384615385 0.0625 0.0889423076923077
0 0.9350961538461539 0.5240384615384616 0.10096153846153846 0.07692307692307693
0 0.9375 0.3858173076923077 0.10336538461538461 0.10576923076923077
0 0.8798076923076923 0.34615384615384615 0.1346153846153846 0.13942307692307693
0 0.7151442307692307 0.5 0.125 0.10576923076923077
0 0.6201923076923077 0.484375 0.13942307692307693 0.15625
0 0.6875 0.2704326923076923 0.17548076923076922 0.1875
0 0.734375 0.28846153846153844 0.11057692307692307 0.20192307692307693
0 0.7824519230769231 0.2608173076923077 0.038461538461538464 0.09375
0 0.7235576923076923 0.15384615384615385 0.10336538461538461 0.15144230769230768
0 0.6598557692307693 0.1201923076923077 0.10576923076923077 0.10576923076923077
0 0.6201923076923077 0.28846153846153844 0.11778846153846154 0.18269230769230768
0 0.6370192307692307 0.375 0.10096153846153846 0.052884615384615384
0 0.6790865384615384 0.40625 0.10576923076923077 0.07211538461538461
0 0.7403846153846154 0.3798076923076923 0.09134615384615384 0.16826923076923078
0 0.7824519230769231 0.3858173076923077 0.07692307692307693 0.20673076923076922
0 0.5625 0.3545673076923077 0.09615384615384616 0.10576923076923077
0 0.5444711538461539 0.28846153846153844 0.07211538461538461 0.0673076923076923
0 0.5685096153846154 0.21394230769230768 0.07692307692307693 0.0625
0 0.5492788461538461 0.16706730769230768 0.10576923076923077 0.11538461538461539
0 0.44471153846153844 0.21394230769230768 0.11057692307692307 0.10576923076923077
0 0.9086538461538461 0.8978365384615384 0.1778846153846154 0.20432692307692307
0 0.8016826923076923 0.9579326923076923 0.04567307692307692 0.08173076923076923
0 0.22716346153846154 0.7704326923076923 0.2548076923076923 0.3557692307692308
0 0.06370192307692307 0.6213942307692307 0.12740384615384615 0.44471153846153844
0 0.07932692307692307 0.8870192307692307 0.15865384615384615 0.22115384615384615
3 0.43509615384615385 0.6586538461538461 0.38221153846153844 0.6298076923076923