0 0.0985576923076923 0.9459134615384616 0.18990384615384615 0.0985576923076923
0 0.06129807692307692 0.9014423076923077 0.09615384615384616 0.11057692307692307
0 0.046875 0.7980769230769231 0.0889423076923077 0.1875
0 0.02403846153846154 0.8930288461538461 0.040865384615384616 0.11538461538461539
0 0.038461538461538464 0.6634615384615384 0.06971153846153846 0.20192307692307693
0 0.0889423076923077 0.4675480769230769 0.17067307692307693 0.3004807692307692
0 0.18389423076923078 0.6610576923076923 0.23798076923076922 0.5144230769230769
0 0.06370192307692307 0.28125 0.08413461538461539 0.125
0 0.06850961538461539 0.23197115384615385 0.09615384615384616 0.09134615384615384
0 0.04567307692307692 0.16346153846153846 0.08413461538461539 0.1201923076923077
0 0.021634615384615384 0.2956730769230769 0.036057692307692304 0.15384615384615385
0 0.027644230769230768 0.052884615384615384 0.05048076923076923 0.10096153846153846
0 0.1658653846153846 0.11298076923076923 0.23076923076923078 0.22115384615384615
0 0.13942307692307693 0.26802884615384615 0.0673076923076923 0.08653846153846154
0 0.17668269230769232 0.2403846153846154 0.04807692307692308 0.07692307692307693
0 0.21514423076923078 0.28725961538461536 0.036057692307692304 0.07211538461538461
0 0.1622596153846154 0.33052884615384615 0.08413461538461539 0.04807692307692308
0 0.31971153846153844 0.7235576923076923 0.08173076923076923 0.15865384615384615
0 0.3329326923076923 0.8197115384615384 0.11298076923076923 0.08653846153846154
0 0.25961538461538464 0.8966346153846154 0.1346153846153846 0.1971153846153846
0 0.4110576923076923 0.8413461538461539 0.29086538461538464 0.3076923076923077
0 0.578125 0.9675480769230769 0.09375 0.052884615384615384
0 0.5360576923076923 0.7235576923076923 0.27403846153846156 0.4639423076923077
0 0.3894230769230769 0.5600961538461539 0.028846153846153848 0.09134615384615384
0 0.33413461538461536 0.5661057692307693 0.11057692307692307 0.14903846153846154
0 0.36778846153846156 0.40384615384615385 0.11538461538461539 0.17307692307692307
0 0.25600961538461536 0.4014423076923077 0.11298076923076923 0.15865384615384615
0 0.2668269230769231 0.234375 0.08413461538461539 0.15384615384615385
0 0.3942307692307692 0.22355769230769232 0.15625 0.1201923076923077
0 0.35096153846153844 0.14182692307692307 0.11298076923076923 0.1201923076923077
0 0.29447115384615385 0.11177884615384616 0.028846153846153848 0.11538461538461539
0 0.4362980769230769 0.042067307692307696 0.12740384615384615 0.07932692307692307
0 0.5673076923076923 0.11057692307692307 0.18269230769230768 0.21634615384615385
0 0.6802884615384616 0.2127403846153846 0.16826923076923078 0.17307692307692307
0 0.7944711538461539 0.19110576923076922 0.09134615384615384 0.14182692307692307
0 0.8641826923076923 0.28125 0.19230769230769232 0.2692307692307692
0 0.8834134615384616 0.5 0.2283653846153846 0.20192307692307693
0 0.8954326923076923 0.9290865384615384 0.20432692307692307 0.13221153846153846
0 0.7800480769230769 0.8689903846153846 0.1778846153846154 0.25
0 0.7019230769230769 0.9483173076923077 0.08173076923076923 0.09134615384615384
0 0.6526442307692307 0.9591346153846154 0.04807692307692308 0.07211538461538461
0 0.6670673076923077 0.5841346153846154 0.10576923076923077 0.2403846153846154
0 0.6983173076923077 0.7896634615384616 0.06490384615384616 0.18028846153846154
0 0.765625 0.6586538461538461 0.1201923076923077 0.20192307692307693
0 0.8870192307692307 0.7307692307692307 0.22115384615384615 0.3605769230769231
0 0.9735576923076923 0.5853365384615384 0.04807692307692308 0.1658653846153846
0 0.9290865384615384 0.5985576923076923 0.04807692307692308 0.05048076923076923
0 0.7776442307692307 0.36899038461538464 0.08173076923076923 0.12740384615384615
0 0.7524038461538461 0.48677884615384615 0.05048076923076923 0.1201923076923077
0 0.6622596153846154 0.453125 0.10096153846153846 0.1201923076923077
0 0.6129807692307693 0.5108173076923077 0.038461538461538464 0.13701923076923078
0 0.6634615384615384 0.5925480769230769 0.11298076923076923 0.22355769230769232
0 0.6995192307692307 0.7872596153846154 0.052884615384615384 0.15384615384615385
0 0.7896634615384616 0.8521634615384616 0.15384615384615385 0.20673076923076922
0 0.7103365384615384 0.9338942307692307 0.10576923076923077 0.11057692307692307
0 0.5144230769230769 0.4266826923076923 0.12740384615384615 0.15384615384615385
0 0.4182692307692308 0.4675480769230769 0.07211538461538461 0.11538461538461539
0 0.4230769230769231 0.3112980769230769 0.16346153846153846 0.12980769230769232
0 0.4543269230769231 0.1778846153846154 0.06490384615384616 0.07211538461538461
0 0.5276442307692307 0.22956730769230768 0.0889423076923077 0.0985576923076923
0 0.48677884615384615 0.22956730769230768 0.10336538461538461 0.11057692307692307
0 0.5456730769230769 0.33052884615384615 0.057692307692307696 0.10336538461538461
0 0.5144230769230769 0.30649038461538464 0.0673076923076923 0.08653846153846154
0 0.5925480769230769 0.34975961538461536 0.11538461538461539 0.1971153846153846
0 0.9651442307692307 0.3557692307692308 0.0673076923076923 0.17307692307692307
0 0.9254807692307693 0.1141826923076923 0.08413461538461539 0.14182692307692307
0 0.8581730769230769 0.12259615384615384 0.08173076923076923 0.06009615384615385
0 0.8016826923076923 0.10697115384615384 0.052884615384615384 0.07211538461538461
0 0.7271634615384616 0.13942307692307693 0.08173076923076923 0.09134615384615384
0 0.9699519230769231 0.171875 0.055288461538461536 0.19471153846153846
0 0.3004807692307692 0.9314903846153846 0.19951923076923078 0.125
0 0.5060096153846154 0.8473557692307693 0.21875 0.2956730769230769
0 0.6742788461538461 0.3473557692307692 0.18509615384615385 0.15865384615384615
0 0.4987980769230769 0.5 0.9975961538461539 0.9951923076923077