0 0.3389423076923077 0.5649038461538461 0.15384615384615385 0.3317307692307692
0 0.4098557692307692 0.578125 0.0673076923076923 0.15384615384615385
0 0.45072115384615385 0.6442307692307693 0.14903846153846154 0.18269230769230768
0 0.5192307692307693 0.6141826923076923 0.28365384615384615 0.30528846153846156
0 0.49158653846153844 0.5132211538461539 0.3173076923076923 0.24759615384615385
0 0.4423076923076923 0.4254807692307692 0.35096153846153844 0.33413461538461536
0 0.5733173076923077 0.5096153846153846 0.21875 0.23317307692307693
0 0.6995192307692307 0.49399038461538464 0.12980769230769232 0.057692307692307696
0 0.5709134615384616 0.38341346153846156 0.39903846153846156 0.23076923076923078
0 0.7019230769230769 0.3581730769230769 0.3894230769230769 0.17067307692307693
0 0.65625 0.2932692307692308 0.3269230769230769 0.11298076923076923
0 0.8473557692307693 0.3293269230769231 0.07692307692307693 0.04807692307692308
0 0.6442307692307693 0.23798076923076922 0.3942307692307692 0.16346153846153846
0 0.7163461538461539 0.2127403846153846 0.3605769230769231 0.1778846153846154
0 0.1201923076923077 0.24759615384615385 0.23076923076923078 0.47115384615384615
0 0.22355769230769232 0.13221153846153846 0.3942307692307692 0.25
0 0.38221153846153844 0.15865384615384615 0.25 0.3076923076923077
0 0.40384615384615385 0.09975961538461539 0.27403846153846156 0.1201923076923077