0 0.19831730769230768 0.25961538461538464 0.18509615384615385 0.20192307692307693
0 0.15625 0.3557692307692308 0.0889423076923077 0.08653846153846154
0 0.11778846153846154 0.4375 0.14903846153846154 0.21875
0 0.24759615384615385 0.46153846153846156 0.11538461538461539 0.20192307692307693
0 0.2439903846153846 0.43149038461538464 0.0889423076923077 0.25240384615384615
0 0.3076923076923077 0.13701923076923078 0.038461538461538464 0.07692307692307693
0 0.3485576923076923 0.109375 0.028846153846153848 0.04326923076923077
0 0.3942307692307692 0.09615384615384616 0.03365384615384615 0.038461538461538464
0 0.42908653846153844 0.08413461538461539 0.04326923076923077 0.04807692307692308
0 0.4423076923076923 0.1310096153846154 0.04807692307692308 0.04326923076923077
0 0.41947115384615385 0.16346153846153846 0.038461538461538464 0.052884615384615384
0 0.3870192307692308 0.13701923076923078 0.038461538461538464 0.03365384615384615
0 0.3485576923076923 0.15264423076923078 0.028846153846153848 0.04326923076923077
0 0.32211538461538464 0.21033653846153846 0.03365384615384615 0.06009615384615385
0 0.35216346153846156 0.21634615384615385 0.036057692307692304 0.07211538461538461
0 0.38341346153846156 0.171875 0.03365384615384615 0.038461538461538464
0 0.44711538461538464 0.171875 0.021634615384615384 0.038461538461538464
0 0.44350961538461536 0.21634615384615385 0.028846153846153848 0.038461538461538464
0 0.41225961538461536 0.21033653846153846 0.026442307692307692 0.038461538461538464
0 0.3762019230769231 0.2512019230769231 0.038461538461538464 0.04326923076923077
0 0.3858173076923077 0.21033653846153846 0.021634615384615384 0.028846153846153848
0 0.34375 0.2764423076923077 0.04807692307692308 0.04807692307692308
0 0.37259615384615385 0.30288461538461536 0.038461538461538464 0.038461538461538464
0 0.34134615384615385 0.31971153846153844 0.036057692307692304 0.038461538461538464
0 0.4074519230769231 0.30288461538461536 0.028846153846153848 0.038461538461538464
0 0.421875 0.25961538461538464 0.036057692307692304 0.04807692307692308
0 0.44350961538461536 0.28966346153846156 0.036057692307692304 0.052884615384615384
0 0.5528846153846154 0.07932692307692307 0.057692307692307696 0.09134615384615384
0 0.5180288461538461 0.17427884615384615 0.07692307692307693 0.0985576923076923
0 0.5733173076923077 0.15264423076923078 0.04807692307692308 0.07692307692307693
0 0.5877403846153846 0.19951923076923078 0.03365384615384615 0.04807692307692308
0 0.6201923076923077 0.234375 0.055288461538461536 0.08653846153846154
0 0.53125 0.2620192307692308 0.057692307692307696 0.07692307692307693
0 0.6286057692307693 0.1310096153846154 0.06490384615384616 0.1201923076923077
0 0.6622596153846154 0.20432692307692307 0.057692307692307696 0.07211538461538461
0 0.6658653846153846 0.14783653846153846 0.021634615384615384 0.03365384615384615
0 0.7127403846153846 0.7103365384615384 0.125 0.1971153846153846
0 0.734375 0.5733173076923077 0.11538461538461539 0.16346153846153846
0 0.8413461538461539 0.609375 0.1346153846153846 0.18028846153846154
0 0.8004807692307693 0.7536057692307693 0.125 0.1875
0 0.7451923076923077 0.38221153846153844 0.08653846153846154 0.14182692307692307
0 0.6766826923076923 0.3737980769230769 0.05048076923076923 0.23557692307692307
0 0.5925480769230769 0.47836538461538464 0.125 0.14903846153846154
0 0.5288461538461539 0.4098557692307692 0.0625 0.16346153846153846
0 0.5745192307692307 0.3088942307692308 0.04326923076923077 0.19230769230769232
0 0.6201923076923077 0.3473557692307692 0.0625 0.13701923076923078
0 0.25600961538461536 0.6442307692307693 0.1201923076923077 0.1875
0 0.17307692307692307 0.6033653846153846 0.04807692307692308 0.10336538461538461
0 0.22235576923076922 0.8088942307692307 0.09615384615384616 0.15384615384615385
0 0.21514423076923078 0.8930288461538461 0.036057692307692304 0.04807692307692308
0 0.29086538461538464 0.8665865384615384 0.057692307692307696 0.08173076923076923
0 0.4050480769230769 0.78125 0.27403846153846156 0.11057692307692307
0 0.3557692307692308 0.6911057692307693 0.05048076923076923 0.08173076923076923
0 0.3293269230769231 0.49399038461538464 0.11298076923076923 0.11538461538461539
0 0.29447115384615385 0.4723557692307692 0.11057692307692307 0.14903846153846154
0 0.40024038461538464 0.43149038461538464 0.08173076923076923 0.16346153846153846
0 0.4230769230769231 0.4891826923076923 0.052884615384615384 0.08173076923076923
0 0.43990384615384615 0.3713942307692308 0.04326923076923077 0.0985576923076923
0 0.4675480769230769 0.34975961538461536 0.038461538461538464 0.08653846153846154
0 0.4855769230769231 0.4074519230769231 0.0625 0.13701923076923078
0 0.46033653846153844 0.5300480769230769 0.0985576923076923 0.11057692307692307
0 0.5096153846153846 0.5661057692307693 0.125 0.07211538461538461
0 0.39783653846153844 0.6141826923076923 0.0673076923076923 0.06009615384615385
0 0.3485576923076923 0.5961538461538461 0.08173076923076923 0.0985576923076923
0 0.1658653846153846 0.7043269230769231 0.07692307692307693 0.0673076923076923
0 0.5036057692307693 0.6418269230769231 0.25961538461538464 0.18028846153846154
0 0.4831730769230769 0.7980769230769231 0.11778846153846154 0.35096153846153844
0 0.5492788461538461 0.7596153846153846 0.13221153846153846 0.2956730769230769
0 0.6394230769230769 0.6502403846153846 0.06490384615384616 0.27403846153846156
0 0.6069711538461539 0.7512019230769231 0.08653846153846154 0.2692307692307692
0 0.7728365384615384 0.14423076923076922 0.04807692307692308 0.028846153846153848
0 0.7295673076923077 0.17427884615384615 0.04807692307692308 0.03365384615384615
0 0.7403846153846154 0.18870192307692307 0.10576923076923077 0.07211538461538461
0 0.7668269230769231 0.19110576923076922 0.12980769230769232 0.0985576923076923
0 0.7620192307692307 0.234375 0.1201923076923077 0.13221153846153846
0 0.7271634615384616 0.24639423076923078 0.057692307692307696 0.04326923076923077
0 0.7512019230769231 0.265625 0.08413461538461539 0.07211538461538461
0 0.7379807692307693 0.3137019230769231 0.021634615384615384 0.06009615384615385
0 0.7584134615384616 0.3112980769230769 0.03365384615384615 0.07692307692307693
0 0.8233173076923077 0.22956730769230768 0.1201923076923077 0.1875
0 0.8016826923076923 0.2704326923076923 0.0673076923076923 0.12740384615384615
0 0.8557692307692307 0.19951923076923078 0.0673076923076923 0.10336538461538461
0 0.8341346153846154 0.2764423076923077 0.1201923076923077 0.20192307692307693
0 0.8545673076923077 0.28365384615384615 0.11538461538461539 0.21875
0 0.8269230769230769 0.3605769230769231 0.019230769230769232 0.0673076923076923
0 0.8040865384615384 0.3798076923076923 0.021634615384615384 0.09134615384615384
0 0.9146634615384616 0.3389423076923077 0.0625 0.1875
0 0.9122596153846154 0.33052884615384615 0.11057692307692307 0.125
0 0.8689903846153846 0.38822115384615385 0.05048076923076923 0.15384615384615385
0 0.8557692307692307 0.4182692307692308 0.02403846153846154 0.09134615384615384
0 0.8449519230769231 0.4375 0.02403846153846154 0.0985576923076923