0 0.6598557692307693 0.8581730769230769 0.4182692307692308 0.27403846153846156
0 0.8377403846153846 0.7463942307692307 0.3173076923076923 0.47596153846153844
0 0.8449519230769231 0.8557692307692307 0.30288461538461536 0.27884615384615385
0 0.5817307692307693 0.6442307692307693 0.30528846153846156 0.3076923076923077
0 0.6694711538461539 0.5793269230769231 0.057692307692307696 0.0673076923076923
0 0.5540865384615384 0.43149038461538464 0.24519230769230768 0.28365384615384615
0 0.6550480769230769 0.40384615384615385 0.24759615384615385 0.3173076923076923
0 0.8858173076923077 0.5276442307692307 0.22115384615384615 0.18028846153846154
0 0.9230769230769231 0.6862980769230769 0.14423076923076922 0.14903846153846154
0 0.8870192307692307 0.38221153846153844 0.21875 0.15384615384615385
0 0.7740384615384616 0.2956730769230769 0.30528846153846156 0.25
0 0.9423076923076923 0.15865384615384615 0.11057692307692307 0.3173076923076923
0 0.7487980769230769 0.109375 0.28365384615384615 0.1971153846153846
0 0.8052884615384616 0.036057692307692304 0.1346153846153846 0.07211538461538461
0 0.8798076923076923 0.040865384615384616 0.08173076923076923 0.08173076923076923
0 0.6286057692307693 0.09615384615384616 0.1875 0.19230769230769232
0 0.5048076923076923 0.06370192307692307 0.1875 0.12740384615384615
0 0.39783653846153844 0.20432692307692307 0.19951923076923078 0.28846153846153844
0 0.37259615384615385 0.7127403846153846 0.16346153846153846 0.5625
0 0.3125 0.7620192307692307 0.31971153846153844 0.4639423076923077
0 0.20552884615384615 0.6826923076923077 0.28846153846153844 0.6225961538461539
0 0.15264423076923078 0.5300480769230769 0.2403846153846154 0.21875
0 0.06850961538461539 0.7235576923076923 0.11538461538461539 0.27884615384615385
0 0.09134615384615384 0.734375 0.18269230769230768 0.23557692307692307
0 0.03485576923076923 0.9038461538461539 0.0673076923076923 0.15865384615384615
0 0.020432692307692308 0.5540865384615384 0.038461538461538464 0.18028846153846154
0 0.15264423076923078 0.30649038461538464 0.29086538461538464 0.3076923076923077
0 0.003605769230769231 0.38221153846153844 0.007211538461538462 0.17307692307692307
0 0.21995192307692307 0.1778846153846154 0.17067307692307693 0.21153846153846154
0 0.15625 0.06610576923076923 0.15865384615384615 0.12980769230769232
0 0.31490384615384615 0.06850961538461539 0.18509615384615385 0.13701923076923078
0 0.038461538461538464 0.057692307692307696 0.07692307692307693 0.11538461538461539
0 0.05889423076923077 0.18629807692307693 0.11778846153846154 0.17548076923076922
0 0.4987980769230769 0.49759615384615385 0.9975961538461539 0.9951923076923077