0 0.5649038461538461 0.5745192307692307 0.27884615384615385 0.20673076923076922
0 0.7103365384615384 0.6574519230769231 0.08173076923076923 0.09615384615384616
0 0.5901442307692307 0.7283653846153846 0.1778846153846154 0.10576923076923077
0 0.38100961538461536 0.7512019230769231 0.20192307692307693 0.13942307692307693
0 0.39903846153846156 0.8377403846153846 0.11538461538461539 0.057692307692307696
0 0.15264423076923078 0.7572115384615384 0.18269230769230768 0.12740384615384615
0 0.24879807692307693 0.6682692307692307 0.14423076923076922 0.11057692307692307
0 0.3076923076923077 0.5841346153846154 0.16105769230769232 0.10336538461538461
0 0.10576923076923077 0.6418269230769231 0.16105769230769232 0.11057692307692307
0 0.0625 0.5456730769230769 0.11538461538461539 0.125
0 0.22596153846153846 0.46875 0.23317307692307693 0.17307692307692307
0 0.41947115384615385 0.4362980769230769 0.1658653846153846 0.12259615384615384
0 0.3161057692307692 0.31850961538461536 0.21634615384615385 0.16105769230769232
0 0.7776442307692307 0.30649038461538464 0.41346153846153844 0.4519230769230769