0 0.052884615384615384 0.09375 0.09615384615384616 0.18028846153846154
0 0.1622596153846154 0.08533653846153846 0.25721153846153844 0.16346153846153846
0 0.3545673076923077 0.2536057692307692 0.6971153846153846 0.27403846153846156
0 0.4026442307692308 0.0673076923076923 0.3245192307692308 0.12740384615384615
0 0.6117788461538461 0.15985576923076922 0.4639423076923077 0.22115384615384615
0 0.7872596153846154 0.07091346153846154 0.4230769230769231 0.1346153846153846
0 0.9242788461538461 0.1875 0.14903846153846154 0.30528846153846156
0 0.9314903846153846 0.30528846153846156 0.13221153846153846 0.12980769230769232
0 0.6838942307692307 0.3737980769230769 0.6298076923076923 0.27884615384615385
0 0.6502403846153846 0.5817307692307693 0.6971153846153846 0.4110576923076923
0 0.2512019230769231 0.5721153846153846 0.49038461538461536 0.4375
0 0.19230769230769232 0.5228365384615384 0.375 0.3942307692307692
0 0.30408653846153844 0.8641826923076923 0.5985576923076923 0.2668269230769231
0 0.8497596153846154 0.8882211538461539 0.2956730769230769 0.22355769230769232
0 0.7572115384615384 0.8533653846153846 0.40865384615384615 0.28846153846153844
0 0.5697115384615384 0.8545673076923077 0.22355769230769232 0.14182692307692307