0 0.8509615384615384 0.07932692307692307 0.1778846153846154 0.1466346153846154
0 0.9567307692307693 0.08774038461538461 0.08173076923076923 0.16346153846153846
0 0.8930288461538461 0.22596153846153846 0.15144230769230768 0.21634615384615385
0 0.9206730769230769 0.2848557692307692 0.15144230769230768 0.2548076923076923
0 0.8521634615384616 0.4855769230769231 0.18269230769230768 0.21634615384615385
0 0.96875 0.5 0.057692307692307696 0.2091346153846154
0 0.8822115384615384 0.6322115384615384 0.13701923076923078 0.20432692307692307
0 0.9471153846153846 0.6778846153846154 0.0985576923076923 0.20432692307692307
0 0.6995192307692307 0.09014423076923077 0.14423076923076922 0.16826923076923078
0 0.7836538461538461 0.18028846153846154 0.07211538461538461 0.15865384615384615
0 0.6862980769230769 0.2764423076923077 0.15144230769230768 0.22596153846153846
0 0.7944711538461539 0.296875 0.09615384615384616 0.23317307692307693
0 0.7355769230769231 0.42908653846153844 0.04567307692307692 0.10096153846153846
0 0.7439903846153846 0.5877403846153846 0.1346153846153846 0.21634615384615385
0 0.7980769230769231 0.6778846153846154 0.08173076923076923 0.125
0 0.9014423076923077 0.8245192307692307 0.1201923076923077 0.18028846153846154
0 0.9771634615384616 0.828125 0.038461538461538464 0.10576923076923077
0 0.9519230769230769 0.921875 0.09615384615384616 0.15144230769230768
0 0.828125 0.953125 0.15625 0.0889423076923077
0 0.7980769230769231 0.8581730769230769 0.13701923076923078 0.21634615384615385
0 0.6995192307692307 0.7824519230769231 0.12980769230769232 0.17548076923076922
0 0.6478365384615384 0.8786057692307693 0.08653846153846154 0.15384615384615385
0 0.6658653846153846 0.9302884615384616 0.16346153846153846 0.1346153846153846
0 0.5661057692307693 0.90625 0.10817307692307693 0.16346153846153846
0 0.6334134615384616 0.6887019230769231 0.12980769230769232 0.27163461538461536
0 0.6117788461538461 0.46634615384615385 0.19230769230769232 0.28846153846153844
0 0.5997596153846154 0.24519230769230768 0.05048076923076923 0.12980769230769232
0 0.5336538461538461 0.13581730769230768 0.1971153846153846 0.25961538461538464
0 0.3293269230769231 0.11899038461538461 0.20432692307692307 0.22596153846153846
0 0.3942307692307692 0.24278846153846154 0.13701923076923078 0.21634615384615385
0 0.49278846153846156 0.3245192307692308 0.1658653846153846 0.22115384615384615
0 0.46153846153846156 0.46634615384615385 0.10096153846153846 0.1201923076923077
0 0.5048076923076923 0.6670673076923077 0.1971153846153846 0.35096153846153844
0 0.5228365384615384 0.828125 0.1346153846153846 0.09615384615384616
0 0.44350961538461536 0.8942307692307693 0.14182692307692307 0.20673076923076922
0 0.24158653846153846 0.2091346153846154 0.18269230769230768 0.30528846153846156
0 0.08533653846153846 0.07091346153846154 0.1658653846153846 0.13221153846153846
0 0.20192307692307693 0.03365384615384615 0.0673076923076923 0.057692307692307696
0 0.055288461538461536 0.054086538461538464 0.10576923076923077 0.0985576923076923
0 0.05889423076923077 0.16947115384615385 0.11298076923076923 0.13701923076923078
0 0.10697115384615384 0.15504807692307693 0.11538461538461539 0.14182692307692307
0 0.03365384615384615 0.265625 0.0673076923076923 0.07932692307692307
0 0.06850961538461539 0.34375 0.13221153846153846 0.2548076923076923
0 0.11899038461538461 0.5877403846153846 0.16826923076923078 0.27163461538461536
0 0.24879807692307693 0.4831730769230769 0.17548076923076922 0.2644230769230769
0 0.3629807692307692 0.4411057692307692 0.09615384615384616 0.21634615384615385
0 0.4014423076923077 0.5733173076923077 0.0673076923076923 0.14182692307692307
0 0.4050480769230769 0.7548076923076923 0.07451923076923077 0.09615384615384616
0 0.3125 0.6838942307692307 0.18269230769230768 0.28365384615384615
0 0.203125 0.6610576923076923 0.05048076923076923 0.11298076923076923
0 0.07572115384615384 0.7548076923076923 0.07451923076923077 0.08653846153846154
0 0.030048076923076924 0.6850961538461539 0.055288461538461536 0.19230769230769232
0 0.020432692307692308 0.5276442307692307 0.036057692307692304 0.13221153846153846
0 0.15144230769230768 0.36177884615384615 0.08413461538461539 0.15865384615384615
0 0.014423076923076924 0.8161057692307693 0.028846153846153848 0.09615384615384616
0 0.06370192307692307 0.8978365384615384 0.12740384615384615 0.20192307692307693
0 0.19951923076923078 0.8413461538461539 0.18269230769230768 0.23557692307692307
0 0.3245192307692308 0.8786057692307693 0.12259615384615384 0.14182692307692307
0 0.2536057692307692 0.9507211538461539 0.24278846153846154 0.09375