0 0.7920673076923077 0.6790865384615384 0.22596153846153846 0.1201923076923077
0 0.8665865384615384 0.7019230769230769 0.24519230769230768 0.11538461538461539
0 0.8269230769230769 0.7596153846153846 0.3317307692307692 0.2692307692307692
0 0.9675480769230769 0.6923076923076923 0.052884615384615384 0.13942307692307693
0 0.8725961538461539 0.8882211538461539 0.24519230769230768 0.14423076923076922
0 0.20552884615384615 0.7403846153846154 0.4110576923076923 0.2644230769230769
0 0.20192307692307693 0.07692307692307693 0.21394230769230768 0.11538461538461539
0 0.18509615384615385 0.01201923076923077 0.1778846153846154 0.016826923076923076
0 0.39302884615384615 0.046875 0.18990384615384615 0.08653846153846154
0 0.2704326923076923 0.16947115384615385 0.18509615384615385 0.09615384615384616
0 0.0985576923076923 0.16346153846153846 0.1971153846153846 0.08173076923076923
0 0.20793269230769232 0.0889423076923077 0.3798076923076923 0.09615384615384616
0 0.22596153846153846 0.36899038461538464 0.21394230769230768 0.11057692307692307
0 0.7764423076923077 0.125 0.14903846153846154 0.10336538461538461
0 0.7475961538461539 0.23197115384615385 0.11298076923076923 0.08413461538461539
0 0.7115384615384616 0.054086538461538464 0.2692307692307692 0.10096153846153846
0 0.5949519230769231 0.08052884615384616 0.22596153846153846 0.13942307692307693
0 0.6310096153846154 0.19951923076923078 0.15384615384615385 0.11057692307692307
0 0.9230769230769231 0.14543269230769232 0.12980769230769232 0.14903846153846154
0 0.9170673076923077 0.037259615384615384 0.15384615384615385 0.0673076923076923
0 0.8605769230769231 0.2403846153846154 0.14903846153846154 0.08173076923076923
2 0.21995192307692307 0.3713942307692308 0.20192307692307693 0.10576923076923077
2 0.054086538461538464 0.2980769230769231 0.10576923076923077 0.12740384615384615
2 0.04807692307692308 0.44471153846153844 0.09615384615384616 0.11538461538461539
3 0.1141826923076923 0.9747596153846154 0.13701923076923078 0.04567307692307692
5 0.7115384615384616 0.3173076923076923 0.5432692307692307 0.08173076923076923
5 0.7680288461538461 0.39302884615384615 0.4519230769230769 0.06971153846153846