1 0.9026442307692307 0.265625 0.18028846153846154 0.5144230769230769
1 0.7379807692307693 0.2620192307692308 0.16346153846153846 0.5072115384615384
1 0.5817307692307693 0.23798076923076922 0.14903846153846154 0.46153846153846156
1 0.375 0.25721153846153844 0.2668269230769231 0.5
1 0.140625 0.234375 0.2668269230769231 0.4543269230769231
1 0.09975961538461539 0.7283653846153846 0.19471153846153846 0.5384615384615384
1 0.2668269230769231 0.7560096153846154 0.15865384615384615 0.4831730769230769
1 0.4230769230769231 0.7560096153846154 0.14423076923076922 0.4831730769230769
1 0.6021634615384616 0.7524038461538461 0.23798076923076922 0.49038461538461536
1 0.8449519230769231 0.7524038461538461 0.3004807692307692 0.49038461538461536
1 0.4987980769230769 0.5012019230769231 0.9927884615384616 0.9927884615384616