1 0.22596153846153846 0.5120192307692307 0.3076923076923077 0.5096153846153846
1 0.18990384615384615 0.1658653846153846 0.24759615384615385 0.2860576923076923
1 0.4483173076923077 0.3485576923076923 0.19951923076923078 0.44711538461538464
1 0.38100961538461536 0.6394230769230769 0.14903846153846154 0.18269230769230768
1 0.390625 0.7596153846153846 0.13221153846153846 0.14903846153846154
1 0.5492788461538461 0.6802884615384616 0.18509615384615385 0.18269230769230768
1 0.546875 0.8197115384615384 0.2091346153846154 0.1658653846153846
1 0.6201923076923077 0.46875 0.27884615384615385 0.3894230769230769
1 0.8305288461538461 0.4879807692307692 0.14903846153846154 0.3485576923076923
1 0.8725961538461539 0.7572115384615384 0.19230769230769232 0.23557692307692307
1 0.7680288461538461 0.8173076923076923 0.19230769230769232 0.2980769230769231
1 0.7175480769230769 0.7199519230769231 0.125 0.25240384615384615