1 0.3125 0.359375 0.46875 0.4230769230769231
1 0.08173076923076923 0.22235576923076922 0.14903846153846154 0.30528846153846156
1 0.4879807692307692 0.15625 0.5865384615384616 0.15625
1 0.23677884615384615 0.07572115384615384 0.4639423076923077 0.1466346153846154
1 0.7427884615384616 0.08653846153846154 0.21875 0.17307692307692307
1 0.5625 0.04807692307692308 0.17307692307692307 0.09134615384615384
1 0.921875 0.16706730769230768 0.15144230769230768 0.3293269230769231
1 0.8197115384615384 0.22235576923076922 0.0625 0.14903846153846154
1 0.765625 0.3245192307692308 0.17307692307692307 0.13221153846153846
1 0.6875 0.390625 0.28125 0.2980769230769231
1 0.5817307692307693 0.6057692307692307 0.49278846153846156 0.21153846153846154
1 0.12139423076923077 0.6526442307692307 0.22596153846153846 0.5697115384615384
1 0.2536057692307692 0.6322115384615384 0.21153846153846154 0.13942307692307693
1 0.34375 0.765625 0.28125 0.2644230769230769
1 0.16346153846153846 0.9447115384615384 0.15625 0.09375
1 0.046875 0.9615384615384616 0.07932692307692307 0.0625
1 0.4963942307692308 0.8557692307692307 0.41346153846153844 0.27403846153846156
1 0.734375 0.6995192307692307 0.21875 0.28846153846153844
1 0.859375 0.6370192307692307 0.25 0.30528846153846156
1 0.890625 0.4723557692307692 0.20192307692307693 0.24278846153846154
1 0.9170673076923077 0.390625 0.16105769230769232 0.20432692307692307
1 0.8930288461538461 0.6298076923076923 0.2091346153846154 0.3076923076923077
1 0.8737980769230769 0.8822115384615384 0.24759615384615385 0.22115384615384615
1 0.8245192307692307 0.9134615384615384 0.24278846153846154 0.15625
1 0.7223557692307693 0.953125 0.14903846153846154 0.07692307692307693
1 0.5012019230769231 0.4987980769230769 0.9927884615384616 0.9927884615384616