1 0.9098557692307693 0.1875 0.16346153846153846 0.3605769230769231
1 0.6838942307692307 0.203125 0.27403846153846156 0.3125
1 0.6754807692307693 0.03125 0.27403846153846156 0.04807692307692308
1 0.3942307692307692 0.04326923076923077 0.28846153846153844 0.06971153846153846
1 0.125 0.07451923076923077 0.25 0.13221153846153846
1 0.90625 0.5276442307692307 0.17307692307692307 0.36778846153846156
1 0.9194711538461539 0.9795673076923077 0.15144230769230768 0.036057692307692304
1 0.9134615384615384 0.8365384615384616 0.15625 0.2644230769230769
1 0.6947115384615384 0.5240384615384616 0.2980769230769231 0.3605769230769231
1 0.6911057692307693 0.8545673076923077 0.2764423076923077 0.2860576923076923
1 0.3870192307692308 0.5625 0.30528846153846156 0.3605769230769231
1 0.390625 0.24278846153846154 0.2980769230769231 0.3269230769230769
1 0.13701923076923078 0.28846153846153844 0.27403846153846156 0.2980769230769231
1 0.12139423076923077 0.6009615384615384 0.24278846153846154 0.34375
1 0.40384615384615385 0.8701923076923077 0.32211538461538464 0.2548076923076923
1 0.12259615384615384 0.8858173076923077 0.24519230769230768 0.22355769230769232
1 0.49759615384615385 0.5024038461538461 0.9951923076923077 0.9903846153846154