1 0.390625 0.78125 0.75 0.3269230769230769
1 0.22235576923076922 0.8990384615384616 0.43028846153846156 0.1875
1 0.22235576923076922 0.5817307692307693 0.41346153846153844 0.21153846153846154
1 0.7403846153846154 0.8954326923076923 0.5144230769230769 0.19951923076923078
1 0.6983173076923077 0.43149038461538464 0.5985576923076923 0.2668269230769231
1 0.8858173076923077 0.6887019230769231 0.22355769230769232 0.17548076923076922
1 0.8966346153846154 0.5564903846153846 0.20192307692307693 0.0985576923076923
1 0.6802884615384616 0.6754807692307693 0.34375 0.21153846153846154
1 0.7451923076923077 0.12980769230769232 0.5048076923076923 0.25961538461538464
1 0.5925480769230769 0.039663461538461536 0.31490384615384615 0.07932692307692307
1 0.16346153846153846 0.1875 0.3125 0.375
1 0.3161057692307692 0.3629807692307692 0.6177884615384616 0.24278846153846154
1 0.35096153846153844 0.10576923076923077 0.20192307692307693 0.21153846153846154
1 0.5024038461538461 0.49759615384615385 0.9903846153846154 0.9951923076923077