1 0.47475961538461536 0.9338942307692307 0.4495192307692308 0.12740384615384615
1 0.22596153846153846 0.7704326923076923 0.20192307692307693 0.43509615384615385
1 0.40384615384615385 0.765625 0.5673076923076923 0.4375
1 0.1466346153846154 0.8653846153846154 0.15865384615384615 0.2644230769230769
1 0.0985576923076923 0.6466346153846154 0.14423076923076922 0.21153846153846154
1 0.039663461538461536 0.6514423076923077 0.07932692307692307 0.21634615384615385
1 0.039663461538461536 0.5024038461538461 0.07932692307692307 0.08653846153846154
1 0.1045673076923077 0.5036057692307693 0.07211538461538461 0.09134615384615384
1 0.27283653846153844 0.5024038461538461 0.2860576923076923 0.08653846153846154
1 0.05048076923076923 0.8762019230769231 0.10096153846153846 0.24278846153846154
1 0.59375 0.23798076923076922 0.32211538461538464 0.47115384615384615
1 0.5228365384615384 0.234375 0.2980769230769231 0.46153846153846156
1 0.4483173076923077 0.234375 0.32211538461538464 0.46153846153846156
1 0.35697115384615385 0.234375 0.3173076923076923 0.46153846153846156
1 0.3076923076923077 0.23317307692307693 0.25961538461538464 0.4567307692307692
1 0.15625 0.23317307692307693 0.2692307692307692 0.4567307692307692
1 0.078125 0.23317307692307693 0.15625 0.4567307692307692