1 0.5372596153846154 0.38221153846153844 0.9230769230769231 0.49038461538461536
1 0.4338942307692308 0.6754807692307693 0.8413461538461539 0.3894230769230769
0 0.16947115384615385 0.421875 0.15144230769230768 0.14182692307692307
0 0.20432692307692307 0.28725961538461536 0.16826923076923078 0.15384615384615385
0 0.3641826923076923 0.3245192307692308 0.15865384615384615 0.15144230769230768
0 0.31971153846153844 0.4579326923076923 0.15144230769230768 0.1346153846153846
0 0.453125 0.4795673076923077 0.15144230769230768 0.125
0 0.5132211538461539 0.3641826923076923 0.1466346153846154 0.14182692307692307
0 0.6490384615384616 0.39783653846153844 0.14182692307692307 0.13942307692307693
0 0.59375 0.5084134615384616 0.1466346153846154 0.12980769230769232
0 0.7247596153846154 0.5420673076923077 0.1346153846153846 0.10576923076923077
0 0.7800480769230769 0.42908653846153844 0.12980769230769232 0.12980769230769232
0 0.8401442307692307 0.5600961538461539 0.1346153846153846 0.125
0 0.9086538461538461 0.46634615384615385 0.13942307692307693 0.11538461538461539