1 0.5552884615384616 0.3557692307692308 0.2980769230769231 0.13221153846153846
1 0.49759615384615385 0.23918269230769232 0.9951923076923077 0.4735576923076923
1 0.4963942307692308 0.5348557692307693 0.9927884615384616 0.11778846153846154
1 0.4963942307692308 0.6490384615384616 0.9927884615384616 0.125
1 0.5588942307692307 0.8245192307692307 0.8677884615384616 0.24278846153846154
1 0.6009615384615384 0.9495192307692307 0.40625 0.08653846153846154
1 0.9026442307692307 0.9495192307692307 0.18028846153846154 0.08653846153846154
1 0.2776442307692308 0.9447115384615384 0.24278846153846154 0.09375
1 0.09014423076923077 0.9447115384615384 0.18028846153846154 0.09375
1 0.16826923076923078 0.7692307692307693 0.33653846153846156 0.25721153846153844
1 0.20072115384615385 0.19230769230769232 0.4014423076923077 0.3798076923076923
1 0.8293269230769231 0.1346153846153846 0.3317307692307692 0.2644230769230769
1 0.671875 0.5240384615384616 0.6394230769230769 0.9375
1 0.8557692307692307 0.4098557692307692 0.27403846153846156 0.27403846153846156
1 0.49759615384615385 0.49759615384615385 0.9951923076923077 0.9903846153846154