1 0.49399038461538464 0.8617788461538461 0.18990384615384615 0.27163461538461536
1 0.640625 0.6911057692307693 0.13942307692307693 0.27403846153846156
1 0.359375 0.5973557692307693 0.21875 0.24278846153846154
1 0.3401442307692308 0.40625 0.24278846153846154 0.25
1 0.19951923076923078 0.17548076923076922 0.10096153846153846 0.18028846153846154
1 0.3245192307692308 0.18389423076923078 0.16346153846153846 0.25721153846153844
1 0.4879807692307692 0.17548076923076922 0.18028846153846154 0.30528846153846156
1 0.640625 0.14423076923076922 0.1875 0.25721153846153844
1 0.78125 0.39903846153846156 0.13942307692307693 0.28125
1 0.7740384615384616 0.15985576923076922 0.125 0.22596153846153846
1 0.6442307692307693 0.4182692307692308 0.16346153846153846 0.28846153846153844
1 0.5036057692307693 0.39903846153846156 0.16346153846153846 0.20192307692307693
1 0.5036057692307693 0.6057692307692307 0.22596153846153846 0.24278846153846154