1 0.7115384615384616 0.6322115384615384 0.3125 0.23557692307692307
1 0.5865384615384616 0.703125 0.25 0.3125
1 0.90625 0.6682692307692307 0.13942307692307693 0.24278846153846154
1 0.796875 0.828125 0.3125 0.15625
1 0.6490384615384616 0.8990384615384616 0.4519230769230769 0.09375
1 0.6754807692307693 0.2536057692307692 0.49278846153846156 0.10096153846153846
1 0.7223557692307693 0.3317307692307692 0.5072115384615384 0.10096153846153846
1 0.8557692307692307 0.4182692307692308 0.27403846153846156 0.14903846153846154
1 0.6177884615384616 0.4254807692307692 0.21875 0.08653846153846154
1 0.578125 0.47596153846153844 0.2644230769230769 0.15625
1 0.5745192307692307 0.19471153846153846 0.28846153846153844 0.17307692307692307
1 0.828125 0.234375 0.20192307692307693 0.17307692307692307
1 0.9134615384615384 0.12139423076923077 0.15625 0.06971153846153846
1 0.8509615384615384 0.05889423076923077 0.28125 0.11778846153846154
1 0.7151442307692307 0.05889423076923077 0.14903846153846154 0.10096153846153846
1 0.59375 0.04326923076923077 0.3269230769230769 0.08653846153846154
1 0.3088942307692308 0.03485576923076923 0.24278846153846154 0.06971153846153846
1 0.35096153846153844 0.09375 0.15625 0.13942307692307693
1 0.34375 0.5 0.25 0.6875
1 0.328125 0.8942307692307693 0.40625 0.19471153846153846
1 0.1141826923076923 0.34134615384615385 0.22355769230769232 0.1201923076923077
1 0.10697115384615384 0.46153846153846156 0.2091346153846154 0.14423076923076922
1 0.10697115384615384 0.5709134615384616 0.2091346153846154 0.12740384615384615
1 0.11057692307692307 0.6766826923076923 0.21634615384615385 0.10336538461538461
1 0.11057692307692307 0.7824519230769231 0.21634615384615385 0.12740384615384615
1 0.09495192307692307 0.9134615384615384 0.18509615384615385 0.15865384615384615
1 0.1346153846153846 0.2283653846153846 0.2644230769230769 0.12980769230769232
1 0.14182692307692307 0.15985576923076922 0.27884615384615385 0.15144230769230768
1 0.1346153846153846 0.06490384615384616 0.2644230769230769 0.12980769230769232
1 0.49759615384615385 0.49759615384615385 0.9903846153846154 0.9951923076923077