1 0.4110576923076923 0.7235576923076923 0.8125 0.2620192307692308
1 0.5793269230769231 0.5949519230769231 0.6754807692307693 0.2668269230769231
1 0.43028846153846156 0.36177884615384615 0.7668269230769231 0.4735576923076923
1 0.4074519230769231 0.7632211538461539 0.8076923076923077 0.16105769230769232
1 0.4074519230769231 0.7307692307692307 0.8076923076923077 0.14423076923076922
1 0.4026442307692308 0.7139423076923077 0.7980769230769231 0.12980769230769232
1 0.4026442307692308 0.6935096153846154 0.7908653846153846 0.1201923076923077
1 0.4411057692307692 0.6682692307692307 0.6995192307692307 0.1201923076923077
1 0.5793269230769231 0.6430288461538461 0.6682692307692307 0.15144230769230768
1 0.5769230769230769 0.5649038461538461 0.6634615384615384 0.026442307692307692
1 0.5769230769230769 0.5372596153846154 0.6634615384615384 0.03125
1 0.5805288461538461 0.515625 0.6634615384615384 0.026442307692307692
1 0.5769230769230769 0.48197115384615385 0.65625 0.03125
1 0.44471153846153844 0.5276442307692307 0.6346153846153846 0.11057692307692307
1 0.44711538461538464 0.4495192307692308 0.6322115384615384 0.026442307692307692
1 0.44471153846153844 0.43990384615384615 0.6298076923076923 0.026442307692307692
1 0.44711538461538464 0.4375 0.7211538461538461 0.06009615384615385
1 0.4326923076923077 0.2668269230769231 0.7475961538461539 0.27163461538461536
1 0.41947115384615385 0.3269230769230769 0.7259615384615384 0.14182692307692307
1 0.43028846153846156 0.3245192307692308 0.7355769230769231 0.15625