1 0.44711538461538464 0.5072115384615384 0.7427884615384616 0.9423076923076923
1 0.5240384615384616 0.5757211538461539 0.40865384615384615 0.3701923076923077
1 0.6334134615384616 0.5072115384615384 0.2548076923076923 0.3557692307692308
1 0.6730769230769231 0.41586538461538464 0.24519230769230768 0.4230769230769231
1 0.7127403846153846 0.3641826923076923 0.21634615384615385 0.39903846153846156
1 0.7427884615384616 0.3088942307692308 0.1778846153846154 0.37740384615384615
1 0.7596153846153846 0.24879807692307693 0.15144230769230768 0.40865384615384615
1 0.40384615384615385 0.31971153846153844 0.6586538461538461 0.5600961538461539
1 0.2848557692307692 0.7800480769230769 0.40865384615384615 0.37740384615384615
1 0.3449519230769231 0.6802884615384616 0.18269230769230768 0.25
1 0.5492788461538461 0.8425480769230769 0.3245192307692308 0.23557692307692307