1 0.453125 0.40625 0.5 0.6875
1 0.15264423076923078 0.5625 0.28846153846153844 0.3605769230769231
1 0.1875 0.3629807692307692 0.3605769230769231 0.36778846153846156
1 0.13221153846153846 0.17548076923076922 0.25 0.22596153846153846
1 0.6802884615384616 0.3401442307692308 0.53125 0.5552884615384616
1 0.7836538461538461 0.27884615384615385 0.42788461538461536 0.4326923076923077
1 0.8581730769230769 0.7055288461538461 0.27884615384615385 0.5841346153846154
1 0.171875 0.828125 0.3269230769230769 0.23557692307692307
1 0.25 0.9242788461538461 0.4855769230769231 0.1466346153846154
1 0.3317307692307692 0.7115384615384616 0.21153846153846154 0.375
1 0.6322115384615384 0.8233173076923077 0.20673076923076922 0.3485576923076923
1 0.47596153846153844 0.8365384615384616 0.11057692307692307 0.3125
1 0.5024038461538461 0.5264423076923077 0.9903846153846154 0.9423076923076923