1 0.8401442307692307 0.9447115384615384 0.14903846153846154 0.09375
1 0.859375 0.8245192307692307 0.11057692307692307 0.14903846153846154
1 0.8401442307692307 0.7259615384615384 0.11778846153846154 0.125
1 0.8052884615384616 0.6802884615384616 0.1875 0.17307692307692307
1 0.19951923076923078 0.9495192307692307 0.14903846153846154 0.08653846153846154
1 0.4411057692307692 0.9338942307692307 0.39903846153846156 0.11778846153846154
1 0.09014423076923077 0.9723557692307693 0.10096153846153846 0.038461538461538464
1 0.21875 0.7463942307692307 0.375 0.39903846153846156
1 0.3473557692307692 0.65625 0.31971153846153844 0.4230769230769231
1 0.5661057692307693 0.6802884615384616 0.28846153846153844 0.3894230769230769
1 0.78125 0.5276442307692307 0.2644230769230769 0.47596153846153844
1 0.5817307692307693 0.453125 0.14903846153846154 0.125
1 0.4375 0.4254807692307692 0.23557692307692307 0.24278846153846154
1 0.4963942307692308 0.2776442307692308 0.14903846153846154 0.08653846153846154
1 0.8197115384615384 0.2776442307692308 0.1875 0.11778846153846154
1 0.7067307692307693 0.21875 0.38221153846153844 0.3269230769230769
1 0.703125 0.055288461538461536 0.34375 0.11057692307692307
1 0.49278846153846156 0.13221153846153846 0.125 0.20192307692307693
1 0.38221153846153844 0.18389423076923078 0.125 0.24278846153846154
1 0.28846153846153844 0.2536057692307692 0.11057692307692307 0.31971153846153844
1 0.171875 0.24278846153846154 0.1875 0.2980769230769231
1 0.19110576923076922 0.46153846153846156 0.14903846153846154 0.15625
1 0.09495192307692307 0.65625 0.18509615384615385 0.3605769230769231
1 0.09134615384615384 0.6875 0.1778846153846154 0.28365384615384615
1 0.06009615384615385 0.3954326923076923 0.11538461538461539 0.21394230769230768
1 0.0829326923076923 0.2548076923076923 0.16105769230769232 0.24519230769230768
1 0.17548076923076922 0.453125 0.11778846153846154 0.15625