1 0.7115384615384616 0.5504807692307693 0.21875 0.38221153846153844
1 0.7932692307692307 0.4567307692307692 0.06971153846153846 0.27403846153846156
1 0.8557692307692307 0.3870192307692308 0.06971153846153846 0.30528846153846156
1 0.8990384615384616 0.5 0.03125 0.28125
1 0.8473557692307693 0.625 0.06971153846153846 0.17307692307692307
1 0.7259615384615384 0.8004807692307693 0.13942307692307693 0.11778846153846154
1 0.6286057692307693 0.8161057692307693 0.11778846153846154 0.14903846153846154
1 0.5276442307692307 0.4807692307692308 0.16346153846153846 0.8509615384615384
1 0.6286057692307693 0.21153846153846154 0.08653846153846154 0.28125
1 0.7151442307692307 0.21875 0.08653846153846154 0.25
1 0.7848557692307693 0.24639423076923078 0.08653846153846154 0.18028846153846154
1 0.375 0.38221153846153844 0.13942307692307693 0.6730769230769231
1 0.3713942307692308 0.7932692307692307 0.13221153846153846 0.18028846153846154
1 0.41346153846153844 0.8557692307692307 0.11057692307692307 0.10096153846153846
1 0.25 0.35096153846153844 0.15625 0.5480769230769231
1 0.25721153846153844 0.7259615384615384 0.09375 0.25
1 0.13701923076923078 0.359375 0.08653846153846154 0.375
1 0.12139423076923077 0.5745192307692307 0.06971153846153846 0.10096153846153846
1 0.16346153846153846 0.6802884615384616 0.11057692307692307 0.1875
1 0.09014423076923077 0.44471153846153844 0.055288461538461536 0.23557692307692307