1 0.2620192307692308 0.6322115384615384 0.28846153846153844 0.23557692307692307
1 0.1875 0.6057692307692307 0.15625 0.16346153846153846
1 0.31971153846153844 0.6009615384615384 0.4230769230769231 0.46875
1 0.2536057692307692 0.8125 0.27403846153846156 0.14182692307692307
1 0.4098557692307692 0.9122596153846154 0.5889423076923077 0.17067307692307693
1 0.375 0.3473557692307692 0.53125 0.6802884615384616
1 0.5276442307692307 0.296875 0.25721153846153844 0.5769230769230769
1 0.6009615384615384 0.265625 0.1875 0.5144230769230769
1 0.6442307692307693 0.20673076923076922 0.16346153846153846 0.39903846153846156
1 0.7151442307692307 0.15264423076923078 0.11778846153846154 0.27403846153846156
1 0.8004807692307693 0.12139423076923077 0.13221153846153846 0.22596153846153846
1 0.6598557692307693 0.8425480769230769 0.3389423076923077 0.31009615384615385
1 0.5697115384615384 0.734375 0.15625 0.1875
1 0.640625 0.6286057692307693 0.13942307692307693 0.21153846153846154
1 0.7608173076923077 0.7680288461538461 0.21394230769230768 0.45913461538461536
1 0.9747596153846154 0.9026442307692307 0.04567307692307692 0.19471153846153846
1 0.9098557692307693 0.8497596153846154 0.15144230769230768 0.2956730769230769
1 0.8317307692307693 0.5036057692307693 0.27403846153846156 0.49278846153846156
1 0.8930288461538461 0.24278846153846154 0.2091346153846154 0.47115384615384615
1 0.9747596153846154 0.6526442307692307 0.04567307692307692 0.2764423076923077
1 0.5564903846153846 0.5036057692307693 0.8822115384615384 0.9927884615384616