1 0.5625 0.15745192307692307 0.16346153846153846 0.1466346153846154
1 0.5661057692307693 0.29086538461538464 0.1466346153846154 0.12980769230769232
1 0.421875 0.15144230769230768 0.15144230769230768 0.14182692307692307
1 0.375 0.2247596153846154 0.057692307692307696 0.19230769230769232
1 0.3485576923076923 0.23798076923076922 0.04807692307692308 0.17307692307692307
1 0.33774038461538464 0.18389423076923078 0.0625 0.2980769230769231
1 0.43509615384615385 0.28846153846153844 0.125 0.125
1 0.5600961538461539 0.41947115384615385 0.14182692307692307 0.13942307692307693
1 0.43509615384615385 0.42427884615384615 0.14182692307692307 0.1466346153846154
1 0.5576923076923077 0.5528846153846154 0.12980769230769232 0.12980769230769232
1 0.43149038461538464 0.5625 0.1346153846153846 0.1201923076923077
1 0.3425480769230769 0.4795673076923077 0.07211538461538461 0.2932692307692308
1 0.49759615384615385 0.6706730769230769 0.1875 0.10576923076923077
1 0.38461538461538464 0.7067307692307693 0.09375 0.15865384615384615
1 0.3449519230769231 0.7439903846153846 0.03125 0.09375
1 0.5649038461538461 0.7800480769230769 0.28365384615384615 0.19230769230769232
1 0.41947115384615385 0.8774038461538461 0.2091346153846154 0.19230769230769232