1 0.8269230769230769 0.7620192307692307 0.30288461538461536 0.19230769230769232
1 0.8064903846153846 0.5865384615384616 0.3173076923076923 0.21394230769230768
1 0.6490384615384616 0.4483173076923077 0.33653846153846156 0.3293269230769231
1 0.8353365384615384 0.33052884615384615 0.22115384615384615 0.2548076923076923
1 0.6069711538461539 0.29086538461538464 0.24519230769230768 0.2980769230769231
1 0.35096153846153844 0.4795673076923077 0.2860576923076923 0.25721153846153844
1 0.36177884615384615 0.29086538461538464 0.24519230769230768 0.18269230769230768
1 0.18028846153846154 0.421875 0.09375 0.3894230769230769
1 0.08173076923076923 0.40384615384615385 0.1201923076923077 0.33653846153846156
1 0.1310096153846154 0.7716346153846154 0.15384615384615385 0.057692307692307696
1 0.1466346153846154 0.6862980769230769 0.1875 0.13942307692307693
1 0.2956730769230769 0.6418269230769231 0.1201923076923077 0.10096153846153846