1 0.4519230769230769 0.5420673076923077 0.36538461538461536 0.16346153846153846
1 0.7367788461538461 0.2548076923076923 0.25961538461538464 0.25961538461538464
1 0.8978365384615384 0.07932692307692307 0.19230769230769232 0.15144230769230768
1 0.9278846153846154 0.23197115384615385 0.1346153846153846 0.16346153846153846
1 0.8930288461538461 0.390625 0.20432692307692307 0.15384615384615385
1 0.7259615384615384 0.4963942307692308 0.25961538461538464 0.2548076923076923
1 0.31971153846153844 0.6850961538461539 0.38221153846153844 0.18028846153846154
1 0.07451923076923077 0.6899038461538461 0.14423076923076922 0.1778846153846154
1 0.6826923076923077 0.6971153846153846 0.375 0.16346153846153846
1 0.921875 0.6971153846153846 0.14423076923076922 0.16346153846153846
1 0.6742788461538461 0.8557692307692307 0.3701923076923077 0.15625
1 0.31490384615384615 0.8521634615384616 0.3605769230769231 0.14903846153846154
1 0.6694711538461539 0.9651442307692307 0.37259615384615385 0.06490384615384616
1 0.9194711538461539 0.9639423076923077 0.15144230769230768 0.0673076923076923
1 0.9242788461538461 0.8581730769230769 0.13942307692307693 0.15865384615384615