2 0.7067307692307693 0.2247596153846154 0.17307692307692307 0.15865384615384615
2 0.6634615384615384 0.10697115384615384 0.07932692307692307 0.04807692307692308
2 0.640625 0.18389423076923078 0.0625 0.02403846153846154
2 0.5901442307692307 0.17067307692307693 0.04807692307692308 0.0625
2 0.6346153846153846 0.234375 0.0625 0.04807692307692308
2 0.5709134615384616 0.10096153846153846 0.052884615384615384 0.028846153846153848
2 0.49759615384615385 0.15865384615384615 0.0625 0.057692307692307696
2 0.47115384615384615 0.17427884615384615 0.04326923076923077 0.04807692307692308
2 0.47115384615384615 0.06610576923076923 0.11538461538461539 0.07211538461538461
2 0.43149038461538464 0.140625 0.13221153846153846 0.16826923076923078
2 0.34134615384615385 0.16105769230769232 0.07932692307692307 0.09134615384615384
2 0.3918269230769231 0.10817307692307693 0.09615384615384616 0.052884615384615384
2 0.2860576923076923 0.21875 0.04326923076923077 0.07692307692307693
2 0.27283653846153844 0.16826923076923078 0.0673076923076923 0.038461538461538464
2 0.23798076923076922 0.13701923076923078 0.07451923076923077 0.07211538461538461
2 0.33653846153846156 0.24879807692307693 0.038461538461538464 0.019230769230769232
2 0.38341346153846156 0.24158653846153846 0.014423076923076924 0.009615384615384616
2 0.3918269230769231 0.30528846153846156 0.0625 0.07692307692307693
2 0.4423076923076923 0.2608173076923077 0.057692307692307696 0.0625
2 0.5264423076923077 0.3161057692307692 0.11057692307692307 0.11538461538461539
2 0.671875 0.38341346153846156 0.20192307692307693 0.13942307692307693
2 0.7199519230769231 0.46033653846153844 0.0625 0.04326923076923077
2 0.7115384615384616 0.5600961538461539 0.13221153846153846 0.12980769230769232
2 0.5576923076923077 0.5276442307692307 0.11057692307692307 0.14903846153846154
2 0.5552884615384616 0.49038461538461536 0.16826923076923078 0.2692307692307692
2 0.4387019230769231 0.41947115384615385 0.11538461538461539 0.2932692307692308
2 0.7163461538461539 0.6983173076923077 0.16346153846153846 0.13221153846153846
2 0.7620192307692307 0.6971153846153846 0.0625 0.03125
2 0.6165865384615384 0.8185096153846154 0.25240384615384615 0.3581730769230769
2 0.5 0.875 0.038461538461538464 0.026442307692307692
2 0.5084134615384616 0.7319711538461539 0.052884615384615384 0.125
2 0.49158653846153844 0.6670673076923077 0.07451923076923077 0.08173076923076923
2 0.4182692307692308 0.734375 0.15865384615384615 0.1875
2 0.4182692307692308 0.6141826923076923 0.09615384615384616 0.12740384615384615
2 0.34615384615384615 0.5841346153846154 0.0673076923076923 0.14903846153846154
2 0.3125 0.5564903846153846 0.12740384615384615 0.18269230769230768
2 0.30649038461538464 0.4795673076923077 0.0625 0.028846153846153848
2 0.33653846153846156 0.4230769230769231 0.09134615384615384 0.08173076923076923
2 0.2776442307692308 0.3798076923076923 0.04807692307692308 0.0625
2 0.30408653846153844 0.30288461538461536 0.0673076923076923 0.09134615384615384
2 0.21394230769230768 0.2247596153846154 0.09134615384615384 0.10576923076923077
2 0.1875 0.3329326923076923 0.09134615384615384 0.15865384615384615
2 0.20673076923076922 0.38822115384615385 0.09615384615384616 0.10817307692307693
2 0.21153846153846154 0.4855769230769231 0.07451923076923077 0.10817307692307693
2 0.15625 0.453125 0.038461538461538464 0.014423076923076924
2 0.10576923076923077 0.4326923076923077 0.052884615384615384 0.04807692307692308
2 0.06129807692307692 0.3918269230769231 0.04807692307692308 0.026442307692307692
2 0.13701923076923078 0.36177884615384615 0.07451923076923077 0.10096153846153846
2 0.12740384615384615 0.5168269230769231 0.08413461538461539 0.09615384615384616
2 0.06370192307692307 0.5372596153846154 0.052884615384615384 0.019230769230769232
2 0.16706730769230768 0.6334134615384616 0.10096153846153846 0.09134615384615384
2 0.22235576923076922 0.6478365384615384 0.052884615384615384 0.0673076923076923
2 0.2620192307692308 0.5540865384615384 0.10096153846153846 0.1346153846153846
2 0.21995192307692307 0.7379807692307693 0.09134615384615384 0.09134615384615384
2 0.2800480769230769 0.7079326923076923 0.04326923076923077 0.0673076923076923
2 0.3233173076923077 0.7283653846153846 0.04326923076923077 0.07692307692307693
2 0.31490384615384615 0.8329326923076923 0.11057692307692307 0.13942307692307693
2 0.24278846153846154 0.8725961538461539 0.04326923076923077 0.06009615384615385
2 0.3701923076923077 0.9326923076923077 0.12740384615384615 0.1201923076923077