2 0.35336538461538464 0.8305288461538461 0.24519230769230768 0.25
2 0.49278846153846156 0.6935096153846154 0.28365384615384615 0.25
2 0.32211538461538464 0.5048076923076923 0.17307692307692307 0.21634615384615385
2 0.3173076923076923 0.20192307692307693 0.1466346153846154 0.22596153846153846
2 0.44711538461538464 0.15144230769230768 0.18269230769230768 0.20432692307692307
2 0.5132211538461539 0.41586538461538464 0.3173076923076923 0.2091346153846154
3 0.5108173076923077 0.8377403846153846 0.10576923076923077 0.24519230769230768
3 0.6574519230769231 0.6995192307692307 0.07211538461538461 0.24519230769230768
3 0.7043269230769231 0.41346153846153844 0.08413461538461539 0.20432692307692307
3 0.44711538461538464 0.5048076923076923 0.11057692307692307 0.21634615384615385
3 0.41947115384615385 0.19591346153846154 0.11057692307692307 0.22115384615384615
3 0.578125 0.1466346153846154 0.0889423076923077 0.20432692307692307