2 0.21153846153846154 0.4182692307692308 0.18509615384615385 0.5
2 0.33653846153846156 0.2536057692307692 0.18509615384615385 0.2403846153846154
2 0.4963942307692308 0.40625 0.22355769230769232 0.4639423076923077
2 0.3737980769230769 0.6141826923076923 0.20432692307692307 0.38461538461538464
2 0.6141826923076923 0.6141826923076923 0.16346153846153846 0.2644230769230769
2 0.6838942307692307 0.27403846153846156 0.25721153846153844 0.2956730769230769
2 0.7716346153846154 0.40625 0.23076923076923078 0.4519230769230769
3 0.33653846153846156 0.40024038461538464 0.14423076923076922 0.0673076923076923
3 0.21153846153846154 0.7019230769230769 0.17548076923076922 0.052884615384615384
3 0.3737980769230769 0.8377403846153846 0.18028846153846154 0.07211538461538461
3 0.4963942307692308 0.6682692307692307 0.18269230769230768 0.07211538461538461
3 0.6105769230769231 0.7776442307692307 0.16346153846153846 0.06009615384615385
3 0.6838942307692307 0.4579326923076923 0.2548076923076923 0.10817307692307693