2 0.13341346153846154 0.6887019230769231 0.14182692307692307 0.2932692307692308
2 0.1935096153846154 0.6286057692307693 0.10096153846153846 0.28846153846153844
2 0.30408653846153844 0.6286057692307693 0.11057692307692307 0.27884615384615385
2 0.2848557692307692 0.6778846153846154 0.10576923076923077 0.27884615384615385
2 0.41586538461538464 0.6911057692307693 0.11057692307692307 0.24519230769230768
2 0.5336538461538461 0.6935096153846154 0.10576923076923077 0.25
2 0.6598557692307693 0.7127403846153846 0.12980769230769232 0.2091346153846154
2 0.7848557692307693 0.7199519230769231 0.10096153846153846 0.1875
2 0.8978365384615384 0.7307692307692307 0.10576923076923077 0.17307692307692307
2 0.1310096153846154 0.4579326923076923 0.11057692307692307 0.21153846153846154
2 0.2668269230769231 0.48197115384615385 0.10576923076923077 0.11057692307692307
2 0.375 0.49759615384615385 0.09375 0.1346153846153846
2 0.42427884615384615 0.53125 0.08413461538461539 0.09375
2 0.546875 0.53125 0.09615384615384616 0.10096153846153846
2 0.484375 0.49759615384615385 0.07211538461538461 0.1346153846153846
2 0.5997596153846154 0.5108173076923077 0.08173076923076923 0.15144230769230768
2 0.6598557692307693 0.5360576923076923 0.1201923076923077 0.12980769230769232
2 0.7752403846153846 0.5444711538461539 0.11057692307692307 0.12980769230769232
2 0.7175480769230769 0.47596153846153844 0.0673076923076923 0.08173076923076923
2 0.8353365384615384 0.5420673076923077 0.08173076923076923 0.21153846153846154