2 0.6225961538461539 0.15985576923076922 0.052884615384615384 0.04326923076923077
2 0.3329326923076923 0.20192307692307693 0.07211538461538461 0.038461538461538464
2 0.19110576923076922 0.2283653846153846 0.07211538461538461 0.038461538461538464
2 0.8509615384615384 0.33052884615384615 0.0673076923076923 0.03125
2 0.8461538461538461 0.4338942307692308 0.04807692307692308 0.038461538461538464
2 0.9338942307692307 0.46875 0.0625 0.0673076923076923
2 0.9555288461538461 0.5649038461538461 0.052884615384615384 0.052884615384615384
2 0.9158653846153846 0.53125 0.07211538461538461 0.03125
2 0.9086538461538461 0.5685096153846154 0.038461538461538464 0.052884615384615384
2 0.90625 0.6129807692307693 0.052884615384615384 0.04326923076923077
2 0.8617788461538461 0.6129807692307693 0.052884615384615384 0.052884615384615384
2 0.8377403846153846 0.6550480769230769 0.04807692307692308 0.021634615384615384
2 0.8293269230769231 0.6730769230769231 0.0673076923076923 0.0673076923076923
2 0.7512019230769231 0.7199519230769231 0.08173076923076923 0.052884615384615384
2 0.7692307692307693 0.7572115384615384 0.07211538461538461 0.07692307692307693
2 0.7872596153846154 0.7752403846153846 0.04326923076923077 0.038461538461538464
2 0.7427884615384616 0.8016826923076923 0.052884615384615384 0.057692307692307696
2 0.7247596153846154 0.7716346153846154 0.0625 0.038461538461538464
2 0.7223557692307693 0.8449519230769231 0.0673076923076923 0.052884615384615384
2 0.6670673076923077 0.8112980769230769 0.08173076923076923 0.057692307692307696
2 0.625 0.7644230769230769 0.10096153846153846 0.08173076923076923
2 0.5913461538461539 0.7884615384615384 0.0625 0.04807692307692308
2 0.5492788461538461 0.7884615384615384 0.0673076923076923 0.07692307692307693
2 0.49158653846153844 0.7932692307692307 0.0673076923076923 0.0673076923076923
2 0.45552884615384615 0.8425480769230769 0.038461538461538464 0.04807692307692308
2 0.46033653846153844 0.8846153846153846 0.04807692307692308 0.04326923076923077
2 0.40865384615384615 0.8293269230769231 0.0625 0.0673076923076923
2 0.36658653846153844 0.7956730769230769 0.0673076923076923 0.08173076923076923
2 0.33052884615384615 0.8581730769230769 0.0673076923076923 0.052884615384615384
2 0.30649038461538464 0.8269230769230769 0.0625 0.07211538461538461
2 0.30408653846153844 0.7716346153846154 0.0673076923076923 0.04807692307692308
2 0.24639423076923078 0.7848557692307693 0.057692307692307696 0.0673076923076923
2 0.21514423076923078 0.7644230769230769 0.0673076923076923 0.0625
2 0.17307692307692307 0.7403846153846154 0.04326923076923077 0.057692307692307696
2 0.15745192307692307 0.7331730769230769 0.0673076923076923 0.04326923076923077
2 0.04447115384615385 0.6862980769230769 0.0625 0.04807692307692308
2 0.026442307692307692 0.6418269230769231 0.04326923076923077 0.038461538461538464
2 0.0625 0.6382211538461539 0.0625 0.0673076923076923
2 0.10697115384615384 0.6538461538461539 0.07211538461538461 0.07211538461538461
2 0.039663461538461536 0.5841346153846154 0.07211538461538461 0.057692307692307696
2 0.039663461538461536 0.5264423076923077 0.04326923076923077 0.03125
2 0.03365384615384615 0.43990384615384615 0.057692307692307696 0.08173076923076923
2 0.028846153846153848 0.3641826923076923 0.04807692307692308 0.052884615384615384
2 0.06850961538461539 0.3425480769230769 0.0673076923076923 0.036057692307692304
2 0.5973557692307693 0.20673076923076922 0.057692307692307696 0.057692307692307696
2 0.3245192307692308 0.31971153846153844 0.40865384615384615 0.1971153846153846
2 0.15504807692307693 0.47115384615384615 0.1971153846153846 0.28365384615384615
2 0.19591346153846154 0.609375 0.2403846153846154 0.14182692307692307
2 0.3016826923076923 0.6754807692307693 0.2668269230769231 0.14182692307692307
2 0.453125 0.6574519230769231 0.31971153846153844 0.23076923076923078
2 0.4375 0.47836538461538464 0.15384615384615385 0.37740384615384615
2 0.30408653846153844 0.4891826923076923 0.11057692307692307 0.28365384615384615
2 0.5600961538461539 0.5024038461538461 0.11538461538461539 0.5072115384615384
2 0.6670673076923077 0.5204326923076923 0.125 0.42788461538461536
2 0.7536057692307693 0.5600961538461539 0.10096153846153846 0.2932692307692308
2 0.7668269230769231 0.5733173076923077 0.19951923076923078 0.14182692307692307
2 0.6995192307692307 0.5264423076923077 0.23557692307692307 0.11057692307692307
2 0.6826923076923077 0.41947115384615385 0.1466346153846154 0.13942307692307693