2 0.1622596153846154 0.3713942307692308 0.125 0.4423076923076923
2 0.3161057692307692 0.18870192307692307 0.13942307692307693 0.2644230769230769
2 0.2860576923076923 0.2932692307692308 0.12980769230769232 0.3918269230769231
2 0.3786057692307692 0.6310096153846154 0.19230769230769232 0.39663461538461536
2 0.4423076923076923 0.3112980769230769 0.1658653846153846 0.44711538461538464
2 0.5769230769230769 0.23918269230769232 0.1201923076923077 0.3870192307692308
2 0.6682692307692307 0.33774038461538464 0.1466346153846154 0.5096153846153846
2 0.5480769230769231 0.5492788461538461 0.12980769230769232 0.22115384615384615
2 0.6814903846153846 0.703125 0.18269230769230768 0.3870192307692308
2 0.8209134615384616 0.4639423076923077 0.17307692307692307 0.5240384615384616
2 0.890625 0.14182692307692307 0.21394230769230768 0.18269230769230768
3 0.1658653846153846 0.6442307692307693 0.10817307692307693 0.10336538461538461
3 0.2860576923076923 0.5540865384615384 0.10817307692307693 0.10817307692307693
3 0.32211538461538464 0.38461538461538464 0.11057692307692307 0.10817307692307693
3 0.44350961538461536 0.5901442307692307 0.10817307692307693 0.10817307692307693
3 0.3786057692307692 0.8810096153846154 0.10096153846153846 0.10336538461538461
3 0.5372596153846154 0.7115384615384616 0.10817307692307693 0.10336538461538461
3 0.6598557692307693 0.6574519230769231 0.11538461538461539 0.10817307692307693
3 0.7127403846153846 0.9507211538461539 0.10576923076923077 0.09615384615384616
3 0.828125 0.7860576923076923 0.11057692307692307 0.09615384615384616
3 0.7475961538461539 0.12860576923076922 0.0889423076923077 0.1346153846153846