2 0.8064903846153846 0.6670673076923077 0.1875 0.2860576923076923
2 0.5600961538461539 0.43149038461538464 0.3125 0.4375
2 0.5865384615384616 0.7644230769230769 0.13942307692307693 0.14423076923076922
2 0.25961538461538464 0.5552884615384616 0.20673076923076922 0.27403846153846156
2 0.3894230769230769 0.7704326923076923 0.13942307692307693 0.14423076923076922
2 0.15985576923076922 0.7199519230769231 0.15865384615384615 0.21153846153846154
5 0.8064903846153846 0.5084134615384616 0.1875 0.13701923076923078
5 0.5600961538461539 0.17427884615384615 0.2548076923076923 0.14903846153846154
5 0.5817307692307693 0.6586538461538461 0.14903846153846154 0.1201923076923077
5 0.38822115384615385 0.671875 0.14423076923076922 0.12740384615384615
5 0.2536057692307692 0.3858173076923077 0.21153846153846154 0.14903846153846154
5 0.15985576923076922 0.5841346153846154 0.15144230769230768 0.1201923076923077