2 0.10697115384615384 0.22956730769230768 0.18028846153846154 0.4230769230769231
2 0.3076923076923077 0.23197115384615385 0.17067307692307693 0.4182692307692308
2 0.5108173076923077 0.22956730769230768 0.17548076923076922 0.4230769230769231
2 0.10697115384615384 0.7367788461538461 0.17067307692307693 0.4254807692307692
2 0.31009615384615385 0.734375 0.18269230769230768 0.4230769230769231
2 0.5108173076923077 0.734375 0.17548076923076922 0.4230769230769231
2 0.7103365384615384 0.7367788461538461 0.1778846153846154 0.42788461538461536
2 0.7103365384615384 0.22956730769230768 0.1778846153846154 0.4230769230769231
2 0.9014423076923077 0.22956730769230768 0.1778846153846154 0.4230769230769231
2 0.9038461538461539 0.734375 0.17307692307692307 0.4230769230769231
5 0.109375 0.4675480769230769 0.07692307692307693 0.055288461538461536
5 0.10817307692307693 0.9735576923076923 0.09134615384615384 0.04807692307692308
5 0.3112980769230769 0.96875 0.0889423076923077 0.057692307692307696
5 0.31009615384615385 0.4723557692307692 0.08653846153846154 0.055288461538461536
5 0.5108173076923077 0.4675480769230769 0.08653846153846154 0.0625
5 0.7055288461538461 0.4699519230769231 0.08173076923076923 0.05048076923076923
5 0.9014423076923077 0.46153846153846156 0.08173076923076923 0.06009615384615385
5 0.9038461538461539 0.9675480769230769 0.08653846153846154 0.055288461538461536
5 0.7079326923076923 0.9699519230769231 0.08653846153846154 0.05048076923076923