2 0.5 0.6225961538461539 0.24519230769230768 0.22115384615384615
2 0.21754807692307693 0.5024038461538461 0.25721153846153844 0.22115384615384615
2 0.7512019230769231 0.7908653846153846 0.22115384615384615 0.125
2 0.8329326923076923 0.6153846153846154 0.24519230769230768 0.21634615384615385
2 0.8509615384615384 0.3870192307692308 0.24519230769230768 0.22115384615384615
2 0.7536057692307693 0.2247596153846154 0.23557692307692307 0.11057692307692307
2 0.53125 0.39783653846153844 0.2620192307692308 0.23557692307692307
3 0.6069711538461539 0.7716346153846154 0.1201923076923077 0.18269230769230768
3 0.6706730769230769 0.6177884615384616 0.11538461538461539 0.21153846153846154
3 0.3557692307692308 0.6334134615384616 0.09615384615384616 0.2091346153846154
3 0.07091346153846154 0.5 0.07211538461538461 0.22596153846153846
3 0.3004807692307692 0.46033653846153844 0.0673076923076923 0.2091346153846154
3 0.3737980769230769 0.39302884615384615 0.0889423076923077 0.21634615384615385
3 0.6069711538461539 0.23798076923076922 0.1201923076923077 0.13942307692307693
3 0.7019230769230769 0.3894230769230769 0.10576923076923077 0.22596153846153846
3 0.5204326923076923 0.2620192307692308 0.08173076923076923 0.052884615384615384