2 0.5877403846153846 0.14302884615384615 0.8076923076923077 0.07211538461538461
2 0.7151442307692307 0.20673076923076922 0.5528846153846154 0.09134615384615384
2 0.5348557692307693 0.30528846153846156 0.9134615384615384 0.09375
2 0.7283653846153846 0.375 0.5264423076923077 0.07692307692307693
2 0.7980769230769231 0.49158653846153844 0.38461538461538464 0.0673076923076923
2 0.5480769230769231 0.4735576923076923 0.8846153846153846 0.14903846153846154
2 0.6971153846153846 0.5733173076923077 0.5865384615384616 0.07211538461538461
2 0.5048076923076923 0.6189903846153846 0.9735576923076923 0.0625
2 0.6971153846153846 0.6586538461538461 0.5865384615384616 0.08173076923076923
2 0.5396634615384616 0.7295673076923077 0.9038461538461539 0.08653846153846154
2 0.71875 0.7896634615384616 0.5432692307692307 0.08413461538461539
2 0.6189903846153846 0.8581730769230769 0.7451923076923077 0.07932692307692307