2 0.6225961538461539 0.3485576923076923 0.5240384615384616 0.21153846153846154
2 0.3557692307692308 0.6237980769230769 0.052884615384615384 0.052884615384615384
2 0.2403846153846154 0.8004807692307693 0.03365384615384615 0.06490384615384616
2 0.5793269230769231 0.6875 0.4375 0.34134615384615385
2 0.31971153846153844 0.46033653846153844 0.09134615384615384 0.15625
2 0.3173076923076923 0.5504807692307693 0.04326923076923077 0.052884615384615384
2 0.08173076923076923 0.46033653846153844 0.0673076923076923 0.0625
2 0.09254807692307693 0.5649038461538461 0.03365384615384615 0.03365384615384615
2 0.234375 0.5925480769230769 0.0985576923076923 0.057692307692307696
2 0.10336538461538461 0.6995192307692307 0.021634615384615384 0.026442307692307692
2 0.14423076923076922 0.5961538461538461 0.028846153846153848 0.036057692307692304