2 0.7247596153846154 0.44471153846153844 0.23076923076923078 0.4519230769230769
2 0.7956730769230769 0.5444711538461539 0.1875 0.37740384615384615
2 0.8605769230769231 0.6177884615384616 0.16346153846153846 0.3293269230769231
2 0.47596153846153844 0.44471153846153844 0.23076923076923078 0.4519230769230769
2 0.2283653846153846 0.45552884615384615 0.24519230769230768 0.43990384615384615
2 0.6754807692307693 0.6177884615384616 0.15144230769230768 0.3293269230769231
2 0.5817307692307693 0.5516826923076923 0.16826923076923078 0.36538461538461536
2 0.3798076923076923 0.5528846153846154 0.18269230769230768 0.3701923076923077
2 0.17067307692307693 0.5576923076923077 0.18269230769230768 0.3701923076923077
2 0.3161057692307692 0.6225961538461539 0.15144230769230768 0.31971153846153844
2 0.5 0.6887019230769231 0.1466346153846154 0.1875
2 0.12620192307692307 0.6838942307692307 0.15384615384615385 0.1971153846153846