2 0.6117788461538461 0.27283653846153844 0.7019230769230769 0.12980769230769232
2 0.5685096153846154 0.38221153846153844 0.6586538461538461 0.0985576923076923
2 0.6189903846153846 0.4855769230769231 0.6971153846153846 0.12980769230769232
2 0.5709134615384616 0.5360576923076923 0.5336538461538461 0.055288461538461536
2 0.5685096153846154 0.6117788461538461 0.6586538461538461 0.11057692307692307
2 0.5949519230769231 0.7067307692307693 0.7451923076923077 0.13942307692307693
3 0.2608173076923077 0.27163461538461536 0.03365384615384615 0.057692307692307696
3 0.23076923076923078 0.3918269230769231 0.028846153846153848 0.052884615384615384
3 0.26322115384615385 0.48677884615384615 0.038461538461538464 0.052884615384615384
3 0.29086538461538464 0.53125 0.028846153846153848 0.036057692307692304
3 0.2283653846153846 0.6298076923076923 0.03365384615384615 0.052884615384615384
3 0.21153846153846154 0.7175480769230769 0.021634615384615384 0.057692307692307696