2 0.3473557692307692 0.8257211538461539 0.14903846153846154 0.08653846153846154
2 0.13701923076923078 0.7644230769230769 0.057692307692307696 0.04807692307692308
2 0.04326923076923077 0.8233173076923077 0.08173076923076923 0.05048076923076923
2 0.016826923076923076 0.8653846153846154 0.028846153846153848 0.04807692307692308
2 0.04326923076923077 0.6478365384615384 0.08173076923076923 0.04567307692307692
2 0.13701923076923078 0.5480769230769231 0.04807692307692308 0.11538461538461539
2 0.09495192307692307 0.5036057692307693 0.036057692307692304 0.03365384615384615
2 0.24759615384615385 0.6394230769230769 0.019230769230769232 0.026442307692307692
2 0.3894230769230769 0.5661057692307693 0.04807692307692308 0.03365384615384615
2 0.4411057692307692 0.5348557692307693 0.036057692307692304 0.0889423076923077
2 0.6129807692307693 0.5324519230769231 0.2692307692307692 0.2932692307692308
2 0.5769230769230769 0.9519230769230769 0.1346153846153846 0.0889423076923077
2 0.8449519230769231 0.21995192307692307 0.040865384615384616 0.0625
2 0.5877403846153846 0.34375 0.03125 0.03125
2 0.45072115384615385 0.27163461538461536 0.22115384615384615 0.24278846153846154
2 0.43509615384615385 0.4362980769230769 0.04807692307692308 0.038461538461538464
2 0.35336538461538464 0.3629807692307692 0.12980769230769232 0.16826923076923078
2 0.1935096153846154 0.28365384615384615 0.09615384615384616 0.026442307692307692
2 0.14903846153846154 0.42427884615384615 0.1346153846153846 0.052884615384615384
2 0.21394230769230768 0.4495192307692308 0.014423076923076924 0.019230769230769232
2 0.0889423076923077 0.3894230769230769 0.17307692307692307 0.07211538461538461
2 0.22956730769230768 0.03245192307692308 0.036057692307692304 0.05048076923076923
2 0.5877403846153846 0.07692307692307693 0.2692307692307692 0.15384615384615385
2 0.9146634615384616 0.040865384615384616 0.12980769230769232 0.08173076923076923