2 0.6274038461538461 0.8954326923076923 0.34375 0.15625
2 0.6069711538461539 0.7247596153846154 0.375 0.16826923076923078
2 0.5264423076923077 0.5576923076923077 0.2764423076923077 0.17307692307692307
2 0.4891826923076923 0.3581730769230769 0.2644230769230769 0.17307692307692307
2 0.5360576923076923 0.14903846153846154 0.5 0.23557692307692307
2 0.7079326923076923 0.16466346153846154 0.3894230769230769 0.1875
2 0.7295673076923077 0.33774038461538464 0.3605769230769231 0.15865384615384615
2 0.7451923076923077 0.4951923076923077 0.2932692307692308 0.1466346153846154
2 0.8040865384615384 0.6442307692307693 0.20673076923076922 0.1346153846153846
5 0.6454326923076923 0.6394230769230769 0.1201923076923077 0.125
5 0.38221153846153844 0.7271634615384616 0.07692307692307693 0.09375
5 0.41346153846153844 0.8954326923076923 0.07692307692307693 0.10096153846153846
5 0.5384615384615384 0.5 0.11057692307692307 0.1201923076923077
5 0.35216346153846156 0.5516826923076923 0.07211538461538461 0.0889423076923077
5 0.31971153846153844 0.36177884615384615 0.07692307692307693 0.09375
5 0.49759615384615385 0.3401442307692308 0.09375 0.12980769230769232
5 0.4579326923076923 0.16466346153846154 0.11057692307692307 0.1346153846153846
5 0.24519230769230768 0.14903846153846154 0.08173076923076923 0.09375