2 0.5060096153846154 0.08413461538461539 0.2692307692307692 0.16105769230769232
2 0.3233173076923077 0.01201923076923077 0.04326923076923077 0.019230769230769232
2 0.8497596153846154 0.15264423076923078 0.28846153846153844 0.125
2 0.8269230769230769 0.46274038461538464 0.15384615384615385 0.125
2 0.4675480769230769 0.22235576923076922 0.11538461538461539 0.07692307692307693
2 0.3016826923076923 0.20552884615384615 0.11538461538461539 0.04807692307692308
2 0.21514423076923078 0.2620192307692308 0.15865384615384615 0.052884615384615384
2 0.054086538461538464 0.2776442307692308 0.09615384615384616 0.06490384615384616
2 0.008413461538461538 0.17548076923076922 0.01201923076923077 0.02403846153846154
2 0.03245192307692308 0.47836538461538464 0.0625 0.07451923076923077
2 0.030048076923076924 0.39903846153846156 0.055288461538461536 0.02403846153846154
2 0.057692307692307696 0.3786057692307692 0.02403846153846154 0.02403846153846154
2 0.14423076923076922 0.49278846153846156 0.04326923076923077 0.040865384615384616
2 0.1346153846153846 0.4411057692307692 0.0625 0.038461538461538464
2 0.18269230769230768 0.40625 0.09615384615384616 0.07451923076923077
2 0.34615384615384615 0.41346153846153844 0.12980769230769232 0.04807692307692308
2 0.25961538461538464 0.5120192307692307 0.14903846153846154 0.09375
2 0.34615384615384615 0.49278846153846156 0.0625 0.06490384615384616
2 0.5036057692307693 0.5324519230769231 0.14903846153846154 0.08413461538461539
2 0.5252403846153846 0.4411057692307692 0.12980769230769232 0.07451923076923077
2 0.6310096153846154 0.43990384615384615 0.1346153846153846 0.1201923076923077
2 0.6153846153846154 0.3786057692307692 0.07692307692307693 0.038461538461538464
2 0.7536057692307693 0.5625 0.34134615384615385 0.08653846153846154
2 0.9002403846153846 0.6382211538461539 0.1875 0.1778846153846154
2 0.6959134615384616 0.8016826923076923 0.17307692307692307 0.14423076923076922
2 0.9098557692307693 0.8088942307692307 0.052884615384615384 0.11538461538461539
2 0.8497596153846154 0.8197115384615384 0.09615384615384616 0.055288461538461536
2 0.7980769230769231 0.7836538461538461 0.04326923076923077 0.040865384615384616
2 0.8365384615384616 0.7403846153846154 0.04326923076923077 0.03365384615384615
2 0.6189903846153846 0.6790865384615384 0.1201923076923077 0.07692307692307693
2 0.6923076923076923 0.6899038461538461 0.07692307692307693 0.03125
2 0.7632211538461539 0.6850961538461539 0.09134615384615384 0.04807692307692308
2 0.8137019230769231 0.6598557692307693 0.02403846153846154 0.021634615384615384
2 0.46153846153846156 0.6442307692307693 0.11538461538461539 0.06490384615384616
2 0.4074519230769231 0.7451923076923077 0.1346153846153846 0.09375
2 0.5132211538461539 0.7115384615384616 0.11538461538461539 0.09375
2 0.16706730769230768 0.6370192307692307 0.16826923076923078 0.15384615384615385
2 0.26322115384615385 0.703125 0.09134615384615384 0.1201923076923077
2 0.06370192307692307 0.765625 0.11538461538461539 0.057692307692307696
2 0.14423076923076922 0.7908653846153846 0.057692307692307696 0.028846153846153848
2 0.2247596153846154 0.7824519230769231 0.07692307692307693 0.057692307692307696
2 0.16947115384615385 0.84375 0.07211538461538461 0.052884615384615384
2 0.20192307692307693 0.8978365384615384 0.15865384615384615 0.08653846153846154
2 0.28846153846153844 0.9615384615384616 0.1778846153846154 0.07211538461538461
2 0.15384615384615385 0.9747596153846154 0.23557692307692307 0.04567307692307692
2 0.4074519230769231 0.8870192307692307 0.23557692307692307 0.09615384615384616
2 0.3557692307692308 0.9459134615384616 0.07211538461538461 0.028846153846153848
2 0.5108173076923077 0.9579326923076923 0.19951923076923078 0.07932692307692307