2 0.47596153846153844 0.15504807692307693 0.7115384615384616 0.30288461538461536
2 0.6802884615384616 0.33052884615384615 0.30288461538461536 0.19951923076923078
2 0.5625 0.5048076923076923 0.5384615384615384 0.2980769230769231
2 0.7536057692307693 0.625 0.16346153846153846 0.17307692307692307
2 0.6310096153846154 0.8112980769230769 0.40865384615384615 0.24519230769230768
2 0.7884615384615384 0.8798076923076923 0.09375 0.1346153846153846
5 0.6286057692307693 0.6262019230769231 0.09375 0.125
5 0.2512019230769231 0.5072115384615384 0.07692307692307693 0.15144230769230768
5 0.08173076923076923 0.11778846153846154 0.08413461538461539 0.15384615384615385
5 0.390625 0.8173076923076923 0.08173076923076923 0.125
5 0.6983173076923077 0.8798076923076923 0.08173076923076923 0.10817307692307693