2 0.7463942307692307 0.8930288461538461 0.3125 0.11538461538461539
2 0.2848557692307692 0.8401442307692307 0.1971153846153846 0.21394230769230768
2 0.29086538461538464 0.59375 0.19951923076923078 0.21634615384615385
2 0.7487980769230769 0.5204326923076923 0.3245192307692308 0.15144230769230768
2 0.2824519230769231 0.36177884615384615 0.21634615384615385 0.18269230769230768
2 0.25721153846153844 0.13822115384615385 0.25 0.15144230769230768
2 0.7043269230769231 0.1310096153846154 0.41346153846153844 0.1201923076923077
2 0.7692307692307693 0.32211538461538464 0.27403846153846156 0.13942307692307693
2 0.7560096153846154 0.7091346153846154 0.30288461538461536 0.12980769230769232
3 0.5733173076923077 0.890625 0.04326923076923077 0.08413461538461539
3 0.17307692307692307 0.8353365384615384 0.026442307692307692 0.15865384615384615
3 0.17548076923076922 0.5961538461538461 0.03125 0.15144230769230768
3 0.15745192307692307 0.36177884615384615 0.03125 0.16346153846153846
3 0.578125 0.7091346153846154 0.0625 0.07692307692307693
3 0.5661057692307693 0.5204326923076923 0.03125 0.0889423076923077
5 0.5889423076923077 0.32211538461538464 0.09375 0.13942307692307693
5 0.1201923076923077 0.13581730769230768 0.036057692307692304 0.1466346153846154