2 0.5048076923076923 0.13581730769230768 0.49278846153846156 0.22596153846153846
2 0.4423076923076923 0.46634615384615385 0.5288461538461539 0.34615384615384615
2 0.49158653846153844 0.8401442307692307 0.5192307692307693 0.3125
0 0.5733173076923077 0.1310096153846154 0.30288461538461536 0.2091346153846154
0 0.49759615384615385 0.46634615384615385 0.3557692307692308 0.31971153846153844
0 0.5 0.9158653846153846 0.07692307692307693 0.10576923076923077
0 0.5360576923076923 0.8245192307692307 0.08413461538461539 0.11057692307692307
0 0.49759615384615385 0.7644230769230769 0.07211538461538461 0.09615384615384616
0 0.546875 0.7403846153846154 0.04326923076923077 0.057692307692307696
0 0.6021634615384616 0.7247596153846154 0.07692307692307693 0.052884615384615384
0 0.6802884615384616 0.7572115384615384 0.04326923076923077 0.1201923076923077
0 0.6225961538461539 0.8004807692307693 0.08173076923076923 0.09615384615384616
0 0.6262019230769231 0.8822115384615384 0.08173076923076923 0.1201923076923077
0 0.6862980769230769 0.9026442307692307 0.04807692307692308 0.09615384615384616
0 0.6394230769230769 0.9471153846153846 0.08173076923076923 0.0625
0 0.5685096153846154 0.9266826923076923 0.07211538461538461 0.11057692307692307