2 0.16826923076923078 0.2403846153846154 0.2932692307692308 0.2548076923076923
2 0.41466346153846156 0.14182692307692307 0.2091346153846154 0.24519230769230768
2 0.27283653846153844 0.16346153846153846 0.19230769230769232 0.19230769230769232
2 0.5396634615384616 0.10817307692307693 0.20192307692307693 0.20673076923076922
2 0.38221153846153844 0.4543269230769231 0.25 0.2692307692307692
2 0.24639423076923078 0.44350961538461536 0.20192307692307693 0.24759615384615385
2 0.20072115384615385 0.6742788461538461 0.3173076923076923 0.2692307692307692
2 0.46033653846153844 0.7644230769230769 0.21394230769230768 0.2403846153846154
2 0.33413461538461536 0.7764423076923077 0.15384615384615385 0.2403846153846154
2 0.5745192307692307 0.8774038461538461 0.1778846153846154 0.22115384615384615
2 0.4519230769230769 0.8882211538461539 0.1875 0.19230769230769232
2 0.6310096153846154 0.4723557692307692 0.6105769230769231 0.5600961538461539