2 0.2620192307692308 0.7319711538461539 0.43509615384615385 0.47596153846153844
2 0.7620192307692307 0.6298076923076923 0.41346153846153844 0.6899038461538461
2 0.04807692307692308 0.41466346153846156 0.08653846153846154 0.3701923076923077
2 0.4579326923076923 0.41947115384615385 0.055288461538461536 0.18990384615384615
2 0.5324519230769231 0.44711538461538464 0.08653846153846154 0.2644230769230769
2 0.6177884615384616 0.44711538461538464 0.09615384615384616 0.24519230769230768
2 0.8653846153846154 0.44711538461538464 0.11057692307692307 0.24519230769230768
2 0.3701923076923077 0.11298076923076923 0.09134615384615384 0.16346153846153846
2 0.2920673076923077 0.1045673076923077 0.07451923076923077 0.13942307692307693
2 0.2403846153846154 0.1346153846153846 0.06009615384615385 0.10096153846153846
2 0.04447115384615385 0.12980769230769232 0.08173076923076923 0.08173076923076923
2 0.49038461538461536 0.10216346153846154 0.10096153846153846 0.16346153846153846
2 0.5901442307692307 0.09254807692307693 0.06971153846153846 0.10576923076923077
2 0.9747596153846154 0.16706730769230768 0.038461538461538464 0.11538461538461539
5 0.7524038461538461 0.1971153846153846 0.375 0.23557692307692307
5 0.24278846153846154 0.4423076923076923 0.38461538461538464 0.2548076923076923