2 0.3293269230769231 0.6021634615384616 0.25 0.5576923076923077
2 0.17668269230769232 0.36538461538461536 0.2403846153846154 0.5408653846153846
2 0.44591346153846156 0.3641826923076923 0.23557692307692307 0.5456730769230769
2 0.6009615384615384 0.5997596153846154 0.25721153846153844 0.5625
2 0.7247596153846154 0.35697115384615385 0.23557692307692307 0.5504807692307693
2 0.8713942307692307 0.6069711538461539 0.25 0.5600961538461539
5 0.3269230769230769 0.2776442307692308 0.14903846153846154 0.10096153846153846
5 0.14903846153846154 0.8413461538461539 0.27163461538461536 0.23557692307692307
5 0.1814903846153846 0.051682692307692304 0.13701923076923078 0.08653846153846154
5 0.44591346153846156 0.04567307692307692 0.13942307692307693 0.08173076923076923
5 0.6009615384615384 0.2704326923076923 0.14423076923076922 0.08653846153846154
5 0.7199519230769231 0.039663461538461536 0.14182692307692307 0.07451923076923077
5 0.875 0.2704326923076923 0.1346153846153846 0.08653846153846154