2 0.7764423076923077 0.06129807692307692 0.1778846153846154 0.11298076923076923
2 0.9362980769230769 0.046875 0.1201923076923077 0.08173076923076923
2 0.9387019230769231 0.1310096153846154 0.11538461538461539 0.18028846153846154
2 0.7800480769230769 0.15985576923076922 0.2548076923076923 0.17548076923076922
2 0.9242788461538461 0.25 0.14423076923076922 0.14903846153846154
2 0.8353365384615384 0.25240384615384615 0.21153846153846154 0.16346153846153846
2 0.5985576923076923 0.06129807692307692 0.19230769230769232 0.11298076923076923
2 0.48677884615384615 0.09014423076923077 0.1466346153846154 0.17067307692307693
2 0.5264423076923077 0.2091346153846154 0.24278846153846154 0.20192307692307693
2 0.7007211538461539 0.17548076923076922 0.10576923076923077 0.09134615384615384
2 0.65625 0.24519230769230768 0.10096153846153846 0.08653846153846154
2 0.6334134615384616 0.3173076923076923 0.22355769230769232 0.14903846153846154
2 0.7548076923076923 0.3173076923076923 0.12740384615384615 0.09615384615384616
2 0.7283653846153846 0.4170673076923077 0.11057692307692307 0.08173076923076923
2 0.84375 0.4098557692307692 0.1346153846153846 0.17067307692307693
2 0.8882211538461539 0.49278846153846156 0.21634615384615385 0.22115384615384615
2 0.9459134615384616 0.3737980769230769 0.10096153846153846 0.1201923076923077
2 0.7295673076923077 0.5108173076923077 0.20192307692307693 0.16346153846153846
2 0.8317307692307693 0.6935096153846154 0.10576923076923077 0.10817307692307693
2 0.875 0.6490384615384616 0.15865384615384615 0.11298076923076923
2 0.9435096153846154 0.7139423076923077 0.10576923076923077 0.1201923076923077
2 0.9615384615384616 0.6418269230769231 0.06971153846153846 0.0673076923076923
2 0.9146634615384616 0.7728365384615384 0.1466346153846154 0.125
2 0.9495192307692307 0.8786057692307693 0.09134615384615384 0.10817307692307693
2 0.8569711538461539 0.8605769230769231 0.11538461538461539 0.08173076923076923
2 0.8990384615384616 0.9399038461538461 0.1971153846153846 0.1201923076923077
2 0.06971153846153846 0.21394230769230768 0.13942307692307693 0.27403846153846156
2 0.203125 0.1466346153846154 0.17307692307692307 0.28365384615384615
2 0.27163461538461536 0.05889423076923077 0.12740384615384615 0.10817307692307693
2 0.35336538461538464 0.07932692307692307 0.14903846153846154 0.14903846153846154
2 0.3088942307692308 0.17307692307692307 0.10096153846153846 0.09615384615384616
2 0.3918269230769231 0.19831730769230768 0.15865384615384615 0.13942307692307693
2 0.0733173076923077 0.08533653846153846 0.13942307692307693 0.15865384615384615
2 0.03125 0.15985576923076922 0.0625 0.18509615384615385
2 0.33774038461538464 0.3557692307692308 0.07211538461538461 0.16346153846153846
2 0.3786057692307692 0.4206730769230769 0.07692307692307693 0.17067307692307693
2 0.42908653846153844 0.38100961538461536 0.08653846153846154 0.16346153846153846
2 0.49399038461538464 0.4483173076923077 0.125 0.1346153846153846
2 0.5757211538461539 0.4050480769230769 0.18509615384615385 0.19230769230769232
2 0.5769230769230769 0.53125 0.07211538461538461 0.11298076923076923
2 0.6947115384615384 0.5228365384615384 0.13942307692307693 0.18028846153846154
2 0.35336538461538464 0.7319711538461539 0.15865384615384615 0.16346153846153846
2 0.47716346153846156 0.703125 0.10576923076923077 0.22115384615384615
2 0.5600961538461539 0.7475961538461539 0.11538461538461539 0.10336538461538461
2 0.6177884615384616 0.6394230769230769 0.11538461538461539 0.1346153846153846
2 0.6598557692307693 0.7067307692307693 0.06971153846153846 0.14423076923076922
2 0.7415865384615384 0.703125 0.08653846153846154 0.20192307692307693
2 0.31850961538461536 0.6286057692307693 0.1658653846153846 0.16346153846153846
2 0.22596153846153846 0.5745192307692307 0.1658653846153846 0.18028846153846154
2 0.12379807692307693 0.41225961538461536 0.15384615384615385 0.14423076923076922
2 0.22355769230769232 0.3737980769230769 0.1466346153846154 0.18028846153846154
2 0.027644230769230768 0.42908653846153844 0.055288461538461536 0.14182692307692307
2 0.03125 0.5540865384615384 0.0625 0.23076923076923078
2 0.09254807692307693 0.6574519230769231 0.10817307692307693 0.10817307692307693
2 0.4987980769230769 0.5012019230769231 0.9975961538461539 0.9975961538461539
2 0.203125 0.71875 0.10576923076923077 0.1201923076923077
2 0.23918269230769232 0.7992788461538461 0.10096153846153846 0.15384615384615385
2 0.31850961538461536 0.9278846153846154 0.1346153846153846 0.07211538461538461
2 0.34375 0.8509615384615384 0.13942307692307693 0.10336538461538461
2 0.4338942307692308 0.9206730769230769 0.09615384615384616 0.08653846153846154
2 0.4483173076923077 0.8605769230769231 0.10096153846153846 0.09134615384615384
2 0.5228365384615384 0.9026442307692307 0.0889423076923077 0.11298076923076923
2 0.6274038461538461 0.8713942307692307 0.1201923076923077 0.17548076923076922
2 0.7283653846153846 0.8810096153846154 0.11057692307692307 0.18509615384615385
2 0.7259615384615384 0.953125 0.2403846153846154 0.09134615384615384
2 0.5384615384615384 0.9567307692307693 0.18269230769230768 0.08173076923076923
2 0.3557692307692308 0.953125 0.23076923076923078 0.09134615384615384
2 0.171875 0.9591346153846154 0.1346153846153846 0.07211538461538461
2 0.140625 0.8581730769230769 0.14423076923076922 0.15865384615384615
2 0.08533653846153846 0.7548076923076923 0.16346153846153846 0.08653846153846154
2 0.037259615384615384 0.8689903846153846 0.07211538461538461 0.14903846153846154
2 0.05889423076923077 0.9699519230769231 0.11778846153846154 0.055288461538461536