2 0.7043269230769231 0.16105769230769232 0.27884615384615385 0.1658653846153846
2 0.2091346153846154 0.2247596153846154 0.21634615384615385 0.13942307692307693
2 0.2091346153846154 0.41346153846153844 0.20432692307692307 0.1346153846153846
2 0.25 0.6033653846153846 0.1346153846153846 0.12980769230769232
2 0.24759615384615385 0.7872596153846154 0.13942307692307693 0.12980769230769232
2 0.7043269230769231 0.390625 0.27884615384615385 0.16826923076923078
2 0.7235576923076923 0.6201923076923077 0.2403846153846154 0.14903846153846154
2 0.7175480769230769 0.8509615384615384 0.2403846153846154 0.14423076923076922
3 0.5300480769230769 0.39663461538461536 0.06971153846153846 0.17307692307692307
3 0.5372596153846154 0.1658653846153846 0.08653846153846154 0.16346153846153846
3 0.08653846153846154 0.2247596153846154 0.08653846153846154 0.1346153846153846
3 0.07572115384615384 0.41466346153846156 0.07692307692307693 0.13701923076923078
3 0.14543269230769232 0.6009615384615384 0.06490384615384616 0.1346153846153846
3 0.5721153846153846 0.6237980769230769 0.09134615384615384 0.14903846153846154
3 0.5721153846153846 0.8521634615384616 0.06971153846153846 0.14903846153846154
3 0.14783653846153846 0.7896634615384616 0.06971153846153846 0.1346153846153846