2 0.7800480769230769 0.45072115384615385 0.40865384615384615 0.8918269230769231
2 0.4483173076923077 0.484375 0.2860576923076923 0.6586538461538461
2 0.26802884615384615 0.4951923076923077 0.12740384615384615 0.4423076923076923
2 0.17548076923076922 0.48677884615384615 0.12740384615384615 0.31490384615384615
2 0.125 0.49759615384615385 0.11057692307692307 0.23076923076923078
2 0.046875 0.49278846153846156 0.08653846153846154 0.18028846153846154
3 0.7872596153846154 0.9170673076923077 0.3701923076923077 0.14423076923076922
3 0.4519230769230769 0.8509615384615384 0.2692307692307692 0.09134615384615384
3 0.27403846153846156 0.7475961538461539 0.10817307692307693 0.0625
3 0.171875 0.6802884615384616 0.11057692307692307 0.052884615384615384
3 0.09615384615384616 0.6466346153846154 0.04807692307692308 0.04807692307692308
3 0.03485576923076923 0.6057692307692307 0.06971153846153846 0.04807692307692308