2 0.453125 0.0625 0.1346153846153846 0.07211538461538461
2 0.46274038461538464 0.16706730769230768 0.15865384615384615 0.08413461538461539
2 0.47115384615384615 0.27283653846153844 0.1778846153846154 0.09375
2 0.48197115384615385 0.39302884615384615 0.2091346153846154 0.09375
2 0.4891826923076923 0.5288461538461539 0.23076923076923078 0.10576923076923077
2 0.5072115384615384 0.6935096153846154 0.27403846153846156 0.125
2 0.546875 0.8713942307692307 0.3557692307692308 0.15144230769230768
5 0.5865384615384616 0.06490384615384616 0.14182692307692307 0.07692307692307693
5 0.6129807692307693 0.16706730769230768 0.1346153846153846 0.0673076923076923
5 0.6382211538461539 0.27524038461538464 0.13942307692307693 0.0625
5 0.6550480769230769 0.40024038461538464 0.12980769230769232 0.07211538461538461
5 0.6802884615384616 0.5360576923076923 0.15144230769230768 0.0673076923076923
5 0.7223557692307693 0.6959134615384616 0.1466346153846154 0.07692307692307693
5 0.7872596153846154 0.8798076923076923 0.125 0.07211538461538461