2 0.03125 0.9483173076923077 0.055288461538461536 0.09134615384615384
2 0.078125 0.8137019230769231 0.04807692307692308 0.0673076923076923
2 0.10096153846153846 0.9290865384615384 0.10817307692307693 0.12980769230769232
2 0.20072115384615385 0.9098557692307693 0.17067307692307693 0.16826923076923078
2 0.39302884615384615 0.9459134615384616 0.15625 0.0985576923076923
2 0.2956730769230769 0.9182692307692307 0.08413461538461539 0.15384615384615385
2 0.546875 0.9338942307692307 0.15865384615384615 0.1201923076923077
2 0.46153846153846156 0.8858173076923077 0.09615384615384616 0.16346153846153846
2 0.36778846153846156 0.7956730769230769 0.1346153846153846 0.18028846153846154
2 0.20793269230769232 0.734375 0.16346153846153846 0.15865384615384615
2 0.057692307692307696 0.7019230769230769 0.10817307692307693 0.125
2 0.13581730769230768 0.6310096153846154 0.08413461538461539 0.09134615384615384
2 0.05048076923076923 0.5793269230769231 0.09375 0.16346153846153846
2 0.04326923076923077 0.453125 0.07932692307692307 0.14182692307692307
2 0.1814903846153846 0.4014423076923077 0.1466346153846154 0.12740384615384615
2 0.06129807692307692 0.13942307692307693 0.11538461538461539 0.16826923076923078
2 0.17067307692307693 0.1935096153846154 0.10096153846153846 0.18028846153846154
2 0.23197115384615385 0.08413461538461539 0.10096153846153846 0.15865384615384615
2 0.27403846153846156 0.13701923076923078 0.11298076923076923 0.1971153846153846
2 0.2824519230769231 0.4675480769230769 0.10096153846153846 0.18028846153846154
2 0.23197115384615385 0.5516826923076923 0.09375 0.07692307692307693
2 0.21394230769230768 0.6286057692307693 0.11538461538461539 0.11057692307692307
2 0.32091346153846156 0.6033653846153846 0.0673076923076923 0.10336538461538461
2 0.40384615384615385 0.6634615384615384 0.1201923076923077 0.125
2 0.49038461538461536 0.6334134615384616 0.09615384615384616 0.1201923076923077
2 0.5204326923076923 0.8064903846153846 0.10576923076923077 0.23557692307692307
2 0.6009615384615384 0.6802884615384616 0.10096153846153846 0.18028846153846154
2 0.6033653846153846 0.7728365384615384 0.0625 0.07211538461538461
2 0.6490384615384616 0.9266826923076923 0.09375 0.13701923076923078
2 0.703125 0.8305288461538461 0.05048076923076923 0.11057692307692307
2 0.7007211538461539 0.7427884615384616 0.052884615384615384 0.1201923076923077
2 0.828125 0.7728365384615384 0.19230769230769232 0.32211538461538464
2 0.9699519230769231 0.38341346153846156 0.055288461538461536 0.1658653846153846
2 0.8064903846153846 0.25961538461538464 0.25721153846153844 0.4423076923076923
2 0.6310096153846154 0.06971153846153846 0.18990384615384615 0.1346153846153846
2 0.49759615384615385 0.06971153846153846 0.07211538461538461 0.1346153846153846
2 0.9338942307692307 0.042067307692307696 0.07451923076923077 0.07932692307692307
2 0.9735576923076923 0.1814903846153846 0.04807692307692308 0.07932692307692307
2 0.9603365384615384 0.6201923076923077 0.07451923076923077 0.13942307692307693
2 0.8533653846153846 0.546875 0.1778846153846154 0.15384615384615385
2 0.9879807692307693 0.7319711538461539 0.019230769230769232 0.055288461538461536
2 0.75 0.5360576923076923 0.028846153846153848 0.0673076923076923
2 0.71875 0.4639423076923077 0.08173076923076923 0.052884615384615384
2 0.6682692307692307 0.5709134615384616 0.09134615384615384 0.13701923076923078
2 0.6045673076923077 0.47596153846153844 0.07932692307692307 0.12980769230769232
2 0.6033653846153846 0.3798076923076923 0.1201923076923077 0.14903846153846154
2 0.4891826923076923 0.37740384615384615 0.12980769230769232 0.15384615384615385
2 0.5 0.4567307692307692 0.13942307692307693 0.16826923076923078
2 0.5348557692307693 0.5300480769230769 0.08173076923076923 0.0985576923076923
2 0.3641826923076923 0.47596153846153844 0.15625 0.20673076923076922
2 0.3641826923076923 0.21634615384615385 0.1346153846153846 0.09134615384615384
2 0.35336538461538464 0.109375 0.09615384615384616 0.1201923076923077