2 0.8677884615384616 0.36538461538461536 0.2548076923076923 0.15865384615384615
2 0.7560096153846154 0.36538461538461536 0.11538461538461539 0.04567307692307692
2 0.7776442307692307 0.3137019230769231 0.08413461538461539 0.028846153846153848
2 0.5637019230769231 0.3449519230769231 0.14903846153846154 0.16346153846153846
2 0.6983173076923077 0.28725961538461536 0.375 0.21394230769230768
2 0.7463942307692307 0.12980769230769232 0.15625 0.0673076923076923
2 0.8401442307692307 0.08052884615384616 0.125 0.057692307692307696
2 0.59375 0.09375 0.09134615384615384 0.04807692307692308
2 0.42427884615384615 0.23798076923076922 0.22115384615384615 0.14903846153846154
2 0.42427884615384615 0.15985576923076922 0.14903846153846154 0.04326923076923077
2 0.3942307692307692 0.12620192307692307 0.1971153846153846 0.04807692307692308
2 0.46033653846153844 0.06129807692307692 0.11538461538461539 0.10096153846153846
2 0.3161057692307692 0.0889423076923077 0.11538461538461539 0.04567307692307692
2 0.3557692307692308 0.03485576923076923 0.04807692307692308 0.04326923076923077
2 0.16826923076923078 0.03125 0.08413461538461539 0.057692307692307696
2 0.06610576923076923 0.08173076923076923 0.04807692307692308 0.026442307692307692
2 0.10817307692307693 0.10216346153846154 0.036057692307692304 0.03365384615384615
2 0.20432692307692307 0.14783653846153846 0.08413461538461539 0.052884615384615384
2 0.15384615384615385 0.20673076923076922 0.09134615384615384 0.026442307692307692
2 0.051682692307692304 0.18629807692307693 0.10096153846153846 0.0673076923076923
2 0.078125 0.25961538461538464 0.15625 0.052884615384615384
2 0.25 0.25841346153846156 0.09134615384615384 0.04807692307692308
2 0.26802884615384615 0.33774038461538464 0.04326923076923077 0.028846153846153848
2 0.08774038461538461 0.3269230769230769 0.09134615384615384 0.028846153846153848
2 0.21033653846153846 0.375 0.09615384615384616 0.0985576923076923
2 0.35216346153846156 0.40625 0.11538461538461539 0.0889423076923077
2 0.5300480769230769 0.3473557692307692 0.2403846153846154 0.3125
2 0.7980769230769231 0.5216346153846154 0.3317307692307692 0.15384615384615385
2 0.8737980769230769 0.6189903846153846 0.08413461538461539 0.052884615384615384
2 0.5540865384615384 0.5408653846153846 0.2644230769230769 0.15384615384615385
2 0.5757211538461539 0.6682692307692307 0.24519230769230768 0.125
2 0.2620192307692308 0.5048076923076923 0.17307692307692307 0.0625
2 0.1658653846153846 0.4639423076923077 0.09134615384615384 0.07211538461538461
2 0.07211538461538461 0.4639423076923077 0.14423076923076922 0.10576923076923077
2 0.042067307692307696 0.3918269230769231 0.08413461538461539 0.12980769230769232
2 0.04807692307692308 0.5637019230769231 0.09615384615384616 0.11538461538461539
2 0.12379807692307693 0.6370192307692307 0.16346153846153846 0.15625
2 0.06009615384615385 0.71875 0.06009615384615385 0.0889423076923077
2 0.21033653846153846 0.65625 0.20432692307692307 0.20673076923076922
2 0.21033653846153846 0.5817307692307693 0.07211538461538461 0.03365384615384615
2 0.25 0.6790865384615384 0.13942307692307693 0.16105769230769232
2 0.3557692307692308 0.6069711538461539 0.08413461538461539 0.16105769230769232
2 0.3858173076923077 0.6514423076923077 0.09615384615384616 0.1201923076923077
2 0.3701923076923077 0.7644230769230769 0.11538461538461539 0.14182692307692307
2 0.5084134615384616 0.8665865384615384 0.0889423076923077 0.2620192307692308
2 0.6141826923076923 0.8966346153846154 0.28125 0.20192307692307693
2 0.6382211538461539 0.8834134615384616 0.13221153846153846 0.1201923076923077
2 0.8461538461538461 0.71875 0.23557692307692307 0.14182692307692307
2 0.7560096153846154 0.8882211538461539 0.0673076923076923 0.0673076923076923
2 0.7536057692307693 0.8245192307692307 0.07211538461538461 0.0625
2 0.8557692307692307 0.8617788461538461 0.2403846153846154 0.15144230769230768
2 0.9002403846153846 0.8894230769230769 0.1875 0.07692307692307693
2 0.9423076923076923 0.8257211538461539 0.10096153846153846 0.0673076923076923
2 0.3858173076923077 0.8353365384615384 0.2403846153846154 0.1778846153846154
2 0.20432692307692307 0.9290865384615384 0.16826923076923078 0.12980769230769232
2 0.21394230769230768 0.8341346153846154 0.0673076923076923 0.06971153846153846
2 0.15985576923076922 0.8088942307692307 0.09134615384615384 0.052884615384615384
2 0.06009615384615385 0.8161057692307693 0.1201923076923077 0.09134615384615384
2 0.09014423076923077 0.9543269230769231 0.07211538461538461 0.0673076923076923
2 0.3798076923076923 0.4567307692307692 0.036057692307692304 0.057692307692307696