2 0.9086538461538461 0.7824519230769231 0.15144230769230768 0.39663461538461536
2 0.9122596153846154 0.2920673076923077 0.15144230769230768 0.39663461538461536
2 0.7439903846153846 0.2920673076923077 0.15144230769230768 0.39663461538461536
2 0.5745192307692307 0.28966346153846156 0.15144230769230768 0.3894230769230769
2 0.4074519230769231 0.2860576923076923 0.15865384615384615 0.38461538461538464
2 0.24158653846153846 0.2824519230769231 0.15625 0.40384615384615385
2 0.08052884615384616 0.2824519230769231 0.14903846153846154 0.40384615384615385
2 0.24278846153846154 0.7800480769230769 0.1466346153846154 0.40384615384615385
2 0.40865384615384615 0.7896634615384616 0.14903846153846154 0.39663461538461536
2 0.5745192307692307 0.7800480769230769 0.15144230769230768 0.40384615384615385
2 0.7439903846153846 0.7860576923076923 0.15144230769230768 0.3894230769230769
2 0.08052884615384616 0.7800480769230769 0.14903846153846154 0.3894230769230769
3 0.9098557692307693 0.5528846153846154 0.1346153846153846 0.07692307692307693
3 0.9134615384615384 0.0625 0.1346153846153846 0.07692307692307693
3 0.7427884615384616 0.546875 0.1346153846153846 0.07692307692307693
3 0.7439903846153846 0.06009615384615385 0.13221153846153846 0.06971153846153846
3 0.5745192307692307 0.05048076923076923 0.13221153846153846 0.07692307692307693
3 0.5721153846153846 0.546875 0.12980769230769232 0.07692307692307693
3 0.4050480769230769 0.5444711538461539 0.1346153846153846 0.06971153846153846
3 0.4050480769230769 0.05048076923076923 0.12980769230769232 0.07692307692307693
3 0.24158653846153846 0.05048076923076923 0.1346153846153846 0.0625
3 0.24278846153846154 0.5444711538461539 0.13221153846153846 0.06971153846153846
3 0.07692307692307693 0.04447115384615385 0.13701923076923078 0.07692307692307693
3 0.07932692307692307 0.546875 0.13221153846153846 0.07692307692307693