2 0.7560096153846154 0.33533653846153844 0.3173076923076923 0.16826923076923078
2 0.7403846153846154 0.5372596153846154 0.2620192307692308 0.14903846153846154
2 0.7415865384615384 0.7319711538461539 0.25961538461538464 0.15384615384615385
2 0.7415865384615384 0.9206730769230769 0.2644230769230769 0.14903846153846154
2 0.5036057692307693 0.7680288461538461 0.2403846153846154 0.13942307692307693
2 0.5096153846153846 0.5793269230769231 0.2548076923076923 0.14423076923076922
2 0.5084134615384616 0.3798076923076923 0.25961538461538464 0.15865384615384615
2 0.5060096153846154 0.1971153846153846 0.2620192307692308 0.14903846153846154
2 0.2800480769230769 0.08653846153846154 0.2548076923076923 0.14423076923076922
2 0.2800480769230769 0.27884615384615385 0.2548076923076923 0.14423076923076922
2 0.2848557692307692 0.4579326923076923 0.2548076923076923 0.14903846153846154
2 0.2776442307692308 0.6454326923076923 0.25961538461538464 0.13942307692307693
5 0.9110576923076923 0.4699519230769231 0.16105769230769232 0.5865384615384616
5 0.6838942307692307 0.12259615384615384 0.1346153846153846 0.1875
5 0.5300480769230769 0.5420673076923077 0.1658653846153846 0.10817307692307693
5 0.5276442307692307 0.7295673076923077 0.16105769230769232 0.11778846153846154
5 0.5300480769230769 0.9206730769230769 0.14903846153846154 0.10817307692307693
5 0.30649038461538464 0.7680288461538461 0.15384615384615385 0.0985576923076923
5 0.3004807692307692 0.5817307692307693 0.15865384615384615 0.10817307692307693
5 0.3004807692307692 0.38221153846153844 0.15865384615384615 0.10336538461538461
5 0.2980769230769231 0.20192307692307693 0.15384615384615385 0.10817307692307693
5 0.07692307692307693 0.08413461538461539 0.15384615384615385 0.0985576923076923
5 0.078125 0.2764423076923077 0.13942307692307693 0.10817307692307693
5 0.07692307692307693 0.46033653846153844 0.13701923076923078 0.10336538461538461
5 0.07692307692307693 0.6454326923076923 0.15384615384615385 0.0985576923076923