2 0.7151442307692307 0.7956730769230769 0.25 0.27403846153846156
2 0.7115384615384616 0.5048076923076923 0.25721153846153844 0.27884615384615385
2 0.28846153846153844 0.8004807692307693 0.25721153846153844 0.27403846153846156
2 0.28846153846153844 0.49278846153846156 0.25721153846153844 0.28365384615384615
2 0.2932692307692308 0.18629807692307693 0.25721153846153844 0.27403846153846156
2 0.7091346153846154 0.1935096153846154 0.2620192307692308 0.27884615384615385
3 0.5444711538461539 0.7980769230769231 0.09375 0.2548076923076923
3 0.5444711538461539 0.5 0.10096153846153846 0.24519230769230768
3 0.5516826923076923 0.1935096153846154 0.0889423076923077 0.24519230769230768
3 0.12620192307692307 0.18389423076923078 0.09375 0.24519230769230768
3 0.1201923076923077 0.4951923076923077 0.09615384615384616 0.24519230769230768
3 0.125 0.7932692307692307 0.09615384615384616 0.24519230769230768