2 0.22235576923076922 0.24879807692307693 0.15865384615384615 0.2403846153846154
2 0.3798076923076923 0.5216346153846154 0.19230769230769232 0.2548076923076923
2 0.49278846153846156 0.8112980769230769 0.20432692307692307 0.2620192307692308
2 0.49278846153846156 0.5685096153846154 0.036057692307692304 0.21153846153846154
2 0.5997596153846154 0.5204326923076923 0.1875 0.2668269230769231
2 0.3894230769230769 0.18629807692307693 0.19951923076923078 0.25
2 0.5865384615384616 0.18028846153846154 0.1971153846153846 0.27884615384615385
2 0.7331730769230769 0.2620192307692308 0.10576923076923077 0.25721153846153844
3 0.23076923076923078 0.39783653846153844 0.16826923076923078 0.10096153846153846
3 0.38221153846153844 0.6778846153846154 0.1778846153846154 0.07692307692307693
3 0.5048076923076923 0.7127403846153846 0.17307692307692307 0.07692307692307693
3 0.4891826923076923 0.9627403846153846 0.18990384615384615 0.06971153846153846
3 0.5997596153846154 0.6730769230769231 0.16826923076923078 0.07692307692307693
3 0.46875 0.41947115384615385 0.11057692307692307 0.07692307692307693
3 0.5805288461538461 0.33533653846153844 0.19230769230769232 0.10096153846153846
3 0.37740384615384615 0.35096153846153844 0.1971153846153846 0.11538461538461539
3 0.7115384615384616 0.41346153846153844 0.14182692307692307 0.09615384615384616
3 0.6358173076923077 0.48197115384615385 0.15144230769230768 0.07692307692307693
3 0.4483173076923077 0.5240384615384616 0.1346153846153846 0.07211538461538461