2 0.7596153846153846 0.546875 0.23076923076923078 0.2403846153846154
2 0.8581730769230769 0.5048076923076923 0.2403846153846154 0.2091346153846154
2 0.5108173076923077 0.6310096153846154 0.2668269230769231 0.25721153846153844
2 0.24879807692307693 0.546875 0.25 0.2403846153846154
2 0.13581730769230768 0.49759615384615385 0.23557692307692307 0.22115384615384615
5 0.5108173076923077 0.43990384615384615 0.27403846153846156 0.125
5 0.7620192307692307 0.3737980769230769 0.24519230769230768 0.125
5 0.8581730769230769 0.33052884615384615 0.22115384615384615 0.1201923076923077
5 0.6153846153846154 0.32211538461538464 0.22596153846153846 0.10096153846153846
5 0.5072115384615384 0.3485576923076923 0.25 0.07692307692307693
5 0.37740384615384615 0.30649038461538464 0.23076923076923078 0.07211538461538461
5 0.25600961538461536 0.3737980769230769 0.24519230769230768 0.125
5 0.13341346153846154 0.3245192307692308 0.23076923076923078 0.10576923076923077