2 0.5168269230769231 0.4963942307692308 0.9471153846153846 0.15625
2 0.5108173076923077 0.4050480769230769 0.8581730769230769 0.11298076923076923
2 0.5108173076923077 0.32211538461538464 0.78125 0.10576923076923077
2 0.5060096153846154 0.23076923076923078 0.75 0.10576923076923077
2 0.5108173076923077 0.5889423076923077 0.8581730769230769 0.10096153846153846
2 0.5132211538461539 0.6742788461538461 0.7884615384615384 0.0985576923076923
2 0.5132211538461539 0.7692307692307693 0.7427884615384616 0.11298076923076923
3 0.038461538461538464 0.5 0.04326923076923077 0.07692307692307693
3 0.0733173076923077 0.421875 0.028846153846153848 0.057692307692307696
3 0.10336538461538461 0.33774038461538464 0.021634615384615384 0.057692307692307696
3 0.1310096153846154 0.24879807692307693 0.03365384615384615 0.052884615384615384
3 0.08173076923076923 0.5745192307692307 0.03365384615384615 0.06490384615384616
3 0.1201923076923077 0.6694711538461539 0.03365384615384615 0.057692307692307696
3 0.13701923076923078 0.7668269230769231 0.03365384615384615 0.057692307692307696