2 0.8762019230769231 0.41466346153846156 0.17307692307692307 0.6778846153846154
2 0.6478365384615384 0.4675480769230769 0.2091346153846154 0.8076923076923077
2 0.8629807692307693 0.5913461538461539 0.15384615384615385 0.1658653846153846
2 0.703125 0.40625 0.1778846153846154 0.6730769230769231
2 0.7439903846153846 0.6021634615384616 0.07451923076923077 0.15625
2 0.5096153846153846 0.41947115384615385 0.16826923076923078 0.6899038461538461
2 0.5204326923076923 0.5913461538461539 0.14423076923076922 0.15384615384615385
2 0.3425480769230769 0.47115384615384615 0.20432692307692307 0.8221153846153846
2 0.3293269230769231 0.6790865384615384 0.18509615384615385 0.17067307692307693
2 0.35336538461538464 0.6310096153846154 0.13701923076923078 0.07451923076923077
2 0.140625 0.4326923076923077 0.19951923076923078 0.6947115384615384
2 0.22235576923076922 0.390625 0.12740384615384615 0.5985576923076923