2 0.42427884615384615 0.7692307692307693 0.5721153846153846 0.14182692307692307
2 0.4639423076923077 0.6550480769230769 0.6009615384615384 0.1466346153846154
2 0.2247596153846154 0.6670673076923077 0.24519230769230768 0.125
2 0.2644230769230769 0.5805288461538461 0.27163461538461536 0.09375
2 0.19831730769230768 0.6045673076923077 0.24519230769230768 0.0625
2 0.21514423076923078 0.4639423076923077 0.24519230769230768 0.057692307692307696
2 0.5048076923076923 0.515625 0.625 0.15144230769230768
2 0.546875 0.36899038461538464 0.6586538461538461 0.1778846153846154
2 0.30408653846153844 0.4375 0.28846153846153844 0.09375
2 0.484375 0.2692307692307692 0.6129807692307693 0.12980769230769232
2 0.17548076923076922 0.34615384615384615 0.1201923076923077 0.052884615384615384
2 0.4266826923076923 0.21153846153846154 0.5673076923076923 0.12980769230769232