2 0.7175480769230769 0.7860576923076923 0.11538461538461539 0.30288461538461536
2 0.5901442307692307 0.7860576923076923 0.11538461538461539 0.2932692307692308
2 0.4651442307692308 0.7836538461538461 0.11298076923076923 0.28846153846153844
2 0.33413461538461536 0.7860576923076923 0.1201923076923077 0.2932692307692308
2 0.3858173076923077 0.7608173076923077 0.03125 0.2644230769230769
2 0.1875 0.7884615384615384 0.1201923076923077 0.28846153846153844
2 0.25240384615384615 0.7548076923076923 0.04326923076923077 0.23076923076923078
2 0.7764423076923077 0.4639423076923077 0.06971153846153846 0.14423076923076922
2 0.703125 0.46153846153846156 0.06971153846153846 0.15865384615384615
2 0.6177884615384616 0.4567307692307692 0.07692307692307693 0.17067307692307693
2 0.5384615384615384 0.45072115384615385 0.0889423076923077 0.17067307692307693
2 0.49399038461538464 0.45072115384615385 0.014423076923076924 0.14903846153846154
2 0.4495192307692308 0.46153846153846156 0.08173076923076923 0.13942307692307693
2 0.3701923076923077 0.4483173076923077 0.06971153846153846 0.15384615384615385
2 0.2932692307692308 0.45072115384615385 0.06971153846153846 0.14903846153846154
2 0.2127403846153846 0.4483173076923077 0.08653846153846154 0.15625
2 0.12740384615384615 0.45913461538461536 0.08653846153846154 0.14423076923076922
2 0.7668269230769231 0.21394230769230768 0.08173076923076923 0.1201923076923077
2 0.6983173076923077 0.21634615384615385 0.052884615384615384 0.11298076923076923
2 0.6274038461538461 0.19591346153846154 0.08173076923076923 0.15384615384615385
2 0.546875 0.16706730769230768 0.0889423076923077 0.18028846153846154
2 0.4495192307692308 0.1622596153846154 0.0889423076923077 0.18028846153846154
2 0.3557692307692308 0.16466346153846154 0.09375 0.1971153846153846
2 0.25721153846153844 0.15745192307692307 0.09615384615384616 0.20192307692307693
2 0.15865384615384615 0.1466346153846154 0.10817307692307693 0.21153846153846154
3 0.5901442307692307 0.6213942307692307 0.07692307692307693 0.04807692307692308
3 0.7223557692307693 0.6129807692307693 0.09134615384615384 0.040865384615384616
3 0.7716346153846154 0.3713942307692308 0.07692307692307693 0.040865384615384616
3 0.4675480769230769 0.6153846153846154 0.08653846153846154 0.036057692307692304
3 0.328125 0.6237980769230769 0.07692307692307693 0.03125
3 0.34975961538461536 0.6129807692307693 0.07211538461538461 0.03125
3 0.22956730769230768 0.6105769230769231 0.07211538461538461 0.036057692307692304
3 0.1935096153846154 0.6213942307692307 0.08413461538461539 0.02403846153846154
3 0.2127403846153846 0.3581730769230769 0.08653846153846154 0.016826923076923076
3 0.2920673076923077 0.36538461538461536 0.0673076923076923 0.03125
3 0.3701923076923077 0.3605769230769231 0.0625 0.019230769230769232
3 0.44350961538461536 0.3762019230769231 0.06971153846153846 0.019230769230769232
3 0.5348557692307693 0.3581730769230769 0.0673076923076923 0.014423076923076924
3 0.6153846153846154 0.3557692307692308 0.07211538461538461 0.019230769230769232
3 0.6971153846153846 0.3629807692307692 0.0673076923076923 0.02403846153846154
3 0.12740384615384615 0.3737980769230769 0.07692307692307693 0.02403846153846154
3 0.1622596153846154 0.03125 0.09134615384615384 0.03125
3 0.25841346153846156 0.04326923076923077 0.09134615384615384 0.026442307692307692
3 0.35697115384615385 0.051682692307692304 0.0889423076923077 0.019230769230769232
3 0.4495192307692308 0.06129807692307692 0.07211538461538461 0.03125
3 0.546875 0.054086538461538464 0.08173076923076923 0.036057692307692304
3 0.6983173076923077 0.14423076923076922 0.0625 0.019230769230769232
3 0.7644230769230769 0.13701923076923078 0.06971153846153846 0.016826923076923076
0 0.33052884615384615 0.8762019230769231 0.10576923076923077 0.10336538461538461
0 0.33774038461538464 0.75 0.07451923076923077 0.14903846153846154
0 0.46875 0.7908653846153846 0.0889423076923077 0.27403846153846156
0 0.7163461538461539 0.8581730769230769 0.0889423076923077 0.10817307692307693
0 0.1814903846153846 0.8064903846153846 0.11538461538461539 0.22115384615384615
0 0.25841346153846156 0.8221153846153846 0.02403846153846154 0.07692307692307693
0 0.12740384615384615 0.5 0.07692307692307693 0.0625
0 0.2127403846153846 0.49278846153846156 0.06971153846153846 0.057692307692307696
0 0.296875 0.46634615384615385 0.0625 0.10817307692307693
0 0.375 0.46153846153846156 0.0625 0.1201923076923077
0 0.4495192307692308 0.47115384615384615 0.07211538461538461 0.10817307692307693
0 0.5372596153846154 0.47115384615384615 0.06971153846153846 0.10817307692307693
0 0.6177884615384616 0.4891826923076923 0.0625 0.08173076923076923
0 0.6983173076923077 0.5072115384615384 0.0625 0.057692307692307696
0 0.7740384615384616 0.4795673076923077 0.0673076923076923 0.11298076923076923
0 0.7704326923076923 0.22716346153846154 0.07211538461538461 0.07211538461538461
0 0.6983173076923077 0.25 0.04807692307692308 0.036057692307692304
0 0.546875 0.21394230769230768 0.07451923076923077 0.09615384615384616
0 0.453125 0.18269230769230768 0.0889423076923077 0.15865384615384615
0 0.3557692307692308 0.18509615384615385 0.08653846153846154 0.15384615384615385
0 0.25841346153846156 0.17307692307692307 0.08653846153846154 0.16105769230769232
0 0.15985576923076922 0.1466346153846154 0.09615384615384616 0.20192307692307693