2 0.14182692307692307 0.7139423076923077 0.19230769230769232 0.3798076923076923
2 0.10817307692307693 0.24639423076923078 0.13942307692307693 0.25961538461538464
2 0.28125 0.24639423076923078 0.13942307692307693 0.25961538461538464
2 0.46153846153846156 0.27283653846153844 0.12740384615384615 0.20673076923076922
2 0.6358173076923077 0.27524038461538464 0.1201923076923077 0.21153846153846154
2 0.7860576923076923 0.33653846153846156 0.11538461538461539 0.07932692307692307
2 0.9387019230769231 0.33533653846153844 0.11778846153846154 0.0889423076923077
2 0.6526442307692307 0.7536057692307693 0.14423076923076922 0.29086538461538464
2 0.4050480769230769 0.7115384615384616 0.19230769230769232 0.375
2 0.8810096153846154 0.7512019230769231 0.14423076923076922 0.2980769230769231
3 0.14182692307692307 0.4951923076923077 0.13942307692307693 0.04807692307692308
3 0.10576923076923077 0.08413461538461539 0.1346153846153846 0.052884615384615384
3 0.2776442307692308 0.09254807692307693 0.13942307692307693 0.0673076923076923
3 0.46153846153846156 0.140625 0.1346153846153846 0.057692307692307696
3 0.6310096153846154 0.14302884615384615 0.1346153846153846 0.052884615384615384
3 0.7860576923076923 0.25721153846153844 0.12980769230769232 0.09134615384615384
3 0.9350961538461539 0.25721153846153844 0.125 0.09134615384615384
3 0.8810096153846154 0.5709134615384616 0.1346153846153846 0.052884615384615384
3 0.6502403846153846 0.5769230769230769 0.12980769230769232 0.052884615384615384
3 0.40865384615384615 0.4951923076923077 0.13942307692307693 0.04807692307692308