2 0.42908653846153844 0.8798076923076923 0.7932692307692307 0.16105769230769232
2 0.34975961538461536 0.9759615384615384 0.6225961538461539 0.040865384615384616
2 0.6177884615384616 0.8257211538461539 0.2403846153846154 0.05048076923076923
2 0.4014423076923077 0.7223557692307693 0.7379807692307693 0.14903846153846154
2 0.3858173076923077 0.5889423076923077 0.7163461538461539 0.12980769230769232
2 0.6935096153846154 0.5805288461538461 0.5576923076923077 0.15625
2 0.47836538461538464 0.44591346153846156 0.9471153846153846 0.15625
2 0.4206730769230769 0.3269230769230769 0.8317307692307693 0.18269230769230768
2 0.6995192307692307 0.24158653846153846 0.5024038461538461 0.11298076923076923
2 0.4423076923076923 0.16947115384615385 0.875 0.15625
2 0.5012019230769231 0.07572115384615384 0.9927884615384616 0.15144230769230768