2 0.5913461538461539 0.8894230769230769 0.14182692307692307 0.08173076923076923
2 0.6069711538461539 0.7932692307692307 0.16346153846153846 0.09375
2 0.6177884615384616 0.6911057692307693 0.1875 0.10096153846153846
2 0.6286057692307693 0.5805288461538461 0.21634615384615385 0.10096153846153846
2 0.6418269230769231 0.4579326923076923 0.23557692307692307 0.11538461538461539
2 0.6694711538461539 0.31971153846153844 0.2980769230769231 0.1346153846153846
2 0.7151442307692307 0.15745192307692307 0.375 0.17307692307692307
2 0.10216346153846154 0.8870192307692307 0.1346153846153846 0.07692307692307693
2 0.11538461538461539 0.7956730769230769 0.15865384615384615 0.08173076923076923
2 0.12860576923076922 0.6935096153846154 0.1875 0.09615384615384616
2 0.13822115384615385 0.578125 0.21153846153846154 0.10576923076923077
2 0.14903846153846154 0.4579326923076923 0.23557692307692307 0.125
2 0.1778846153846154 0.32211538461538464 0.28365384615384615 0.13942307692307693
2 0.2247596153846154 0.17067307692307693 0.3701923076923077 0.16346153846153846
3 0.44711538461538464 0.16466346153846154 0.0673076923076923 0.07211538461538461
3 0.3641826923076923 0.3161057692307692 0.0625 0.07211538461538461
3 0.30649038461538464 0.4579326923076923 0.07211538461538461 0.07211538461538461
3 0.2824519230769231 0.5757211538461539 0.07692307692307693 0.07692307692307693
3 0.25961538461538464 0.6959134615384616 0.0673076923076923 0.07692307692307693
3 0.22716346153846154 0.7932692307692307 0.0625 0.0673076923076923
3 0.20432692307692307 0.890625 0.07211538461538461 0.0673076923076923
3 0.6959134615384616 0.890625 0.0673076923076923 0.07692307692307693
3 0.7247596153846154 0.7980769230769231 0.0625 0.07692307692307693
3 0.7463942307692307 0.6983173076923077 0.07211538461538461 0.07211538461538461
3 0.7776442307692307 0.5841346153846154 0.07211538461538461 0.07692307692307693
3 0.8016826923076923 0.4579326923076923 0.07692307692307693 0.07211538461538461
3 0.8557692307692307 0.31971153846153844 0.057692307692307696 0.07211538461538461
3 0.9350961538461539 0.15144230769230768 0.0673076923076923 0.07211538461538461