2 0.6959134615384616 0.609375 0.3557692307692308 0.11057692307692307
2 0.6766826923076923 0.47115384615384615 0.35096153846153844 0.11057692307692307
2 0.65625 0.33052884615384615 0.3557692307692308 0.11538461538461539
2 0.4266826923076923 0.7524038461538461 0.04807692307692308 0.057692307692307696
2 0.38221153846153844 0.7572115384615384 0.038461538461538464 0.038461538461538464
2 0.34615384615384615 0.7608173076923077 0.03125 0.038461538461538464
2 0.41346153846153844 0.65625 0.04807692307692308 0.04326923076923077
2 0.3701923076923077 0.6646634615384616 0.036057692307692304 0.036057692307692304
2 0.34134615384615385 0.6646634615384616 0.02403846153846154 0.019230769230769232
2 0.3954326923076923 0.5600961538461539 0.04807692307692308 0.038461538461538464
2 0.3641826923076923 0.5805288461538461 0.038461538461538464 0.026442307692307692
2 0.33653846153846156 0.5865384615384616 0.038461538461538464 0.03125
2 0.33052884615384615 0.4795673076923077 0.026442307692307692 0.03125
2 0.359375 0.46153846153846156 0.038461538461538464 0.03125
2 0.39783653846153844 0.44591346153846156 0.036057692307692304 0.04326923076923077
2 0.38341346153846156 0.34615384615384615 0.036057692307692304 0.03125
2 0.36177884615384615 0.375 0.036057692307692304 0.036057692307692304
2 0.34375 0.4014423076923077 0.0625 0.036057692307692304
2 0.35216346153846156 0.3125 0.08173076923076923 0.036057692307692304
2 0.36658653846153844 0.2920673076923077 0.0625 0.03125
2 0.38221153846153844 0.2548076923076923 0.03125 0.036057692307692304
1 0.24519230769230768 0.671875 0.1346153846153846 0.2548076923076923
1 0.22716346153846154 0.41466346153846156 0.14423076923076922 0.25
1 0.33653846153846156 0.140625 0.1201923076923077 0.27403846153846156
1 0.49278846153846156 0.29927884615384615 0.19230769230769232 0.3125
1 0.5240384615384616 0.6454326923076923 0.21153846153846154 0.3269230769230769
1 0.36658653846153844 0.5084134615384616 0.11538461538461539 0.07211538461538461
1 0.359375 0.21153846153846154 0.10096153846153846 0.1201923076923077
1 0.65625 0.22355769230769232 0.14423076923076922 0.10576923076923077
1 0.6646634615384616 0.4014423076923077 0.1346153846153846 0.036057692307692304
1 0.6742788461538461 0.5396634615384616 0.125 0.036057692307692304
1 0.6478365384615384 0.7259615384615384 0.036057692307692304 0.12980769230769232
1 0.39302884615384615 0.890625 0.15144230769230768 0.18269230769230768