2 0.6887019230769231 0.49399038461538464 0.31490384615384615 0.25
2 0.7992788461538461 0.18990384615384615 0.31971153846153844 0.24278846153846154
2 0.36538461538461536 0.49399038461538464 0.3076923076923077 0.25721153846153844
2 0.515625 0.7908653846153846 0.23557692307692307 0.25721153846153844
2 0.5252403846153846 0.19591346153846154 0.22596153846153846 0.2548076923076923
2 0.2548076923076923 0.19471153846153846 0.30288461538461536 0.25721153846153844
3 0.6442307692307693 0.6370192307692307 0.20673076923076922 0.05048076923076923
3 0.5072115384615384 0.9399038461538461 0.22115384615384615 0.04326923076923077
3 0.3918269230769231 0.640625 0.20673076923076922 0.03365384615384615
3 0.5180288461538461 0.35216346153846156 0.20192307692307693 0.05048076923076923
3 0.7572115384615384 0.3485576923076923 0.20673076923076922 0.05048076923076923
3 0.2860576923076923 0.3425480769230769 0.20192307692307693 0.04567307692307692