2 0.8293269230769231 0.2536057692307692 0.2980769230769231 0.30288461538461536
2 0.8293269230769231 0.6862980769230769 0.2980769230769231 0.2980769230769231
2 0.5048076923076923 0.6838942307692307 0.2980769230769231 0.2932692307692308
2 0.18028846153846154 0.6862980769230769 0.2980769230769231 0.2980769230769231
2 0.1778846153846154 0.2536057692307692 0.2932692307692308 0.30288461538461536
2 0.5072115384615384 0.2512019230769231 0.30288461538461536 0.3076923076923077
3 0.8269230769230769 0.44711538461538464 0.28365384615384615 0.11057692307692307
3 0.49759615384615385 0.44471153846153844 0.28365384615384615 0.10576923076923077
3 0.8269230769230769 0.8822115384615384 0.2932692307692308 0.10096153846153846
3 0.5024038461538461 0.8822115384615384 0.2932692307692308 0.10096153846153846
3 0.17067307692307693 0.8870192307692307 0.2980769230769231 0.10096153846153846
3 0.17307692307692307 0.45072115384615385 0.2932692307692308 0.10336538461538461