2 0.6286057692307693 0.8377403846153846 0.4423076923076923 0.125
2 0.8112980769230769 0.6838942307692307 0.2644230769230769 0.13942307692307693
2 0.7067307692307693 0.7139423076923077 0.3918269230769231 0.13221153846153846
2 0.36899038461538464 0.6213942307692307 0.39663461538461536 0.19230769230769232
2 0.6887019230769231 0.5576923076923077 0.44711538461538464 0.1658653846153846
2 0.7608173076923077 0.4230769230769231 0.3870192307692308 0.1201923076923077
2 0.6622596153846154 0.3317307692307692 0.5096153846153846 0.1466346153846154
2 0.45072115384615385 0.4519230769230769 0.22115384615384615 0.12980769230769232
2 0.296875 0.31850961538461536 0.3870192307692308 0.18269230769230768
2 0.5360576923076923 0.17908653846153846 0.5240384615384616 0.17307692307692307
2 0.8581730769230769 0.10817307692307693 0.18028846153846154 0.21634615384615385
3 0.3557692307692308 0.8341346153846154 0.10336538461538461 0.10817307692307693
3 0.44591346153846156 0.7139423076923077 0.10817307692307693 0.10817307692307693
3 0.6153846153846154 0.6778846153846154 0.10817307692307693 0.11057692307692307
3 0.4098557692307692 0.5564903846153846 0.10817307692307693 0.10817307692307693
3 0.11899038461538461 0.6213942307692307 0.10336538461538461 0.10096153846153846
3 0.28846153846153844 0.46274038461538464 0.10336538461538461 0.10817307692307693
3 0.3425480769230769 0.3401442307692308 0.10817307692307693 0.11538461538461539
3 0.04927884615384615 0.28725961538461536 0.09615384615384616 0.10576923076923077
3 0.21394230769230768 0.171875 0.09615384615384616 0.11057692307692307
3 0.8713942307692307 0.25240384615384615 0.1346153846153846 0.0889423076923077