2 0.46875 0.7764423076923077 0.46875 0.1466346153846154
2 0.453125 0.6225961538461539 0.40625 0.1346153846153846
2 0.4098557692307692 0.49038461538461536 0.31971153846153844 0.11057692307692307
2 0.41346153846153844 0.37740384615384615 0.3125 0.10576923076923077
2 0.3942307692307692 0.2692307692307692 0.28846153846153844 0.10096153846153846
2 0.375 0.171875 0.23557692307692307 0.0889423076923077
3 0.7307692307692307 0.7764423076923077 0.055288461538461536 0.1201923076923077
3 0.6754807692307693 0.6225961538461539 0.06971153846153846 0.11538461538461539
3 0.6057692307692307 0.49158653846153844 0.055288461538461536 0.0889423076923077
3 0.5901442307692307 0.37740384615384615 0.055288461538461536 0.07211538461538461
3 0.5697115384615384 0.27163461538461536 0.04807692307692308 0.07692307692307693
3 0.5192307692307693 0.171875 0.055288461538461536 0.07211538461538461