2 0.3293269230769231 0.6286057692307693 0.5336538461538461 0.4326923076923077
2 0.5288461538461539 0.7487980769230769 0.5072115384615384 0.3701923076923077
2 0.6466346153846154 0.34615384615384615 0.625 0.40865384615384615
2 0.44471153846153844 0.20673076923076922 0.44471153846153844 0.3076923076923077
0 0.3798076923076923 0.22235576923076922 0.0673076923076923 0.09615384615384616
0 0.4795673076923077 0.2956730769230769 0.0625 0.08413461538461539
0 0.41586538461538464 0.30408653846153844 0.057692307692307696 0.07692307692307693
0 0.44711538461538464 0.21514423076923078 0.04807692307692308 0.0673076923076923
0 0.3269230769230769 0.30408653846153844 0.09375 0.0673076923076923
0 0.2956730769230769 0.2800480769230769 0.0673076923076923 0.07211538461538461
0 0.27283653846153844 0.21754807692307693 0.0673076923076923 0.10576923076923077
0 0.33774038461538464 0.18629807692307693 0.08173076923076923 0.09615384615384616
0 0.41947115384615385 0.16706730769230768 0.08413461538461539 0.07692307692307693
0 0.4026442307692308 0.10216346153846154 0.1201923076923077 0.08173076923076923
0 0.4735576923076923 0.09615384615384616 0.038461538461538464 0.0673076923076923
0 0.3004807692307692 0.1045673076923077 0.09375 0.0673076923076923
0 0.2932692307692308 0.15504807692307693 0.0889423076923077 0.08173076923076923
0 0.4639423076923077 0.8713942307692307 0.11057692307692307 0.08173076923076923
0 0.4423076923076923 0.8305288461538461 0.11057692307692307 0.11538461538461539
0 0.3557692307692308 0.8846153846153846 0.052884615384615384 0.0625
0 0.3329326923076923 0.8533653846153846 0.052884615384615384 0.0625
0 0.3401442307692308 0.7716346153846154 0.07692307692307693 0.08413461538461539
0 0.3425480769230769 0.6694711538461539 0.0625 0.09375
0 0.5288461538461539 0.7776442307692307 0.052884615384615384 0.10576923076923077
0 0.5492788461538461 0.7463942307692307 0.057692307692307696 0.10576923076923077