2 0.78125 0.5673076923076923 0.20673076923076922 0.4639423076923077
2 0.6358173076923077 0.6045673076923077 0.3076923076923077 0.65625
2 0.44471153846153844 0.47596153846153844 0.22596153846153846 0.5480769230769231
2 0.3798076923076923 0.71875 0.15144230769230768 0.3389423076923077
2 0.19831730769230768 0.7079326923076923 0.14903846153846154 0.2548076923076923
2 0.2704326923076923 0.5733173076923077 0.18269230769230768 0.3894230769230769
5 0.7884615384615384 0.27283653846153844 0.14903846153846154 0.11538461538461539
5 0.6298076923076923 0.22115384615384615 0.14423076923076922 0.11057692307692307
5 0.43509615384615385 0.15865384615384615 0.14903846153846154 0.10096153846153846
5 0.38221153846153844 0.4951923076923077 0.14903846153846154 0.0985576923076923
5 0.27283653846153844 0.32572115384615385 0.1346153846153846 0.10576923076923077
5 0.19591346153846154 0.5384615384615384 0.1346153846153846 0.09375