2 0.53125 0.4987980769230769 0.9326923076923077 0.9927884615384616
2 0.2932692307692308 0.8389423076923077 0.21394230769230768 0.3125
2 0.13822115384615385 0.8449519230769231 0.12980769230769232 0.28846153846153844
2 0.12620192307692307 0.9146634615384616 0.1346153846153846 0.15865384615384615
2 0.12620192307692307 0.7151442307692307 0.125 0.12980769230769232
2 0.1310096153846154 0.5168269230769231 0.12259615384615384 0.28846153846153844
2 0.19471153846153846 0.5793269230769231 0.06009615384615385 0.22115384615384615
2 0.2283653846153846 0.5901442307692307 0.04326923076923077 0.17548076923076922
2 0.26802884615384615 0.6237980769230769 0.08173076923076923 0.23076923076923078
2 0.5432692307692307 0.8978365384615384 0.3293269230769231 0.19230769230769232
2 0.6766826923076923 0.9543269230769231 0.07692307692307693 0.07932692307692307
2 0.7415865384615384 0.8557692307692307 0.14423076923076922 0.2764423076923077
2 0.8521634615384616 0.9290865384615384 0.0985576923076923 0.12980769230769232
2 0.5805288461538461 0.5757211538461539 0.3605769230769231 0.4855769230769231
2 0.3737980769230769 0.5456730769230769 0.2692307692307692 0.5384615384615384
2 0.328125 0.23197115384615385 0.14423076923076922 0.16826923076923078
2 0.18990384615384615 0.24519230769230768 0.1201923076923077 0.1875
2 0.09615384615384616 0.0625 0.04567307692307692 0.09134615384615384
2 0.17427884615384615 0.1045673076923077 0.15865384615384615 0.16346153846153846
2 0.28365384615384615 0.0625 0.1201923076923077 0.125
2 0.3581730769230769 0.054086538461538464 0.08413461538461539 0.10576923076923077
2 0.37740384615384615 0.17548076923076922 0.15865384615384615 0.25
2 0.625 0.25961538461538464 0.3701923076923077 0.40625
2 0.7644230769230769 0.49399038461538464 0.21153846153846154 0.32211538461538464
2 0.8545673076923077 0.671875 0.19230769230769232 0.35096153846153844
2 0.9230769230769231 0.8581730769230769 0.14903846153846154 0.20673076923076922
2 0.9302884615384616 0.5576923076923077 0.1346153846153846 0.5336538461538461
2 0.9038461538461539 0.2644230769230769 0.1875 0.3076923076923077
2 0.859375 0.14543269230769232 0.2091346153846154 0.2860576923076923