3 0.8293269230769231 0.17668269230769232 0.28846153846153844 0.28365384615384615
3 0.8076923076923077 0.6610576923076923 0.27403846153846156 0.5913461538461539
3 0.6478365384615384 0.6262019230769231 0.20192307692307693 0.36538461538461536
3 0.6622596153846154 0.5913461538461539 0.16346153846153846 0.13942307692307693
3 0.6165865384615384 0.23677884615384615 0.1201923076923077 0.15384615384615385
3 0.6550480769230769 0.33653846153846156 0.08653846153846154 0.14423076923076922
3 0.109375 0.22596153846153846 0.07211538461538461 0.17307692307692307
3 0.20552884615384615 0.22115384615384615 0.36538461538461536 0.08653846153846154
3 0.42427884615384615 0.21754807692307693 0.07211538461538461 0.16346153846153846
3 0.21875 0.5060096153846154 0.20192307692307693 0.16826923076923078
3 0.42427884615384615 0.5084134615384616 0.07211538461538461 0.15625
3 0.20793269230769232 0.7788461538461539 0.3605769230769231 0.08653846153846154
3 0.4266826923076923 0.7788461538461539 0.07692307692307693 0.16346153846153846
3 0.24639423076923078 0.21754807692307693 0.42788461538461536 0.16346153846153846
3 0.23798076923076922 0.7764423076923077 0.44711538461538464 0.17067307692307693