3 0.7235576923076923 0.6778846153846154 0.5288461538461539 0.16826923076923078
3 0.7175480769230769 0.46274038461538464 0.5144230769230769 0.16346153846153846
3 0.7139423076923077 0.2403846153846154 0.5336538461538461 0.16826923076923078
0 0.3870192307692308 0.7403846153846154 0.22115384615384615 0.11538461538461539
0 0.33052884615384615 0.8221153846153846 0.22115384615384615 0.11778846153846154
0 0.22355769230769232 0.7055288461538461 0.22115384615384615 0.13701923076923078
0 0.44711538461538464 0.7908653846153846 0.10096153846153846 0.09134615384615384
0 0.17908653846153846 0.6081730769230769 0.13221153846153846 0.09134615384615384
0 0.24519230769230768 0.5552884615384616 0.1875 0.1346153846153846
0 0.36778846153846156 0.47596153846153844 0.15865384615384615 0.11538461538461539
0 0.2644230769230769 0.3918269230769231 0.1778846153846154 0.12259615384615384
0 0.30528846153846156 0.421875 0.1201923076923077 0.14423076923076922
0 0.27403846153846156 0.4879807692307692 0.04326923076923077 0.038461538461538464
0 0.33653846153846156 0.25841346153846156 0.18269230769230768 0.125
0 0.38341346153846156 0.328125 0.125 0.11057692307692307
0 0.16706730769230768 0.20793269230769232 0.19471153846153846 0.14423076923076922
0 0.3173076923076923 0.11658653846153846 0.24519230769230768 0.1778846153846154
0 0.41466346153846156 0.1622596153846154 0.13942307692307693 0.08653846153846154