3 0.1622596153846154 0.609375 0.16346153846153846 0.24759615384615385
3 0.1814903846153846 0.4230769230769231 0.25240384615384615 0.30288461538461536
3 0.3894230769230769 0.46274038461538464 0.15625 0.35096153846153844
3 0.3317307692307692 0.35096153846153844 0.13701923076923078 0.22596153846153846
3 0.3425480769230769 0.6430288461538461 0.20432692307692307 0.20673076923076922
3 0.5444711538461539 0.7920673076923077 0.19230769230769232 0.12980769230769232
3 0.5625 0.5793269230769231 0.2283653846153846 0.33653846153846156
3 0.49158653846153844 0.3389423076923077 0.14423076923076922 0.27403846153846156
3 0.5 0.2692307692307692 0.08173076923076923 0.11538461538461539
3 0.5240384615384616 0.203125 0.057692307692307696 0.0985576923076923
3 0.6237980769230769 0.23317307692307693 0.09615384615384616 0.1778846153846154
3 0.5877403846153846 0.29927884615384615 0.09615384615384616 0.18269230769230768
3 0.7055288461538461 0.28725961538461536 0.125 0.1971153846153846
3 0.8401442307692307 0.3858173076923077 0.20673076923076922 0.3269230769230769
3 0.6418269230769231 0.4807692307692308 0.16346153846153846 0.1971153846153846
3 0.7836538461538461 0.6069711538461539 0.20673076923076922 0.15384615384615385
3 0.7560096153846154 0.7620192307692307 0.21634615384615385 0.1778846153846154