3 0.13942307692307693 0.49158653846153844 0.2644230769230769 0.25961538461538464
3 0.2620192307692308 0.6754807692307693 0.41346153846153844 0.23557692307692307
3 0.48197115384615385 0.8149038461538461 0.34615384615384615 0.22115384615384615
3 0.46033653846153844 0.49158653846153844 0.4014423076923077 0.22115384615384615
3 0.25600961538461536 0.31009615384615385 0.4519230769230769 0.25
3 0.44471153846153844 0.1658653846153846 0.4182692307692308 0.22115384615384615
3 0.6262019230769231 0.35216346153846156 0.35096153846153844 0.20673076923076922
3 0.7776442307692307 0.4987980769230769 0.2980769230769231 0.18269230769230768
3 0.6358173076923077 0.6430288461538461 0.3317307692307692 0.1971153846153846
3 0.78125 0.7632211538461539 0.27884615384615385 0.17067307692307693
3 0.6850961538461539 0.9182692307692307 0.21153846153846154 0.15865384615384615
3 0.8605769230769231 0.9627403846153846 0.14182692307692307 0.0673076923076923
3 0.9182692307692307 0.8533653846153846 0.15865384615384615 0.16826923076923078
3 0.90625 0.6310096153846154 0.18269230769230768 0.1658653846153846
3 0.8930288461538461 0.37259615384615385 0.2091346153846154 0.17307692307692307
3 0.7836538461538461 0.22716346153846154 0.28365384615384615 0.18269230769230768
3 0.6670673076923077 0.08052884615384616 0.2860576923076923 0.15625
3 0.8545673076923077 0.030048076923076924 0.17067307692307693 0.055288461538461536
3 0.9002403846153846 0.13221153846153846 0.19471153846153846 0.17307692307692307