3 0.6574519230769231 0.9194711538461539 0.31971153846153844 0.15144230769230768
3 0.6862980769230769 0.7512019230769231 0.3076923076923077 0.1778846153846154
3 0.8533653846153846 0.46274038461538464 0.11538461538461539 0.1971153846153846
3 0.6838942307692307 0.5576923076923077 0.30288461538461536 0.19230769230769232
3 0.7199519230769231 0.31971153846153844 0.25721153846153844 0.3125
3 0.6754807692307693 0.18870192307692307 0.30288461538461536 0.18269230769230768
3 0.6670673076923077 0.37740384615384615 0.28365384615384615 0.1778846153846154
3 0.7331730769230769 0.07572115384615384 0.2403846153846154 0.15144230769230768
3 0.578125 0.08173076923076923 0.15144230769230768 0.13942307692307693
3 0.3954326923076923 0.23557692307692307 0.2668269230769231 0.16826923076923078
3 0.3713942307692308 0.3737980769230769 0.2548076923076923 0.14182692307692307
3 0.43990384615384615 0.5841346153846154 0.20432692307692307 0.2980769230769231
3 0.3870192307692308 0.7043269230769231 0.25721153846153844 0.15384615384615385
3 0.6382211538461539 0.8533653846153846 0.27163461538461536 0.1346153846153846
3 0.5216346153846154 0.48677884615384615 0.038461538461538464 0.13942307692307693