3 0.8689903846153846 0.8028846153846154 0.20192307692307693 0.17307692307692307
3 0.6225961538461539 0.8545673076923077 0.31490384615384615 0.125
3 0.4735576923076923 0.8737980769230769 0.16105769230769232 0.0673076923076923
3 0.25841346153846156 0.7680288461538461 0.125 0.16346153846153846
3 0.43990384615384615 0.7680288461538461 0.47596153846153844 0.18269230769230768
3 0.5769230769230769 0.6478365384615384 0.5120192307692307 0.18990384615384615
3 0.16105769230769232 0.5300480769230769 0.2980769230769231 0.13942307692307693
3 0.4170673076923077 0.5612980769230769 0.42788461538461536 0.16346153846153846
3 0.5480769230769231 0.3954326923076923 0.5120192307692307 0.18990384615384615
3 0.2439903846153846 0.2800480769230769 0.10576923076923077 0.15865384615384615
3 0.41947115384615385 0.2764423076923077 0.4567307692307692 0.18028846153846154
3 0.6045673076923077 0.19831730769230768 0.30288461538461536 0.12980769230769232
3 0.44591346153846156 0.171875 0.15384615384615385 0.06971153846153846
3 0.8449519230769231 0.2536057692307692 0.21394230769230768 0.17307692307692307
3 0.20552884615384615 0.17307692307692307 0.1971153846153846 0.038461538461538464