3 0.47836538461538464 0.27283653846153844 0.12980769230769232 0.19230769230769232
3 0.7307692307692307 0.26802884615384615 0.11538461538461539 0.19230769230769232
3 0.6045673076923077 0.5709134615384616 0.11538461538461539 0.19230769230769232
3 0.5348557692307693 0.8605769230769231 0.12740384615384615 0.1875
3 0.28365384615384615 0.8641826923076923 0.11057692307692307 0.19230769230769232
3 0.3894230769230769 0.5685096153846154 0.11778846153846154 0.1971153846153846
3 0.20072115384615385 0.26322115384615385 0.3701923076923077 0.19230769230769232
3 0.17548076923076922 0.5661057692307693 0.3173076923076923 0.20192307692307693
3 0.1971153846153846 0.8605769230769231 0.3629807692307692 0.1875
3 0.8112980769230769 0.8641826923076923 0.3605769230769231 0.19230769230769232
3 0.8064903846153846 0.5685096153846154 0.3701923076923077 0.1971153846153846
3 0.8088942307692307 0.26802884615384615 0.36538461538461536 0.19230769230769232