3 0.4230769230769231 0.8665865384615384 0.16346153846153846 0.15865384615384615
3 0.29927884615384615 0.9170673076923077 0.16346153846153846 0.15144230769230768
3 0.16706730769230768 0.9399038461538461 0.19230769230769232 0.11298076923076923
3 0.11298076923076923 0.42427884615384615 0.18509615384615385 0.09134615384615384
3 0.0673076923076923 0.5504807692307693 0.125 0.08173076923076923
3 0.14182692307692307 0.5697115384615384 0.20192307692307693 0.10576923076923077
3 0.13701923076923078 0.203125 0.07692307692307693 0.10576923076923077
3 0.26802884615384615 0.203125 0.09134615384615384 0.09615384615384616
3 0.4098557692307692 0.203125 0.0673076923076923 0.08173076923076923
3 0.06129807692307692 0.20673076923076922 0.040865384615384616 0.11057692307692307
3 0.71875 0.35096153846153844 0.30288461538461536 0.16826923076923078
3 0.8088942307692307 0.24158653846153846 0.25721153846153844 0.14903846153846154
3 0.8112980769230769 0.4387019230769231 0.27403846153846156 0.07211538461538461
3 0.7884615384615384 0.7475961538461539 0.23557692307692307 0.1201923076923077
3 0.6622596153846154 0.6057692307692307 0.20192307692307693 0.16826923076923078
3 0.7680288461538461 0.6081730769230769 0.11298076923076923 0.10576923076923077
3 0.9362980769230769 0.6694711538461539 0.12259615384615384 0.09375