3 0.5108173076923077 0.5132211538461539 0.37740384615384615 0.5456730769230769
3 0.15745192307692307 0.5024038461538461 0.3076923076923077 0.5456730769230769
3 0.8485576923076923 0.5024038461538461 0.2980769230769231 0.5384615384615384
3 0.9435096153846154 0.14423076923076922 0.10817307692307693 0.27884615384615385
3 0.6983173076923077 0.15985576923076922 0.375 0.31009615384615385
3 0.32091346153846156 0.15504807692307693 0.375 0.2980769230769231
3 0.06610576923076923 0.1502403846153846 0.125 0.28846153846153844
3 0.06971153846153846 0.875 0.1346153846153846 0.24519230769230768
3 0.32211538461538464 0.8509615384615384 0.38461538461538464 0.2932692307692308
3 0.7007211538461539 0.8569711538461539 0.37259615384615385 0.28125
3 0.9350961538461539 0.8641826923076923 0.125 0.2668269230769231