3 0.7980769230769231 0.20552884615384615 0.3870192307692308 0.38461538461538464
3 0.734375 0.38100961538461536 0.3701923076923077 0.3894230769230769
3 0.15504807692307693 0.5276442307692307 0.31009615384615385 0.375
3 0.30649038461538464 0.2127403846153846 0.32211538461538464 0.27403846153846156
3 0.5408653846153846 0.16346153846153846 0.22115384615384615 0.1778846153846154
3 0.4170673076923077 0.40865384615384615 0.2980769230769231 0.3701923076923077
3 0.640625 0.40384615384615385 0.24278846153846154 0.3798076923076923
3 0.42908653846153844 0.8088942307692307 0.33413461538461536 0.37740384615384615
3 0.671875 0.8112980769230769 0.24519230769230768 0.3701923076923077
3 0.5600961538461539 0.6045673076923077 0.22596153846153846 0.03365384615384615
3 0.30649038461538464 0.7175480769230769 0.3076923076923077 0.24759615384615385