3 0.31009615384615385 0.6213942307692307 0.3125 0.29086538461538464
3 0.11899038461538461 0.5841346153846154 0.1466346153846154 0.23798076923076922
3 0.1658653846153846 0.3233173076923077 0.17307692307692307 0.24278846153846154
3 0.7259615384615384 0.08173076923076923 0.1875 0.15384615384615385
3 0.7800480769230769 0.3786057692307692 0.19230769230769232 0.42788461538461536
3 0.8605769230769231 0.12980769230769232 0.17307692307692307 0.16346153846153846
3 0.9026442307692307 0.07211538461538461 0.18990384615384615 0.1346153846153846
3 0.9158653846153846 0.5096153846153846 0.16346153846153846 0.23557692307692307
3 0.8737980769230769 0.6766826923076923 0.16826923076923078 0.24278846153846154
3 0.6634615384615384 0.6009615384615384 0.25961538461538464 0.375
3 0.6490384615384616 0.3629807692307692 0.16105769230769232 0.25
3 0.9591346153846154 0.29927884615384615 0.07692307692307693 0.2283653846153846
3 0.47596153846153844 0.46033653846153844 0.1466346153846154 0.24278846153846154
3 0.4831730769230769 0.2860576923076923 0.16105769230769232 0.15865384615384615
3 0.5841346153846154 0.14783653846153846 0.125 0.2860576923076923
3 0.4543269230769231 0.09014423076923077 0.1658653846153846 0.16826923076923078
3 0.27283653846153844 0.057692307692307696 0.18269230769230768 0.10576923076923077
3 0.2776442307692308 0.11899038461538461 0.18028846153846154 0.17307692307692307
3 0.12620192307692307 0.10576923076923077 0.11057692307692307 0.20192307692307693
3 0.05048076923076923 0.22956730769230768 0.09375 0.18509615384615385
3 0.04326923076923077 0.359375 0.07932692307692307 0.13701923076923078
3 0.2608173076923077 0.6959134615384616 0.10096153846153846 0.39663461538461536
3 0.1971153846153846 0.8341346153846154 0.08653846153846154 0.3269230769230769
3 0.1141826923076923 0.8497596153846154 0.07932692307692307 0.1201923076923077
3 0.08413461538461539 0.7728365384615384 0.11538461538461539 0.13701923076923078
3 0.046875 0.6298076923076923 0.08653846153846154 0.22115384615384615
3 0.3269230769230769 0.4206730769230769 0.1346153846153846 0.22596153846153846
3 0.4723557692307692 0.7427884615384616 0.2668269230769231 0.38461538461538464
3 0.31009615384615385 0.9002403846153846 0.14423076923076922 0.19471153846153846
3 0.08653846153846154 0.9350961538461539 0.10096153846153846 0.125
3 0.39663461538461536 0.9615384615384616 0.07211538461538461 0.07211538461538461
3 0.5336538461538461 0.9399038461538461 0.1346153846153846 0.11538461538461539
3 0.7355769230769231 0.8605769230769231 0.27884615384615385 0.27403846153846156
3 0.8725961538461539 0.9110576923076923 0.25 0.17307692307692307
3 0.5829326923076923 0.7908653846153846 0.1658653846153846 0.21634615384615385
3 0.109375 0.10576923076923077 0.21153846153846154 0.20192307692307693