3 0.2764423076923077 0.7067307692307693 0.2668269230769231 0.25721153846153844
3 0.19110576923076922 0.49278846153846156 0.1658653846153846 0.28365384615384615
3 0.22355769230769232 0.296875 0.2548076923076923 0.3870192307692308
3 0.33533653846153844 0.38461538461538464 0.125 0.18028846153846154
3 0.3557692307692308 0.5492788461538461 0.1778846153846154 0.25240384615384615
3 0.5252403846153846 0.7067307692307693 0.17067307692307693 0.24759615384615385
3 0.7331730769230769 0.7836538461538461 0.20192307692307693 0.28846153846153844
3 0.6850961538461539 0.5745192307692307 0.18269230769230768 0.18028846153846154
3 0.8125 0.47716346153846156 0.20432692307692307 0.31490384615384615
3 0.6346153846153846 0.4326923076923077 0.1201923076923077 0.20673076923076922
3 0.5 0.24519230769230768 0.20432692307692307 0.34615384615384615
3 0.7451923076923077 0.27524038461538464 0.20673076923076922 0.37740384615384615