3 0.2692307692307692 0.3076923076923077 0.4735576923076923 0.4831730769230769
3 0.3004807692307692 0.46634615384615385 0.5913461538461539 0.36538461538461536
3 0.23918269230769232 0.40384615384615385 0.46634615384615385 0.46153846153846156
3 0.8509615384615384 0.25240384615384615 0.2932692307692308 0.23076923076923078
3 0.6538461538461539 0.06009615384615385 0.6875 0.11538461538461539
3 0.10697115384615384 0.7415865384615384 0.20432692307692307 0.19230769230769232
3 0.171875 0.9074519230769231 0.3317307692307692 0.1778846153846154
3 0.6105769230769231 0.8605769230769231 0.6298076923076923 0.27403846153846156
3 0.6826923076923077 0.6850961538461539 0.5697115384615384 0.4182692307692308
3 0.7451923076923077 0.6105769230769231 0.40384615384615385 0.49038461538461536
3 0.49759615384615385 0.49278846153846156 0.5216346153846154 0.49759615384615385
3 0.65625 0.19591346153846154 0.5144230769230769 0.25961538461538464
3 0.9206730769230769 0.4651442307692308 0.15384615384615385 0.30528846153846156
3 0.19951923076923078 0.06850961538461539 0.22596153846153846 0.12980769230769232