3 0.5408653846153846 0.7668269230769231 0.42788461538461536 0.1201923076923077
3 0.3173076923076923 0.7704326923076923 0.15865384615384615 0.07692307692307693
3 0.24519230769230768 0.6430288461538461 0.3894230769230769 0.11778846153846154
3 0.6790865384615384 0.6682692307692307 0.42788461538461536 0.21634615384615385
3 0.8990384615384616 0.6995192307692307 0.11298076923076923 0.1466346153846154
3 0.8016826923076923 0.4735576923076923 0.28365384615384615 0.21153846153846154
3 0.7704326923076923 0.2956730769230769 0.3701923076923077 0.14423076923076922
3 0.5348557692307693 0.28725961538461536 0.13942307692307693 0.11057692307692307
3 0.5913461538461539 0.20793269230769232 0.36538461538461536 0.06971153846153846
3 0.2512019230769231 0.2704326923076923 0.40384615384615385 0.22596153846153846
3 0.515625 0.36177884615384615 0.35096153846153844 0.1875
3 0.6009615384615384 0.5192307692307693 0.4230769230769231 0.13942307692307693
3 0.24879807692307693 0.49399038461538464 0.40865384615384615 0.22115384615384615