3 0.8737980769230769 0.15625 0.2403846153846154 0.3076923076923077
3 0.8798076923076923 0.48677884615384615 0.2283653846153846 0.35336538461538464
3 0.8737980769230769 0.8269230769230769 0.24278846153846154 0.34134615384615385
3 0.6814903846153846 0.5012019230769231 0.2403846153846154 0.34375
3 0.6550480769230769 0.16826923076923078 0.24519230769230768 0.3317307692307692
3 0.45913461538461536 0.19591346153846154 0.25 0.3173076923076923
3 0.47115384615384615 0.019230769230769232 0.2644230769230769 0.028846153846153848
3 0.27163461538461536 0.18990384615384615 0.25 0.3125
3 0.11057692307692307 0.18870192307692307 0.21153846153846154 0.30288461538461536
3 0.10817307692307693 0.5252403846153846 0.19230769230769232 0.28846153846153844
3 0.1141826923076923 0.8209134615384616 0.2283653846153846 0.2956730769230769
3 0.29927884615384615 0.984375 0.20432692307692307 0.026442307692307692
3 0.28365384615384615 0.8233173076923077 0.2644230769230769 0.31971153846153844
3 0.47475961538461536 0.8401442307692307 0.24759615384615385 0.31490384615384615
3 0.6766826923076923 0.8389423076923077 0.24278846153846154 0.3173076923076923
3 0.4879807692307692 0.5216346153846154 0.2644230769230769 0.3317307692307692
3 0.28365384615384615 0.5036057692307693 0.2403846153846154 0.3076923076923077