3 0.3389423076923077 0.1814903846153846 0.2403846153846154 0.125
3 0.53125 0.23076923076923078 0.23076923076923078 0.125
3 0.7475961538461539 0.2704326923076923 0.23557692307692307 0.12980769230769232
3 0.9230769230769231 0.3112980769230769 0.14903846153846154 0.12740384615384615
3 0.7548076923076923 0.4254807692307692 0.21875 0.11778846153846154
3 0.5384615384615384 0.3737980769230769 0.21394230769230768 0.12259615384615384
3 0.33653846153846156 0.328125 0.22355769230769232 0.11538461538461539
3 0.3329326923076923 0.47115384615384615 0.20673076923076922 0.11778846153846154
3 0.5384615384615384 0.5252403846153846 0.22355769230769232 0.11778846153846154
3 0.75 0.5841346153846154 0.20673076923076922 0.11538461538461539
3 0.9278846153846154 0.49278846153846156 0.13942307692307693 0.12980769230769232
3 0.9230769230769231 0.6875 0.14903846153846154 0.125
3 0.7475961538461539 0.7536057692307693 0.21394230769230768 0.125
3 0.5384615384615384 0.6790865384615384 0.21394230769230768 0.11538461538461539
3 0.5384615384615384 0.8341346153846154 0.22355769230769232 0.125
3 0.32572115384615385 0.7572115384615384 0.21394230769230768 0.11778846153846154
3 0.33052884615384615 0.890625 0.21394230769230768 0.12740384615384615