3 0.45913461538461536 0.15144230769230768 0.5913461538461539 0.1778846153846154
3 0.7872596153846154 0.11778846153846154 0.23076923076923078 0.0985576923076923
3 0.859375 0.24158653846153846 0.2764423076923077 0.11298076923076923
3 0.5240384615384616 0.28125 0.6225961538461539 0.1346153846153846
3 0.19110576923076922 0.421875 0.28365384615384615 0.15865384615384615
3 0.390625 0.4182692307692308 0.15865384615384615 0.1971153846153846
3 0.6694711538461539 0.4639423076923077 0.13701923076923078 0.052884615384615384
3 0.71875 0.39302884615384615 0.22355769230769232 0.04326923076923077
3 0.7572115384615384 0.4543269230769231 0.28846153846153844 0.06490384615384616
3 0.5408653846153846 0.42908653846153844 0.17307692307692307 0.13942307692307693
3 0.7836538461538461 0.37259615384615385 0.3317307692307692 0.23557692307692307
3 0.7620192307692307 0.5276442307692307 0.22355769230769232 0.057692307692307696
3 0.5793269230769231 0.5396634615384616 0.2620192307692308 0.0985576923076923
3 0.4266826923076923 0.546875 0.27403846153846156 0.07692307692307693
3 0.25721153846153844 0.6141826923076923 0.21875 0.21153846153846154
3 0.4423076923076923 0.6418269230769231 0.3173076923076923 0.11298076923076923
3 0.6634615384615384 0.6454326923076923 0.18028846153846154 0.1201923076923077
3 0.8882211538461539 0.625 0.07211538461538461 0.05048076923076923
3 0.7572115384615384 0.6141826923076923 0.20192307692307693 0.057692307692307696
3 0.9507211538461539 0.7704326923076923 0.08653846153846154 0.1971153846153846
3 0.8930288461538461 0.78125 0.028846153846153848 0.2403846153846154
3 0.7463942307692307 0.7896634615384616 0.25721153846153844 0.20192307692307693
3 0.7463942307692307 0.8894230769230769 0.20192307692307693 0.0625
3 0.7427884615384616 0.8473557692307693 0.20673076923076922 0.021634615384615384
3 0.7536057692307693 0.8257211538461539 0.1971153846153846 0.021634615384615384
3 0.7572115384615384 0.8076923076923077 0.18028846153846154 0.014423076923076924
3 0.671875 0.7415865384615384 0.1971153846153846 0.057692307692307696
3 0.4014423076923077 0.7403846153846154 0.37740384615384615 0.09134615384615384
3 0.4338942307692308 0.8365384615384616 0.4326923076923077 0.22596153846153846
3 0.171875 0.7896634615384616 0.20192307692307693 0.13942307692307693