3 0.09134615384615384 0.18990384615384615 0.1778846153846154 0.3701923076923077
3 0.3137019230769231 0.17307692307692307 0.3076923076923077 0.33413461538461536
3 0.4338942307692308 0.0889423076923077 0.125 0.16826923076923078
3 0.5564903846153846 0.14903846153846154 0.2548076923076923 0.2860576923076923
3 0.6802884615384616 0.36899038461538464 0.23317307692307693 0.34615384615384615
3 0.8245192307692307 0.17908653846153846 0.2764423076923077 0.34615384615384615
3 0.8834134615384616 0.3737980769230769 0.2283653846153846 0.7331730769230769
3 0.7319711538461539 0.6394230769230769 0.32211538461538464 0.3870192307692308
3 0.6213942307692307 0.7860576923076923 0.1778846153846154 0.40384615384615385
3 0.7487980769230769 0.8629807692307693 0.16826923076923078 0.15384615384615385
3 0.9098557692307693 0.7427884615384616 0.17548076923076922 0.3317307692307692
3 0.9050480769230769 0.9242788461538461 0.18509615384615385 0.1466346153846154
3 0.7680288461538461 0.9483173076923077 0.12259615384615384 0.0985576923076923
3 0.5733173076923077 0.9002403846153846 0.17548076923076922 0.19471153846153846
3 0.36778846153846156 0.8798076923076923 0.21634615384615385 0.23557692307692307
3 0.06129807692307692 0.5300480769230769 0.11778846153846154 0.16826923076923078
3 0.030048076923076924 0.4855769230769231 0.052884615384615384 0.125
3 0.08052884615384616 0.3870192307692308 0.15384615384615385 0.21394230769230768
3 0.24879807692307693 0.4375 0.18509615384615385 0.2692307692307692
3 0.15625 0.5564903846153846 0.0673076923076923 0.125
3 0.12379807692307693 0.6814903846153846 0.10817307692307693 0.23076923076923078
3 0.042067307692307696 0.7019230769230769 0.07692307692307693 0.21394230769230768
3 0.2536057692307692 0.6634615384615384 0.15384615384615385 0.20673076923076922
3 0.3894230769230769 0.5480769230769231 0.15865384615384615 0.2860576923076923
3 0.5096153846153846 0.30649038461538464 0.11298076923076923 0.24519230769230768
3 0.47115384615384615 0.6045673076923077 0.16346153846153846 0.31490384615384615
3 0.12860576923076922 0.8774038461538461 0.09615384615384616 0.16105769230769232
3 0.3088942307692308 0.7920673076923077 0.16346153846153846 0.10576923076923077
3 0.21875 0.7920673076923077 0.14423076923076922 0.09615384615384616
3 0.19110576923076922 0.9627403846153846 0.13701923076923078 0.06971153846153846
3 0.07692307692307693 0.8990384615384616 0.10096153846153846 0.18990384615384615
3 0.018028846153846152 0.8834134615384616 0.03125 0.14903846153846154
3 0.5 0.5012019230769231 0.9951923076923077 0.9927884615384616