3 0.8485576923076923 0.4423076923076923 0.1875 0.1201923076923077
3 0.8461538461538461 0.3605769230769231 0.19230769230769232 0.08173076923076923
3 0.8461538461538461 0.3016826923076923 0.18269230769230768 0.07211538461538461
3 0.8461538461538461 0.2512019230769231 0.18269230769230768 0.07692307692307693
3 0.8425480769230769 0.19951923076923078 0.18269230769230768 0.07211538461538461
3 0.5865384615384616 0.1466346153846154 0.1971153846153846 0.14182692307692307
3 0.7247596153846154 0.15985576923076922 0.15144230769230768 0.125
3 0.6490384615384616 0.41346153846153844 0.1778846153846154 0.11538461538461539
3 0.6490384615384616 0.3329326923076923 0.16826923076923078 0.07211538461538461
3 0.6538461538461539 0.2824519230769231 0.1778846153846154 0.0673076923076923
3 0.6490384615384616 0.23557692307692307 0.16826923076923078 0.07211538461538461
3 0.40865384615384615 0.4375 0.1875 0.1201923076923077
3 0.40625 0.3581730769230769 0.18269230769230768 0.07692307692307693
3 0.40384615384615385 0.3016826923076923 0.1778846153846154 0.08173076923076923
3 0.40024038461538464 0.2512019230769231 0.1875 0.0673076923076923
3 0.40024038461538464 0.19831730769230768 0.1778846153846154 0.0673076923076923
3 0.14182692307692307 0.14423076923076922 0.1875 0.12980769230769232
3 0.28725961538461536 0.15745192307692307 0.13942307692307693 0.1201923076923077
3 0.2091346153846154 0.4110576923076923 0.16826923076923078 0.1201923076923077
3 0.20673076923076922 0.33533653846153844 0.17307692307692307 0.0673076923076923
3 0.21153846153846154 0.2824519230769231 0.16346153846153846 0.0673076923076923
3 0.21153846153846154 0.2247596153846154 0.16346153846153846 0.0673076923076923
3 0.39302884615384615 0.6069711538461539 0.19230769230769232 0.13942307692307693
3 0.5372596153846154 0.6201923076923077 0.15865384615384615 0.12980769230769232
3 0.6622596153846154 0.9038461538461539 0.1875 0.1201923076923077
3 0.6574519230769231 0.8197115384615384 0.1875 0.07692307692307693
3 0.6574519230769231 0.7644230769230769 0.1778846153846154 0.07211538461538461
3 0.6574519230769231 0.7115384615384616 0.1778846153846154 0.0625
3 0.6574519230769231 0.6550480769230769 0.1778846153846154 0.0673076923076923
3 0.46033653846153844 0.8737980769230769 0.18269230769230768 0.11057692307692307
3 0.46274038461538464 0.7932692307692307 0.16826923076923078 0.0673076923076923
3 0.46634615384615385 0.7427884615384616 0.16826923076923078 0.0625
3 0.46274038461538464 0.6995192307692307 0.16826923076923078 0.057692307692307696