3 0.8677884615384616 0.34975961538461536 0.25961538461538464 0.28125
3 0.8810096153846154 0.625 0.11538461538461539 0.27403846153846156
3 0.7307692307692307 0.6189903846153846 0.25 0.2692307692307692
3 0.6045673076923077 0.8485576923076923 0.2692307692307692 0.19951923076923078
3 0.5096153846153846 0.7043269230769231 0.2548076923076923 0.2692307692307692
3 0.6838942307692307 0.45552884615384615 0.1201923076923077 0.0673076923076923
3 0.7067307692307693 0.2956730769230769 0.2403846153846154 0.2692307692307692
3 0.65625 0.13822115384615385 0.1201923076923077 0.055288461538461536
3 0.4579326923076923 0.140625 0.27403846153846156 0.27403846153846156
3 0.2512019230769231 0.13822115384615385 0.21394230769230768 0.2692307692307692
3 0.4855769230769231 0.41947115384615385 0.2644230769230769 0.25961538461538464
3 0.28125 0.4170673076923077 0.2091346153846154 0.2644230769230769
3 0.2283653846153846 0.7259615384615384 0.3269230769230769 0.2764423076923077
3 0.17427884615384615 0.8569711538461539 0.3317307692307692 0.2764423076923077
3 0.4074519230769231 0.859375 0.19230769230769232 0.17067307692307693
3 0.5997596153846154 0.5 0.27884615384615385 0.13942307692307693