3 0.22235576923076922 0.5841346153846154 0.39903846153846156 0.3605769230769231
3 0.6574519230769231 0.6983173076923077 0.16826923076923078 0.21153846153846154
3 0.7644230769230769 0.6105769230769231 0.16826923076923078 0.18269230769230768
3 0.9134615384615384 0.5240384615384616 0.16346153846153846 0.16826923076923078
3 0.5997596153846154 0.5528846153846154 0.2932692307692308 0.47596153846153844
3 0.5805288461538461 0.5084134615384616 0.4230769230769231 0.19230769230769232
3 0.2800480769230769 0.5048076923076923 0.125 0.17307692307692307
3 0.22235576923076922 0.33774038461538464 0.40865384615384615 0.21153846153846154
3 0.40024038461538464 0.3137019230769231 0.33653846153846156 0.3173076923076923
3 0.6754807692307693 0.3557692307692308 0.43509615384615385 0.1971153846153846
3 0.7403846153846154 0.2800480769230769 0.16346153846153846 0.14182692307692307