3 0.3317307692307692 0.6983173076923077 0.10817307692307693 0.3173076923076923
3 0.21033653846153846 0.6923076923076923 0.10096153846153846 0.3293269230769231
3 0.08413461538461539 0.6802884615384616 0.11057692307692307 0.34134615384615385
3 0.6682692307692307 0.8918269230769231 0.0625 0.16826923076923078
3 0.7584134615384616 0.8353365384615384 0.0673076923076923 0.11778846153846154
3 0.8221153846153846 0.7920673076923077 0.052884615384615384 0.09375
3 0.8786057692307693 0.8978365384615384 0.0889423076923077 0.19230769230769232
3 0.8125 0.9326923076923077 0.04326923076923077 0.12980769230769232
3 0.7391826923076923 0.9459134615384616 0.09375 0.10336538461538461
3 0.78125 0.16105769230769232 0.09134615384615384 0.31009615384615385
3 0.8677884615384616 0.22355769230769232 0.08653846153846154 0.1875
3 0.2776442307692308 0.21394230769230768 0.10096153846153846 0.3293269230769231
3 0.16105769230769232 0.23918269230769232 0.14423076923076922 0.3293269230769231
3 0.046875 0.22956730769230768 0.08653846153846154 0.31009615384615385
2 0.375 0.18629807692307693 0.03365384615384615 0.25
2 0.40625 0.18629807692307693 0.038461538461538464 0.22355769230769232
2 0.43028846153846156 0.19591346153846154 0.028846153846153848 0.23076923076923078
2 0.40625 0.21754807692307693 0.019230769230769232 0.21153846153846154
2 0.45072115384615385 0.22716346153846154 0.03365384615384615 0.19230769230769232
2 0.5288461538461539 0.3545673076923077 0.04326923076923077 0.08653846153846154
2 0.5012019230769231 0.27283653846153844 0.04326923076923077 0.08653846153846154
2 0.5252403846153846 0.18990384615384615 0.04326923076923077 0.09375
2 0.5012019230769231 0.10216346153846154 0.04326923076923077 0.09375
2 0.5985576923076923 0.09375 0.04807692307692308 0.10096153846153846