4 0.8569711538461539 0.4098557692307692 0.27403846153846156 0.5048076923076923
4 0.8329326923076923 0.15504807692307693 0.32211538461538464 0.30288461538461536
4 0.6899038461538461 0.33653846153846156 0.40865384615384615 0.5096153846153846
4 0.6586538461538461 0.10697115384615384 0.39663461538461536 0.20673076923076922
4 0.4579326923076923 0.2860576923076923 0.39663461538461536 0.4831730769230769
4 0.3762019230769231 0.14182692307692307 0.3173076923076923 0.27884615384615385
4 0.17668269230769232 0.140625 0.1971153846153846 0.27403846153846156
4 0.16706730769230768 0.1502403846153846 0.3317307692307692 0.2932692307692308
4 0.8389423076923077 0.7716346153846154 0.3125 0.375
4 0.6057692307692307 0.7223557692307693 0.23798076923076922 0.3076923076923077
4 0.6141826923076923 0.9290865384615384 0.25721153846153844 0.13701923076923078
4 0.8725961538461539 0.9783653846153846 0.24519230769230768 0.038461538461538464
4 0.38100961538461536 0.6911057692307693 0.21153846153846154 0.3317307692307692
4 0.39302884615384615 0.9278846153846154 0.21875 0.13942307692307693
4 0.16105769230769232 0.6875 0.21634615384615385 0.3317307692307692
4 0.19591346153846154 0.9254807692307693 0.17067307692307693 0.14423076923076922
4 0.057692307692307696 0.9230769230769231 0.11057692307692307 0.14903846153846154
4 0.03485576923076923 0.7115384615384616 0.0673076923076923 0.2764423076923077
4 0.06129807692307692 0.43028846153846156 0.1201923076923077 0.27884615384615385
4 0.2091346153846154 0.4098557692307692 0.27884615384615385 0.22115384615384615
4 0.5 0.5 0.9951923076923077 0.9951923076923077