4 0.8269230769230769 0.6923076923076923 0.3317307692307692 0.41346153846153844
4 0.4266826923076923 0.8509615384615384 0.8485576923076923 0.2932692307692308
4 0.9194711538461539 0.9266826923076923 0.14903846153846154 0.14182692307692307
4 0.08774038461538461 0.9603365384615384 0.17067307692307693 0.07451923076923077
4 0.6730769230769231 0.765625 0.4639423076923077 0.22115384615384615
4 0.29447115384615385 0.6850961538461539 0.3269230769230769 0.10096153846153846
4 0.1201923076923077 0.5697115384615384 0.23557692307692307 0.3798076923076923
4 0.1935096153846154 0.3713942307692308 0.3389423076923077 0.16826923076923078
4 0.5769230769230769 0.5 0.8317307692307693 0.3701923076923077
4 0.8125 0.1935096153846154 0.3629807692307692 0.3004807692307692
4 0.3293269230769231 0.16706730769230768 0.6538461538461539 0.33413461538461536
4 0.0985576923076923 0.27283653846153844 0.18509615384615385 0.13701923076923078
4 0.49158653846153844 0.3389423076923077 0.3269230769230769 0.15865384615384615
4 0.8209134615384616 0.03245192307692308 0.3485576923076923 0.06490384615384616