4 0.43028846153846156 0.09615384615384616 0.46875 0.18509615384615385
4 0.46634615384615385 0.3161057692307692 0.4807692307692308 0.2692307692307692
4 0.484375 0.5709134615384616 0.5048076923076923 0.2860576923076923
4 0.5204326923076923 0.8473557692307693 0.5408653846153846 0.3004807692307692
4 0.203125 0.671875 0.21153846153846154 0.2692307692307692
4 0.20673076923076922 0.4230769230769231 0.22596153846153846 0.25
4 0.1778846153846154 0.19471153846153846 0.21153846153846154 0.23557692307692307
4 0.12860576923076922 0.046875 0.15384615384615385 0.08653846153846154
4 0.19471153846153846 0.8942307692307693 0.18269230769230768 0.20673076923076922
4 0.052884615384615384 0.7367788461538461 0.10096153846153846 0.23798076923076922
4 0.052884615384615384 0.5168269230769231 0.10096153846153846 0.23076923076923078
4 0.052884615384615384 0.30649038461538464 0.10096153846153846 0.21875
4 0.04567307692307692 0.10216346153846154 0.08653846153846154 0.19951923076923078
4 0.06129807692307692 0.9266826923076923 0.11778846153846154 0.14182692307692307