4 0.6778846153846154 0.6610576923076923 0.14423076923076922 0.2620192307692308
4 0.34615384615384615 0.6887019230769231 0.0673076923076923 0.12980769230769232
4 0.19230769230769232 0.6069711538461539 0.10096153846153846 0.14182692307692307
4 0.14543269230769232 0.5024038461538461 0.07211538461538461 0.1201923076923077
4 0.2860576923076923 0.5516826923076923 0.09375 0.1875
4 0.39302884615384615 0.5625 0.12740384615384615 0.17307692307692307
4 0.4651442307692308 0.4338942307692308 0.08173076923076923 0.14903846153846154
4 0.37740384615384615 0.4338942307692308 0.09375 0.18028846153846154
4 0.25240384615384615 0.35216346153846156 0.14182692307692307 0.20192307692307693
4 0.32211538461538464 0.4230769230769231 0.05048076923076923 0.09134615384615384
4 0.16706730769230768 0.3389423076923077 0.07932692307692307 0.16346153846153846
4 0.16346153846153846 0.21033653846153846 0.09375 0.125
4 0.3581730769230769 0.28725961538461536 0.10096153846153846 0.14903846153846154
4 0.44591346153846156 0.2920673076923077 0.11538461538461539 0.18028846153846154
4 0.5036057692307693 0.20432692307692307 0.07932692307692307 0.16826923076923078
4 0.4110576923076923 0.14783653846153846 0.10576923076923077 0.17307692307692307
4 0.2668269230769231 0.1935096153846154 0.12740384615384615 0.18028846153846154