4 0.15985576923076922 0.16947115384615385 0.14423076923076922 0.125
4 0.2704326923076923 0.2127403846153846 0.12980769230769232 0.10096153846153846
4 0.17548076923076922 0.29927884615384615 0.15384615384615385 0.10576923076923077
4 0.27283653846153844 0.3701923076923077 0.125 0.10817307692307693
4 0.33774038461538464 0.3161057692307692 0.1201923076923077 0.07692307692307693
4 0.41466346153846156 0.3762019230769231 0.1201923076923077 0.0889423076923077
4 0.3762019230769231 0.5 0.16346153846153846 0.14903846153846154
4 0.25240384615384615 0.5168269230769231 0.17548076923076922 0.125
4 0.10336538461538461 0.4170673076923077 0.16346153846153846 0.11538461538461539
4 0.3473557692307692 0.6466346153846154 0.1201923076923077 0.09615384615384616
4 0.9170673076923077 0.7175480769230769 0.08173076923076923 0.07692307692307693
4 0.8653846153846154 0.7920673076923077 0.10336538461538461 0.07692307692307693
4 0.7704326923076923 0.6009615384615384 0.13942307692307693 0.0673076923076923
4 0.7704326923076923 0.6814903846153846 0.14903846153846154 0.10576923076923077
4 0.7427884615384616 0.7704326923076923 0.10336538461538461 0.057692307692307696
4 0.5252403846153846 0.7319711538461539 0.11298076923076923 0.07211538461538461
4 0.453125 0.6778846153846154 0.08173076923076923 0.0673076923076923
4 0.4795673076923077 0.6153846153846154 0.08173076923076923 0.057692307692307696
4 0.5384615384615384 0.6538461538461539 0.09615384615384616 0.08173076923076923
4 0.44591346153846156 0.7487980769230769 0.09615384615384616 0.07692307692307693
4 0.47475961538461536 0.7872596153846154 0.08173076923076923 0.052884615384615384
4 0.5564903846153846 0.7872596153846154 0.08173076923076923 0.0625
4 0.6081730769230769 0.6021634615384616 0.08173076923076923 0.052884615384615384
4 0.6286057692307693 0.6742788461538461 0.09134615384615384 0.057692307692307696
4 0.6490384615384616 0.7283653846153846 0.10336538461538461 0.0673076923076923
4 0.6310096153846154 0.8064903846153846 0.09615384615384616 0.052884615384615384