4 0.7908653846153846 0.7463942307692307 0.40865384615384615 0.39903846153846156
4 0.8725961538461539 0.328125 0.20673076923076922 0.2403846153846154
4 0.9579326923076923 0.08653846153846154 0.06009615384615385 0.09615384615384616
4 0.8209134615384616 0.1141826923076923 0.1201923076923077 0.11057692307692307
4 0.7007211538461539 0.09014423076923077 0.08653846153846154 0.09134615384615384
4 0.4567307692307692 0.84375 0.25961538461538464 0.22355769230769232
4 0.11298076923076923 0.8257211538461539 0.22115384615384615 0.31009615384615385
4 0.28125 0.5576923076923077 0.2668269230769231 0.4375
4 0.5973557692307693 0.45552884615384615 0.375 0.38461538461538464
4 0.49759615384615385 0.24879807692307693 0.31971153846153844 0.2283653846153846
4 0.16346153846153846 0.2692307692307692 0.31971153846153844 0.2283653846153846
4 0.59375 0.08653846153846154 0.07932692307692307 0.07451923076923077
4 0.4735576923076923 0.08173076923076923 0.11057692307692307 0.08413461538461539
4 0.3581730769230769 0.07451923076923077 0.07932692307692307 0.1201923076923077
4 0.25721153846153844 0.08413461538461539 0.07692307692307693 0.06971153846153846
4 0.15745192307692307 0.08173076923076923 0.10096153846153846 0.07451923076923077
4 0.04927884615384615 0.09975961538461539 0.08413461538461539 0.09134615384615384