4 0.19230769230769232 0.6574519230769231 0.3798076923076923 0.6730769230769231
4 0.5276442307692307 0.7127403846153846 0.4807692307692308 0.5625
4 0.8737980769230769 0.7788461538461539 0.24759615384615385 0.4326923076923077
4 0.7019230769230769 0.3173076923076923 0.43509615384615385 0.4951923076923077
4 0.3401442307692308 0.296875 0.42788461538461536 0.4543269230769231
4 0.06490384615384616 0.2127403846153846 0.12259615384615384 0.4014423076923077
4 0.08413461538461539 0.07692307692307693 0.16346153846153846 0.14903846153846154
4 0.23677884615384615 0.0673076923076923 0.17307692307692307 0.1346153846153846
4 0.5168269230769231 0.08533653846153846 0.3894230769230769 0.1658653846153846
4 0.8377403846153846 0.15745192307692307 0.2692307692307692 0.30288461538461536
4 0.8858173076923077 0.28846153846153844 0.22355769230769232 0.5721153846153846
4 0.5012019230769231 0.49759615384615385 0.9951923076923077 0.9951923076923077