4 0.8365384615384616 0.9254807692307693 0.3173076923076923 0.14182692307692307
4 0.8257211538461539 0.7776442307692307 0.3389423076923077 0.16826923076923078
4 0.9338942307692307 0.6730769230769231 0.1201923076923077 0.23317307692307693
4 0.9014423076923077 0.6454326923076923 0.1875 0.23798076923076922
4 0.7427884615384616 0.6322115384615384 0.20673076923076922 0.1466346153846154
4 0.5516826923076923 0.6658653846153846 0.1971153846153846 0.13942307692307693
4 0.5540865384615384 0.7944711538461539 0.23557692307692307 0.12740384615384615
4 0.546875 0.9230769230769231 0.28365384615384615 0.1466346153846154
4 0.5685096153846154 0.9423076923076923 0.2620192307692308 0.11057692307692307
4 0.30288461538461536 0.953125 0.21153846153846154 0.0889423076923077
4 0.10697115384615384 0.9387019230769231 0.21153846153846154 0.11778846153846154
4 0.3088942307692308 0.9158653846153846 0.25721153846153844 0.16105769230769232
4 0.35216346153846156 0.7896634615384616 0.14903846153846154 0.10096153846153846
4 0.13341346153846154 0.8509615384615384 0.25721153846153844 0.11778846153846154
4 0.17427884615384615 0.7584134615384616 0.20673076923076922 0.08413461538461539
4 0.34375 0.7439903846153846 0.15384615384615385 0.0673076923076923
4 0.5492788461538461 0.6778846153846154 0.19230769230769232 0.0985576923076923
4 0.8713942307692307 0.49759615384615385 0.15865384615384615 0.057692307692307696
4 0.9338942307692307 0.4074519230769231 0.1201923076923077 0.08653846153846154
4 0.9483173076923077 0.4891826923076923 0.09134615384615384 0.09134615384615384
4 0.8365384615384616 0.4266826923076923 0.17307692307692307 0.09134615384615384
4 0.8365384615384616 0.5036057692307693 0.0985576923076923 0.07692307692307693
4 0.7620192307692307 0.4855769230769231 0.09134615384615384 0.1346153846153846
4 0.9038461538461539 0.34375 0.18028846153846154 0.052884615384615384
4 0.8112980769230769 0.3329326923076923 0.07211538461538461 0.0625
4 0.7379807692307693 0.31850961538461536 0.07692307692307693 0.0625
4 0.6887019230769231 0.27403846153846156 0.0673076923076923 0.04807692307692308
4 0.8064903846153846 0.22596153846153846 0.23557692307692307 0.05048076923076923
4 0.7379807692307693 0.39783653846153844 0.07692307692307693 0.08413461538461539
4 0.6935096153846154 0.41947115384615385 0.07692307692307693 0.09134615384615384
4 0.6586538461538461 0.46033653846153844 0.13701923076923078 0.08413461538461539
4 0.7019230769230769 0.546875 0.19230769230769232 0.12740384615384615
4 0.5384615384615384 0.5612980769230769 0.13701923076923078 0.10576923076923077
4 0.36658653846153844 0.6802884615384616 0.17307692307692307 0.13942307692307693
4 0.2127403846153846 0.6995192307692307 0.1875 0.0673076923076923
4 0.24639423076923078 0.6442307692307693 0.16346153846153846 0.08173076923076923
4 0.26802884615384615 0.5745192307692307 0.15384615384615385 0.07211538461538461
4 0.40384615384615385 0.5180288461538461 0.15384615384615385 0.07692307692307693
4 0.4098557692307692 0.5673076923076923 0.12980769230769232 0.08173076923076923
4 0.45913461538461536 0.4651442307692308 0.08653846153846154 0.05048076923076923
4 0.5492788461538461 0.4651442307692308 0.125 0.07211538461538461
4 0.546875 0.41225961538461536 0.0985576923076923 0.0625
4 0.6310096153846154 0.40384615384615385 0.08173076923076923 0.06490384615384616
4 0.6394230769230769 0.3557692307692308 0.0673076923076923 0.057692307692307696
4 0.5432692307692307 0.3605769230769231 0.07211538461538461 0.036057692307692304
4 0.4891826923076923 0.3798076923076923 0.07211538461538461 0.04807692307692308
4 0.4639423076923077 0.42908653846153844 0.07692307692307693 0.05048076923076923
4 0.4338942307692308 0.3894230769230769 0.08173076923076923 0.057692307692307696
4 0.38221153846153844 0.44591346153846156 0.1201923076923077 0.0673076923076923
4 0.3137019230769231 0.5180288461538461 0.11538461538461539 0.0673076923076923
4 0.23798076923076922 0.5348557692307693 0.125 0.10096153846153846
4 0.12259615384615384 0.6129807692307693 0.19230769230769232 0.08413461538461539
4 0.09495192307692307 0.6538461538461539 0.18509615384615385 0.052884615384615384
4 0.07692307692307693 0.7295673076923077 0.15384615384615385 0.14182692307692307
4 0.042067307692307696 0.5841346153846154 0.07932692307692307 0.10096153846153846
4 0.109375 0.5504807692307693 0.15384615384615385 0.0985576923076923
4 0.06850961538461539 0.5036057692307693 0.09134615384615384 0.0625
4 0.16947115384615385 0.4651442307692308 0.08653846153846154 0.07211538461538461
4 0.24879807692307693 0.47115384615384615 0.125 0.07692307692307693
4 0.2980769230769231 0.4362980769230769 0.07211538461538461 0.04326923076923077
4 0.30288461538461536 0.39783653846153844 0.19230769230769232 0.07692307692307693
4 0.15865384615384615 0.3762019230769231 0.0985576923076923 0.04807692307692308
4 0.07692307692307693 0.40865384615384615 0.15384615384615385 0.0673076923076923
4 0.1141826923076923 0.4423076923076923 0.17307692307692307 0.07692307692307693
4 0.039663461538461536 0.5096153846153846 0.07451923076923077 0.125
4 0.5576923076923077 0.32211538461538464 0.0673076923076923 0.038461538461538464
4 0.5324519230769231 0.30408653846153844 0.038461538461538464 0.03365384615384615
4 0.6225961538461539 0.29447115384615385 0.052884615384615384 0.05048076923076923
4 0.26802884615384615 0.30528846153846156 0.17307692307692307 0.08653846153846154