4 0.7896634615384616 0.9122596153846154 0.40865384615384615 0.16826923076923078
4 0.890625 0.7632211538461539 0.20673076923076922 0.1971153846153846
4 0.8365384615384616 0.5841346153846154 0.3173076923076923 0.2668269230769231
4 0.8329326923076923 0.25961538461538464 0.32211538461538464 0.23798076923076922
4 0.9326923076923077 0.06009615384615385 0.125 0.11538461538461539
4 0.6334134615384616 0.06129807692307692 0.3629807692307692 0.11778846153846154
4 0.41225961538461536 0.26322115384615385 0.4326923076923077 0.28125
4 0.5276442307692307 0.4855769230769231 0.34375 0.23076923076923078
4 0.546875 0.6310096153846154 0.23076923076923078 0.15625
4 0.36658653846153844 0.6875 0.38221153846153844 0.24759615384615385
4 0.32211538461538464 0.875 0.41586538461538464 0.24519230769230768
4 0.08052884615384616 0.8605769230769231 0.15625 0.2403846153846154
4 0.12980769230769232 0.4639423076923077 0.2548076923076923 0.24519230769230768
4 0.08653846153846154 0.14302884615384615 0.16826923076923078 0.2860576923076923