4 0.17548076923076922 0.5132211538461539 0.3389423076923077 0.2692307692307692
4 0.4326923076923077 0.8028846153846154 0.8509615384615384 0.2860576923076923
4 0.7283653846153846 0.6682692307692307 0.38221153846153844 0.22596153846153846
4 0.5216346153846154 0.6646634615384616 0.7980769230769231 0.2283653846153846
4 0.6177884615384616 0.44711538461538464 0.3942307692307692 0.2548076923076923
4 0.5036057692307693 0.4423076923076923 0.6346153846153846 0.24519230769230768
4 0.8713942307692307 0.4831730769230769 0.25240384615384615 0.14423076923076922
4 0.7536057692307693 0.2704326923076923 0.3317307692307692 0.22115384615384615
4 0.6730769230769231 0.2692307692307692 0.4807692307692308 0.21153846153846154
4 0.25 0.24879807692307693 0.4879807692307692 0.2548076923076923
4 0.33653846153846156 0.15865384615384615 0.5745192307692307 0.14423076923076922