4 0.5024038461538461 0.21995192307692307 0.1971153846153846 0.11298076923076923
4 0.453125 0.06370192307692307 0.20673076923076922 0.1201923076923077
4 0.7487980769230769 0.04326923076923077 0.1875 0.08173076923076923
4 0.71875 0.16346153846153846 0.23557692307692307 0.15865384615384615
4 0.9182692307692307 0.08774038461538461 0.15384615384615385 0.11538461538461539
4 0.18870192307692307 0.125 0.16826923076923078 0.11298076923076923
4 0.06009615384615385 0.06850961538461539 0.1201923076923077 0.12980769230769232
4 0.09014423076923077 0.32211538461538464 0.18028846153846154 0.14182692307692307
4 0.09014423076923077 0.5360576923076923 0.18028846153846154 0.16346153846153846
4 0.13341346153846154 0.9423076923076923 0.20432692307692307 0.11057692307692307
4 0.5733173076923077 0.9747596153846154 0.2091346153846154 0.04567307692307692
4 0.5901442307692307 0.5504807692307693 0.3076923076923077 0.14903846153846154
4 0.5925480769230769 0.5432692307692307 0.8028846153846154 0.7307692307692307