4 0.2512019230769231 0.7235576923076923 0.49278846153846156 0.5216346153846154
4 0.2824519230769231 0.234375 0.4735576923076923 0.46875
4 0.5973557692307693 0.7079326923076923 0.2620192307692308 0.4375
4 0.46875 0.4807692307692308 0.13942307692307693 0.11057692307692307
4 0.5745192307692307 0.28725961538461536 0.14423076923076922 0.40384615384615385
4 0.7103365384615384 0.29927884615384615 0.12980769230769232 0.38221153846153844
4 0.7668269230769231 0.6911057692307693 0.10817307692307693 0.3942307692307692
4 0.8689903846153846 0.6850961538461539 0.10817307692307693 0.38221153846153844
4 0.9579326923076923 0.6754807692307693 0.07932692307692307 0.36538461538461536
4 0.8257211538461539 0.3125 0.10096153846153846 0.3557692307692308
4 0.9387019230769231 0.328125 0.11298076923076923 0.3245192307692308