4 0.19831730769230768 0.09975961538461539 0.38461538461538464 0.19230769230769232
4 0.25961538461538464 0.3942307692307692 0.5096153846153846 0.42788461538461536
4 0.028846153846153848 0.5769230769230769 0.04567307692307692 0.125
4 0.09134615384615384 0.8185096153846154 0.17307692307692307 0.3581730769230769
4 0.3942307692307692 0.7908653846153846 0.6634615384615384 0.41346153846153844
4 0.6069711538461539 0.19951923076923078 0.44711538461538464 0.3894230769230769
4 0.953125 0.5733173076923077 0.0889423076923077 0.22355769230769232
4 0.8629807692307693 0.16346153846153846 0.2692307692307692 0.32211538461538464
4 0.9110576923076923 0.27163461538461536 0.17307692307692307 0.2980769230769231
4 0.8353365384615384 0.8052884615384616 0.3293269230769231 0.38461538461538464
4 0.7235576923076923 0.47475961538461536 0.49759615384615385 0.41586538461538464