4 0.2764423076923077 0.2512019230769231 0.5216346153846154 0.49278846153846156
4 0.7644230769230769 0.28365384615384615 0.46634615384615385 0.47596153846153844
4 0.2920673076923077 0.5973557692307693 0.4375 0.2620192307692308
4 0.5192307692307693 0.46875 0.11057692307692307 0.13942307692307693
4 0.7127403846153846 0.5745192307692307 0.40384615384615385 0.14423076923076922
4 0.7007211538461539 0.7103365384615384 0.38221153846153844 0.12980769230769232
4 0.3088942307692308 0.7668269230769231 0.3942307692307692 0.10817307692307693
4 0.31490384615384615 0.8689903846153846 0.38221153846153844 0.10817307692307693
4 0.3245192307692308 0.9579326923076923 0.36538461538461536 0.07932692307692307
4 0.6875 0.8257211538461539 0.3557692307692308 0.10096153846153846
4 0.671875 0.9387019230769231 0.3245192307692308 0.11298076923076923