4 0.7259615384615384 0.6430288461538461 0.09615384615384616 0.07211538461538461
4 0.7103365384615384 0.515625 0.11778846153846154 0.07211538461538461
4 0.09014423076923077 0.8725961538461539 0.09615384615384616 0.07692307692307693
4 0.14302884615384615 0.9326923076923077 0.08173076923076923 0.08173076923076923
4 0.08413461538461539 0.9711538461538461 0.057692307692307696 0.05048076923076923
4 0.15144230769230768 0.9879807692307693 0.0673076923076923 0.016826923076923076
4 0.15384615384615385 0.8341346153846154 0.08173076923076923 0.07692307692307693
4 0.4338942307692308 0.8954326923076923 0.11778846153846154 0.08653846153846154
4 0.515625 0.9242788461538461 0.07692307692307693 0.07211538461538461
4 0.6045673076923077 0.9302884615384616 0.10096153846153846 0.06971153846153846
4 0.6850961538461539 0.9651442307692307 0.10817307692307693 0.0625
4 0.6814903846153846 0.8894230769230769 0.09134615384615384 0.08173076923076923
4 0.6382211538461539 0.8461538461538461 0.07692307692307693 0.04807692307692308
4 0.5793269230769231 0.8605769230769231 0.09134615384615384 0.04807692307692308
4 0.46634615384615385 0.9807692307692307 0.07211538461538461 0.03125
4 0.5132211538461539 0.9807692307692307 0.052884615384615384 0.03125
4 0.5612980769230769 0.9807692307692307 0.04567307692307692 0.03125
4 0.5456730769230769 0.8401442307692307 0.08653846153846154 0.04326923076923077
4 0.45072115384615385 0.84375 0.052884615384615384 0.03365384615384615
4 0.3125 0.9807692307692307 0.040865384615384616 0.03125
4 0.35336538461538464 0.9747596153846154 0.052884615384615384 0.04326923076923077
4 0.33052884615384615 0.8990384615384616 0.07692307692307693 0.04807692307692308
4 0.33052884615384615 0.9399038461538461 0.057692307692307696 0.026442307692307692
4 0.2620192307692308 0.9495192307692307 0.07211538461538461 0.0625
4 0.2644230769230769 0.8629807692307693 0.0673076923076923 0.0889423076923077
4 0.34375 0.8413461538461539 0.052884615384615384 0.04807692307692308
4 0.4050480769230769 0.8353365384615384 0.040865384615384616 0.026442307692307692