5 0.06490384615384616 0.9170673076923077 0.08413461538461539 0.15384615384615385
5 0.038461538461538464 0.8209134615384616 0.06971153846153846 0.34615384615384615
5 0.05048076923076923 0.6694711538461539 0.040865384615384616 0.052884615384615384
5 0.046875 0.6670673076923077 0.08653846153846154 0.15384615384615385
5 0.14423076923076922 0.6310096153846154 0.04807692307692308 0.06971153846153846
5 0.028846153846153848 0.5769230769230769 0.05048076923076923 0.10576923076923077
5 0.03485576923076923 0.47596153846153844 0.06490384615384616 0.10576923076923077
5 0.028846153846153848 0.3605769230769231 0.038461538461538464 0.10096153846153846
5 0.042067307692307696 0.24158653846153846 0.07692307692307693 0.18509615384615385
5 0.039663461538461536 0.10697115384615384 0.07451923076923077 0.1778846153846154
5 0.10697115384615384 0.11899038461538461 0.07451923076923077 0.20192307692307693
5 0.09495192307692307 0.27403846153846156 0.06490384615384616 0.09615384615384616
5 0.08653846153846154 0.35697115384615385 0.0673076923076923 0.15384615384615385
5 0.12379807692307693 0.43509615384615385 0.08173076923076923 0.1201923076923077
5 0.09975961538461539 0.5504807692307693 0.09375 0.125
5 0.13581730769230768 0.6670673076923077 0.0985576923076923 0.10576923076923077
5 0.13341346153846154 0.8125 0.10817307692307693 0.22115384615384615
5 0.08533653846153846 0.7620192307692307 0.04326923076923077 0.08173076923076923
5 0.1502403846153846 0.9375 0.08653846153846154 0.11298076923076923
5 0.1935096153846154 0.9735576923076923 0.06009615384615385 0.04326923076923077
5 0.23076923076923078 0.8629807692307693 0.16105769230769232 0.2620192307692308
5 0.25721153846153844 0.5564903846153846 0.15384615384615385 0.16105769230769232
5 0.3557692307692308 0.7055288461538461 0.23798076923076922 0.1971153846153846
5 0.21514423076923078 0.6814903846153846 0.06490384615384616 0.11298076923076923
5 0.21754807692307693 0.4735576923076923 0.17307692307692307 0.2692307692307692
5 0.21754807692307693 0.3605769230769231 0.2403846153846154 0.2692307692307692
5 0.31009615384615385 0.15384615384615385 0.3557692307692308 0.30288461538461536
5 0.21875 0.1141826923076923 0.25961538461538464 0.22355769230769232
5 0.17427884615384615 0.02283653846153846 0.10336538461538461 0.040865384615384616
5 0.47716346153846156 0.04807692307692308 0.028846153846153848 0.07211538461538461
5 0.31490384615384615 0.43509615384615385 0.04807692307692308 0.08173076923076923
5 0.38461538461538464 0.4699519230769231 0.03365384615384615 0.08173076923076923
5 0.3545673076923077 0.5949519230769231 0.04807692307692308 0.07211538461538461
5 0.3858173076923077 0.5769230769230769 0.10336538461538461 0.15384615384615385
5 0.5216346153846154 0.5600961538461539 0.3076923076923077 0.27403846153846156
5 0.33413461538461536 0.45552884615384615 0.08173076923076923 0.14903846153846154
5 0.2536057692307692 0.4110576923076923 0.1466346153846154 0.15625
5 0.41586538461538464 0.3954326923076923 0.04326923076923077 0.07692307692307693
5 0.49038461538461536 0.4050480769230769 0.1971153846153846 0.14423076923076922
5 0.6117788461538461 0.44591346153846156 0.13942307692307693 0.1778846153846154
5 0.5564903846153846 0.4579326923076923 0.04326923076923077 0.08173076923076923
5 0.4387019230769231 0.2764423076923077 0.2091346153846154 0.18509615384615385
5 0.38822115384615385 0.18990384615384615 0.18028846153846154 0.20192307692307693
5 0.9134615384615384 0.9122596153846154 0.16826923076923078 0.17067307692307693
5 0.78125 0.9639423076923077 0.09615384615384616 0.06009615384615385
5 0.7235576923076923 0.8665865384615384 0.09134615384615384 0.2548076923076923
5 0.6622596153846154 0.9675480769230769 0.07211538461538461 0.052884615384615384
5 0.6418269230769231 0.8329326923076923 0.08653846153846154 0.27403846153846156
5 0.5673076923076923 0.9230769230769231 0.10336538461538461 0.14423076923076922
5 0.48197115384615385 0.9555288461538461 0.08653846153846154 0.07692307692307693
5 0.39783653846153844 0.9519230769230769 0.038461538461538464 0.08173076923076923
5 0.3762019230769231 0.9735576923076923 0.057692307692307696 0.04326923076923077
5 0.43149038461538464 0.8040865384615384 0.14182692307692307 0.18990384615384615
5 0.34134615384615385 0.8954326923076923 0.07451923076923077 0.1971153846153846
5 0.28725961538461536 0.8425480769230769 0.09375 0.10096153846153846
5 0.5 0.8449519230769231 0.16346153846153846 0.2980769230769231
5 0.578125 0.6754807692307693 0.28846153846153844 0.20673076923076922
5 0.859375 0.7524038461538461 0.1346153846153846 0.4110576923076923
5 0.9266826923076923 0.7115384615384616 0.13942307692307693 0.1971153846153846
5 0.8689903846153846 0.5240384615384616 0.052884615384615384 0.1201923076923077
5 0.9459134615384616 0.4855769230769231 0.052884615384615384 0.07692307692307693
5 0.7704326923076923 0.2439903846153846 0.04326923076923077 0.08413461538461539
5 0.9567307692307693 0.08052884615384616 0.026442307692307692 0.0889423076923077
5 0.9362980769230769 0.03365384615384615 0.040865384615384616 0.0625
5 0.8713942307692307 0.1045673076923077 0.06971153846153846 0.10096153846153846
5 0.6850961538461539 0.20192307692307693 0.04807692307692308 0.07211538461538461
5 0.6057692307692307 0.039663461538461536 0.04807692307692308 0.07451923076923077
5 0.8689903846153846 0.5709134615384616 0.25961538461538464 0.18990384615384615
5 0.7007211538461539 0.43990384615384615 0.125 0.22596153846153846
5 0.640625 0.31490384615384615 0.07692307692307693 0.12980769230769232
5 0.578125 0.30408653846153844 0.052884615384615384 0.12980769230769232
5 0.515625 0.013221153846153846 0.040865384615384616 0.021634615384615384
5 0.5721153846153846 0.17548076923076922 0.17548076923076922 0.3269230769230769
5 0.6706730769230769 0.10096153846153846 0.13221153846153846 0.1778846153846154
5 0.7259615384615384 0.12259615384615384 0.12740384615384615 0.24519230769230768
5 0.7896634615384616 0.14423076923076922 0.11298076923076923 0.28365384615384615
5 0.8810096153846154 0.38341346153846156 0.18269230769230768 0.30288461538461536
5 0.9134615384615384 0.2776442307692308 0.16826923076923078 0.24759615384615385
5 0.9579326923076923 0.17548076923076922 0.07692307692307693 0.125
5 0.8846153846153846 0.0673076923076923 0.1971153846153846 0.12980769230769232
5 0.7175480769230769 0.33052884615384615 0.18269230769230768 0.1971153846153846
5 0.8161057692307693 0.44350961538461536 0.09375 0.125
5 0.5012019230769231 0.49759615384615385 0.9951923076923077 0.9951923076923077