5 0.5192307692307693 0.8449519230769231 0.7860576923076923 0.1201923076923077
5 0.14783653846153846 0.84375 0.057692307692307696 0.06009615384615385
5 0.11298076923076923 0.6947115384615384 0.0625 0.06009615384615385
5 0.09134615384615384 0.5540865384615384 0.06971153846153846 0.057692307692307696
5 0.08774038461538461 0.4110576923076923 0.0625 0.057692307692307696
5 0.13581730769230768 0.27524038461538464 0.14423076923076922 0.0625
5 0.3173076923076923 0.1346153846153846 0.057692307692307696 0.0673076923076923
5 0.4963942307692308 0.6983173076923077 0.8173076923076923 0.125
5 0.4807692307692308 0.5540865384615384 0.8605769230769231 0.125
5 0.4807692307692308 0.4110576923076923 0.8485576923076923 0.1201923076923077
5 0.4807692307692308 0.27884615384615385 0.8365384615384616 0.10817307692307693
5 0.5973557692307693 0.13822115384615385 0.6033653846153846 0.12980769230769232