5 0.8197115384615384 0.39903846153846156 0.10576923076923077 0.5649038461538461
5 0.7355769230769231 0.2764423076923077 0.07451923076923077 0.3942307692307692
5 0.6622596153846154 0.1875 0.07211538461538461 0.28846153846153844
5 0.5336538461538461 0.15625 0.13942307692307693 0.21634615384615385
5 0.39302884615384615 0.20192307692307693 0.06490384615384616 0.08653846153846154
5 0.3918269230769231 0.13822115384615385 0.12740384615384615 0.20192307692307693
5 0.3137019230769231 0.29086538461538464 0.09375 0.44711538461538464
5 0.20432692307692307 0.4879807692307692 0.15625 0.7788461538461539
5 0.2764423076923077 0.5889423076923077 0.12980769230769232 0.75
5 0.3713942307692308 0.48197115384615385 0.1346153846153846 0.7908653846153846
5 0.4639423076923077 0.5216346153846154 0.038461538461538464 0.07211538461538461
5 0.4675480769230769 0.33774038461538464 0.08413461538461539 0.4423076923076923
5 0.43990384615384615 0.5985576923076923 0.1346153846153846 0.7163461538461539
5 0.5264423076923077 0.53125 0.125 0.7067307692307693
5 0.6057692307692307 0.5576923076923077 0.12740384615384615 0.7980769230769231
5 0.6081730769230769 0.3125 0.08173076923076923 0.47836538461538464
5 0.6838942307692307 0.4387019230769231 0.10576923076923077 0.6322115384615384
5 0.7644230769230769 0.5336538461538461 0.13942307692307693 0.8461538461538461