5 0.8425480769230769 0.78125 0.15865384615384615 0.4230769230769231
5 0.9591346153846154 0.8197115384615384 0.07692307692307693 0.34615384615384615
5 0.8112980769230769 0.5168269230769231 0.25 0.4230769230769231
5 0.9591346153846154 0.5204326923076923 0.07692307692307693 0.44471153846153844
5 0.8569711538461539 0.20793269230769232 0.1201923076923077 0.3317307692307692
5 0.9362980769230769 0.24278846153846154 0.12259615384615384 0.4855769230769231
5 0.9627403846153846 0.08413461538461539 0.06971153846153846 0.16826923076923078
5 0.7487980769230769 0.11177884615384616 0.24759615384615385 0.22355769230769232
5 0.6838942307692307 0.17668269230769232 0.19230769230769232 0.3125
5 0.7512019230769231 0.3545673076923077 0.14423076923076922 0.30528846153846156
5 0.6574519230769231 0.4543269230769231 0.08653846153846154 0.2692307692307692
5 0.5516826923076923 0.23677884615384615 0.15144230769230768 0.4735576923076923
5 0.4951923076923077 0.5769230769230769 0.27163461538461536 0.5552884615384616
5 0.6262019230769231 0.8161057692307693 0.20673076923076922 0.3557692307692308
5 0.6995192307692307 0.7920673076923077 0.1658653846153846 0.40384615384615385
5 0.3473557692307692 0.7848557692307693 0.1875 0.4182692307692308
5 0.4651442307692308 0.8052884615384616 0.14903846153846154 0.375
5 0.28846153846153844 0.31971153846153844 0.3701923076923077 0.6394230769230769
5 0.49399038461538464 0.08413461538461539 0.10817307692307693 0.16826923076923078
5 0.1141826923076923 0.2956730769230769 0.19471153846153846 0.5913461538461539
5 0.16105769230769232 0.78125 0.24278846153846154 0.4230769230769231
5 0.09615384615384616 0.6838942307692307 0.19230769230769232 0.6177884615384616
5 0.03485576923076923 0.25 0.0673076923076923 0.44471153846153844
5 0.07211538461538461 0.0673076923076923 0.14423076923076922 0.1346153846153846
5 0.4987980769230769 0.4963942307692308 0.9975961538461539 0.9927884615384616