5 0.9423076923076923 0.1045673076923077 0.11057692307692307 0.2091346153846154
5 0.8713942307692307 0.12259615384615384 0.06971153846153846 0.17307692307692307
5 0.8016826923076923 0.14302884615384615 0.06971153846153846 0.16826923076923078
5 0.5817307692307693 0.1814903846153846 0.10336538461538461 0.20673076923076922
5 0.4855769230769231 0.11057692307692307 0.09615384615384616 0.22115384615384615
5 0.48197115384615385 0.2920673076923077 0.12980769230769232 0.20192307692307693
5 0.11658653846153846 0.17908653846153846 0.1201923076923077 0.18990384615384615
5 0.078125 0.8894230769230769 0.14423076923076922 0.20673076923076922
5 0.21634615384615385 0.9639423076923077 0.07211538461538461 0.06009615384615385
5 0.21033653846153846 0.8509615384615384 0.1346153846153846 0.20192307692307693
5 0.13822115384615385 0.8329326923076923 0.10336538461538461 0.1778846153846154
5 0.1346153846153846 0.6959134615384616 0.14423076923076922 0.21394230769230768
5 0.06129807692307692 0.6610576923076923 0.09615384615384616 0.1658653846153846
5 0.046875 0.7884615384615384 0.03365384615384615 0.0889423076923077
5 0.03365384615384615 0.5600961538461539 0.06009615384615385 0.2620192307692308
5 0.09615384615384616 0.4639423076923077 0.1346153846153846 0.22596153846153846
5 0.06009615384615385 0.32091346153846156 0.08173076923076923 0.14423076923076922
5 0.026442307692307692 0.30408653846153844 0.04807692307692308 0.14423076923076922
5 0.03125 0.18990384615384615 0.057692307692307696 0.12980769230769232
5 0.056490384615384616 0.10096153846153846 0.06009615384615385 0.12980769230769232
5 0.013221153846153846 0.07692307692307693 0.021634615384615384 0.10576923076923077
5 0.14783653846153846 0.057692307692307696 0.11778846153846154 0.11057692307692307
5 0.2704326923076923 0.11057692307692307 0.10576923076923077 0.1971153846153846
5 0.28365384615384615 0.30408653846153844 0.10817307692307693 0.21394230769230768
5 0.18028846153846154 0.36658653846153844 0.11298076923076923 0.18509615384615385
5 0.19831730769230768 0.5264423076923077 0.09615384615384616 0.13701923076923078
5 0.28365384615384615 0.5829326923076923 0.1201923076923077 0.22596153846153846
5 0.24158653846153846 0.6935096153846154 0.07692307692307693 0.11298076923076923
5 0.35336538461538464 0.6959134615384616 0.1346153846153846 0.27403846153846156
5 0.34975961538461536 0.8185096153846154 0.11298076923076923 0.16105769230769232
5 0.3137019230769231 0.9579326923076923 0.11298076923076923 0.07211538461538461
5 0.3112980769230769 0.8954326923076923 0.11778846153846154 0.10096153846153846
5 0.3954326923076923 0.49759615384615385 0.10336538461538461 0.17307692307692307
5 0.36658653846153844 0.4074519230769231 0.08173076923076923 0.13701923076923078
5 0.3581730769230769 0.24759615384615385 0.08413461538461539 0.17307692307692307
5 0.36899038461538464 0.08533653846153846 0.0985576923076923 0.1658653846153846
5 0.6117788461538461 0.06971153846153846 0.15144230769230768 0.1346153846153846
5 0.7163461538461539 0.04807692307692308 0.10096153846153846 0.09615384615384616
5 0.7115384615384616 0.16706730769230768 0.14423076923076922 0.22596153846153846
5 0.7211538461538461 0.4050480769230769 0.1971153846153846 0.32211538461538464
5 0.6334134615384616 0.43509615384615385 0.08653846153846154 0.16826923076923078
5 0.671875 0.7079326923076923 0.10336538461538461 0.16826923076923078
5 0.6538461538461539 0.6105769230769231 0.08173076923076923 0.16105769230769232
5 0.5829326923076923 0.6790865384615384 0.125 0.3317307692307692
5 0.5600961538461539 0.9134615384615384 0.10576923076923077 0.16105769230769232
5 0.47475961538461536 0.9170673076923077 0.07692307692307693 0.15384615384615385
5 0.4230769230769231 0.8990384615384616 0.11298076923076923 0.18990384615384615
5 0.46634615384615385 0.7704326923076923 0.10096153846153846 0.16105769230769232
5 0.46274038461538464 0.6274038461538461 0.10096153846153846 0.17307692307692307
5 0.4567307692307692 0.4735576923076923 0.08653846153846154 0.17307692307692307
5 0.546875 0.4639423076923077 0.11298076923076923 0.20192307692307693
5 0.5829326923076923 0.38100961538461536 0.09375 0.15384615384615385
5 0.9507211538461539 0.3449519230769231 0.09375 0.18028846153846154
5 0.8377403846153846 0.4074519230769231 0.14903846153846154 0.2932692307692308
5 0.7536057692307693 0.5925480769230769 0.1466346153846154 0.1971153846153846
5 0.9050480769230769 0.6310096153846154 0.15625 0.27403846153846156
5 0.9230769230769231 0.71875 0.14903846153846154 0.3557692307692308
5 0.8497596153846154 0.8870192307692307 0.07211538461538461 0.21394230769230768
5 0.7632211538461539 0.8665865384615384 0.15865384615384615 0.2548076923076923
5 0.9254807692307693 0.9375 0.07692307692307693 0.11298076923076923
5 0.6502403846153846 0.8834134615384616 0.09375 0.22115384615384615
5 0.7728365384615384 0.7415865384615384 0.125 0.18509615384615385
5 0.5012019230769231 0.49759615384615385 0.9951923076923077 0.9951923076923077