5 0.4230769230769231 0.4519230769230769 0.7211538461538461 0.4951923076923077
5 0.6189903846153846 0.12740384615384615 0.7524038461538461 0.24759615384615385
5 0.7860576923076923 0.23197115384615385 0.4182692307692308 0.30288461538461536
5 0.8245192307692307 0.5168269230769231 0.34134615384615385 0.34615384615384615
5 0.8557692307692307 0.7680288461538461 0.27884615384615385 0.22355769230769232
5 0.8786057692307693 0.90625 0.23317307692307693 0.18269230769230768
5 0.5408653846153846 0.8185096153846154 0.5817307692307693 0.3581730769230769
5 0.19951923076923078 0.9459134615384616 0.3125 0.10336538461538461
4 0.21875 0.8052884615384616 0.2932692307692308 0.28365384615384615
4 0.20552884615384615 0.5144230769230769 0.40625 0.34615384615384615
4 0.12740384615384615 0.18389423076923078 0.25 0.35336538461538464