5 0.36177884615384615 0.96875 0.28365384615384615 0.057692307692307696
5 0.6153846153846154 0.8978365384615384 0.7572115384615384 0.1971153846153846
5 0.6298076923076923 0.7608173076923077 0.7283653846153846 0.28125
5 0.6526442307692307 0.5420673076923077 0.6826923076923077 0.41586538461538464
5 0.34975961538461536 0.6694711538461539 0.2932692307692308 0.1201923076923077
5 0.4182692307692308 0.4987980769230769 0.37259615384615385 0.21634615384615385
5 0.6322115384615384 0.25721153846153844 0.7235576923076923 0.3317307692307692
5 0.41225961538461536 0.359375 0.3942307692307692 0.14903846153846154
5 0.6153846153846154 0.11298076923076923 0.7572115384615384 0.22596153846153846
5 0.40625 0.038461538461538464 0.3942307692307692 0.07692307692307693
5 0.26802884615384615 0.9723557692307693 0.08653846153846154 0.05048076923076923
5 0.2848557692307692 0.8834134615384616 0.08653846153846154 0.1201923076923077
5 0.31971153846153844 0.7247596153846154 0.1201923076923077 0.1346153846153846
5 0.24519230769230768 0.6706730769230769 0.08653846153846154 0.11538461538461539
5 0.38100961538461536 0.5456730769230769 0.12980769230769232 0.16346153846153846
5 0.28846153846153844 0.5108173076923077 0.09134615384615384 0.125
5 0.33052884615384615 0.28365384615384615 0.10576923076923077 0.14423076923076922
5 0.25721153846153844 0.34134615384615385 0.08653846153846154 0.1201923076923077
5 0.2800480769230769 0.1466346153846154 0.09615384615384616 0.12980769230769232
5 0.25721153846153844 0.019230769230769232 0.08653846153846154 0.038461538461538464