5 0.8701923076923077 0.36778846153846156 0.08413461538461539 0.4423076923076923
5 0.7824519230769231 0.46274038461538464 0.10576923076923077 0.6634615384615384
5 0.6887019230769231 0.46274038461538464 0.125 0.6971153846153846
5 0.5829326923076923 0.3786057692307692 0.10336538461538461 0.47596153846153844
5 0.47115384615384615 0.4951923076923077 0.2091346153846154 0.6634615384615384
5 0.35216346153846156 0.3545673076923077 0.08173076923076923 0.41586538461538464
5 0.26322115384615385 0.49759615384615385 0.10336538461538461 0.6394230769230769
5 0.16105769230769232 0.484375 0.11778846153846154 0.6634615384615384
5 0.09375 0.359375 0.09134615384615384 0.44711538461538464
5 0.8713942307692307 0.5649038461538461 0.04326923076923077 0.04807692307692308
5 0.7716346153846154 0.7620192307692307 0.04807692307692308 0.06490384615384616
5 0.6983173076923077 0.7896634615384616 0.055288461538461536 0.052884615384615384
5 0.5865384615384616 0.5649038461538461 0.04326923076923077 0.10096153846153846
5 0.4963942307692308 0.7896634615384616 0.13701923076923078 0.08653846153846154
5 0.3557692307692308 0.5408653846153846 0.04326923076923077 0.052884615384615384
5 0.25961538461538464 0.7896634615384616 0.04326923076923077 0.06490384615384616
5 0.16826923076923078 0.7896634615384616 0.052884615384615384 0.052884615384615384
5 0.09014423076923077 0.5649038461538461 0.04807692307692308 0.04807692307692308