5 0.8064903846153846 0.38461538461538464 0.28365384615384615 0.6730769230769231
5 0.84375 0.5997596153846154 0.3076923076923077 0.6995192307692307
5 0.9423076923076923 0.7475961538461539 0.11057692307692307 0.375
5 0.2283653846153846 0.7620192307692307 0.42788461538461536 0.3798076923076923
5 0.11298076923076923 0.7115384615384616 0.15384615384615385 0.47115384615384615
5 0.35096153846153844 0.5504807692307693 0.375 0.5144230769230769
5 0.5889423076923077 0.578125 0.20432692307692307 0.7379807692307693
5 0.5889423076923077 0.7836538461538461 0.30288461538461536 0.25
5 0.4483173076923077 0.203125 0.43509615384615385 0.40625
5 0.23557692307692307 0.24639423076923078 0.46634615384615385 0.49038461538461536
5 0.12259615384615384 0.13701923076923078 0.2403846153846154 0.27403846153846156
5 0.9447115384615384 0.11899038461538461 0.10576923076923077 0.23798076923076922
5 0.8064903846153846 0.109375 0.17067307692307693 0.21875