5 0.8858173076923077 0.359375 0.1201923076923077 0.6105769230769231
5 0.8858173076923077 0.6370192307692307 0.052884615384615384 0.0673076923076923
5 0.7319711538461539 0.6045673076923077 0.057692307692307696 0.1201923076923077
5 0.7295673076923077 0.3629807692307692 0.1201923076923077 0.6057692307692307
5 0.5817307692307693 0.36538461538461536 0.11298076923076923 0.6201923076923077
5 0.5793269230769231 0.6346153846153846 0.05048076923076923 0.08173076923076923
5 0.43149038461538464 0.6237980769230769 0.057692307692307696 0.09375
5 0.42908653846153844 0.359375 0.11298076923076923 0.6105769230769231
5 0.25721153846153844 0.6286057692307693 0.05048076923076923 0.07211538461538461
5 0.2608173076923077 0.36538461538461536 0.11538461538461539 0.5985576923076923
5 0.10096153846153846 0.6286057692307693 0.05048076923076923 0.09375
5 0.10336538461538461 0.36778846153846156 0.11298076923076923 0.6153846153846154