5 0.11177884615384616 0.18269230769230768 0.11538461538461539 0.07692307692307693
5 0.020432692307692308 0.2512019230769231 0.036057692307692304 0.07451923076923077
5 0.05048076923076923 0.28125 0.08653846153846154 0.057692307692307696
5 0.08533653846153846 0.23197115384615385 0.052884615384615384 0.040865384615384616
5 0.11778846153846154 0.26802884615384615 0.057692307692307696 0.07211538461538461
5 0.1622596153846154 0.23677884615384615 0.052884615384615384 0.07211538461538461
5 0.19831730769230768 0.23197115384615385 0.03365384615384615 0.040865384615384616
5 0.2283653846153846 0.18870192307692307 0.0625 0.04807692307692308
5 0.22956730769230768 0.15985576923076922 0.019230769230769232 0.021634615384615384
5 0.25841346153846156 0.14903846153846154 0.052884615384615384 0.040865384615384616
5 0.2824519230769231 0.1622596153846154 0.04807692307692308 0.036057692307692304
5 0.30649038461538464 0.1466346153846154 0.026442307692307692 0.057692307692307696
5 0.3317307692307692 0.14903846153846154 0.04807692307692308 0.10336538461538461
5 0.34975961538461536 0.08533653846153846 0.026442307692307692 0.04807692307692308
5 0.3786057692307692 0.0673076923076923 0.06971153846153846 0.08173076923076923
5 0.4170673076923077 0.054086538461538464 0.052884615384615384 0.036057692307692304
5 0.453125 0.06129807692307692 0.05048076923076923 0.052884615384615384
5 0.5072115384615384 0.046875 0.05048076923076923 0.052884615384615384
5 0.5504807692307693 0.0673076923076923 0.08173076923076923 0.07211538461538461
5 0.5925480769230769 0.051682692307692304 0.0673076923076923 0.09134615384615384
5 0.6286057692307693 0.009615384615384616 0.026442307692307692 0.014423076923076924
5 0.6466346153846154 0.05889423076923077 0.04326923076923077 0.07692307692307693
5 0.6814903846153846 0.07451923076923077 0.057692307692307696 0.0673076923076923
5 0.7223557692307693 0.10817307692307693 0.09134615384615384 0.08173076923076923
5 0.7127403846153846 0.12860576923076922 0.05048076923076923 0.052884615384615384
5 0.7860576923076923 0.07692307692307693 0.04326923076923077 0.040865384615384616
5 0.7379807692307693 0.07451923076923077 0.0625 0.057692307692307696
5 0.7079326923076923 0.04326923076923077 0.05048076923076923 0.04807692307692308
5 0.6875 0.027644230769230768 0.07692307692307693 0.05048076923076923
5 0.7524038461538461 0.019230769230769232 0.07211538461538461 0.03365384615384615
5 0.8341346153846154 0.028846153846153848 0.08653846153846154 0.057692307692307696
5 0.8882211538461539 0.028846153846153848 0.052884615384615384 0.057692307692307696
5 0.9579326923076923 0.038461538461538464 0.07692307692307693 0.057692307692307696
5 0.9651442307692307 0.09495192307692307 0.0625 0.09615384615384616
5 0.9290865384615384 0.11538461538461539 0.1346153846153846 0.1201923076923077
5 0.8762019230769231 0.11298076923076923 0.07692307692307693 0.09134615384615384
5 0.8257211538461539 0.08533653846153846 0.052884615384615384 0.04807692307692308
5 0.9050480769230769 0.18870192307692307 0.07211538461538461 0.07692307692307693
5 0.9627403846153846 0.21394230769230768 0.0673076923076923 0.0673076923076923
5 0.96875 0.2608173076923077 0.052884615384615384 0.0673076923076923
5 0.9783653846153846 0.29086538461538464 0.03365384615384615 0.036057692307692304
5 0.7872596153846154 0.3786057692307692 0.20192307692307693 0.1201923076923077
5 0.8846153846153846 0.3942307692307692 0.10096153846153846 0.09615384615384616
5 0.9711538461538461 0.4387019230769231 0.05048076923076923 0.125
5 0.9747596153846154 0.47475961538461536 0.026442307692307692 0.019230769230769232
5 0.9675480769230769 0.5048076923076923 0.026442307692307692 0.040865384615384616
5 0.9194711538461539 0.47115384615384615 0.125 0.08653846153846154
5 0.9903846153846154 0.5072115384615384 0.01201923076923077 0.04807692307692308
5 0.9519230769230769 0.39903846153846156 0.0889423076923077 0.07692307692307693
5 0.9747596153846154 0.33533653846153844 0.04326923076923077 0.040865384615384616
5 0.8978365384615384 0.28125 0.11057692307692307 0.07692307692307693
5 0.8942307692307693 0.32211538461538464 0.07211538461538461 0.057692307692307696
5 0.8149038461538461 0.31490384615384615 0.09134615384615384 0.08413461538461539
5 0.9483173076923077 0.5612980769230769 0.09615384615384616 0.1346153846153846
5 0.8990384615384616 0.6286057692307693 0.19230769230769232 0.1658653846153846
5 0.9326923076923077 0.8064903846153846 0.12740384615384615 0.17067307692307693
5 0.8918269230769231 0.8653846153846154 0.038461538461538464 0.052884615384615384
5 0.7415865384615384 0.8629807692307693 0.12980769230769232 0.22115384615384615
5 0.875 0.9663461538461539 0.1658653846153846 0.057692307692307696
5 0.9651442307692307 0.9206730769230769 0.0625 0.14903846153846154
5 0.828125 0.9278846153846154 0.14903846153846154 0.11298076923076923
5 0.9038461538461539 0.7680288461538461 0.18509615384615385 0.21634615384615385
5 0.7776442307692307 0.7247596153846154 0.1346153846153846 0.09615384615384616
5 0.7932692307692307 0.6009615384615384 0.07211538461538461 0.14903846153846154
5 0.7355769230769231 0.6394230769230769 0.12740384615384615 0.14423076923076922
5 0.7548076923076923 0.6033653846153846 0.05048076923076923 0.0625
5 0.6790865384615384 0.5180288461538461 0.08653846153846154 0.09615384615384616
5 0.7319711538461539 0.5288461538461539 0.04326923076923077 0.07692307692307693
5 0.7620192307692307 0.5108173076923077 0.019230769230769232 0.03125
5 0.7932692307692307 0.5132211538461539 0.04326923076923077 0.0673076923076923
5 0.859375 0.53125 0.08173076923076923 0.0625
5 0.8353365384615384 0.47716346153846156 0.08173076923076923 0.07692307692307693
5 0.6646634615384616 0.4098557692307692 0.08653846153846154 0.10817307692307693
5 0.7127403846153846 0.4050480769230769 0.05048076923076923 0.08653846153846154
5 0.6310096153846154 0.46634615384615385 0.07211538461538461 0.04807692307692308
5 0.5925480769230769 0.47716346153846156 0.10576923076923077 0.12980769230769232
5 0.6526442307692307 0.6129807692307693 0.06971153846153846 0.20673076923076922
5 0.6838942307692307 0.7680288461538461 0.0625 0.08173076923076923
5 0.7103365384615384 0.6850961538461539 0.0625 0.08173076923076923
5 0.671875 0.8990384615384616 0.10817307692307693 0.19230769230769232
5 0.6009615384615384 0.8786057692307693 0.10336538461538461 0.1201923076923077
5 0.6045673076923077 0.7632211538461539 0.09615384615384616 0.125
5 0.5793269230769231 0.6189903846153846 0.13942307692307693 0.18509615384615385
5 0.5444711538461539 0.7007211538461539 0.052884615384615384 0.11298076923076923
5 0.4807692307692308 0.9074519230769231 0.1346153846153846 0.17548076923076922
5 0.5252403846153846 0.8329326923076923 0.03125 0.036057692307692304
5 0.5372596153846154 0.9435096153846154 0.06971153846153846 0.10336538461538461
5 0.5540865384615384 0.9663461538461539 0.03365384615384615 0.057692307692307696
5 0.32572115384615385 0.9711538461538461 0.03365384615384615 0.04807692307692308
5 0.4338942307692308 0.8786057692307693 0.25240384615384615 0.23076923076923078
5 0.3798076923076923 0.8846153846153846 0.22115384615384615 0.22115384615384615
5 0.2608173076923077 0.9302884615384616 0.14423076923076922 0.12980769230769232
5 0.10576923076923077 0.9747596153846154 0.036057692307692304 0.040865384615384616
5 0.1778846153846154 0.9146634615384616 0.1778846153846154 0.15865384615384615
5 0.037259615384615384 0.9663461538461539 0.04326923076923077 0.057692307692307696
5 0.09014423076923077 0.9254807692307693 0.1346153846153846 0.13942307692307693
5 0.06009615384615385 0.8269230769230769 0.09615384615384616 0.22115384615384615
5 0.12139423076923077 0.8173076923076923 0.07211538461538461 0.08653846153846154
5 0.13942307692307693 0.7572115384615384 0.06971153846153846 0.08173076923076923
5 0.203125 0.6490384615384616 0.09615384615384616 0.15384615384615385
5 0.24519230769230768 0.5829326923076923 0.026442307692307692 0.03125
5 0.15625 0.6670673076923077 0.036057692307692304 0.036057692307692304
5 0.1201923076923077 0.6129807692307693 0.13942307692307693 0.07211538461538461
5 0.0889423076923077 0.6802884615384616 0.16346153846153846 0.07211538461538461
5 0.04447115384615385 0.7836538461538461 0.08413461538461539 0.13942307692307693
5 0.24519230769230768 0.8040865384615384 0.05048076923076923 0.07211538461538461
5 0.21754807692307693 0.6959134615384616 0.026442307692307692 0.019230769230769232
5 0.19471153846153846 0.7548076923076923 0.07211538461538461 0.15865384615384615
5 0.3016826923076923 0.7115384615384616 0.10096153846153846 0.09134615384615384
5 0.3557692307692308 0.7548076923076923 0.17067307692307693 0.21153846153846154
5 0.45913461538461536 0.6754807692307693 0.10817307692307693 0.17548076923076922
5 0.5036057692307693 0.5 0.17307692307692307 0.125
5 0.484375 0.5673076923076923 0.03365384615384615 0.040865384615384616
5 0.46274038461538464 0.5745192307692307 0.06971153846153846 0.0673076923076923
5 0.4170673076923077 0.6189903846153846 0.02403846153846154 0.040865384615384616
5 0.34375 0.6262019230769231 0.11538461538461539 0.10817307692307693
5 0.3088942307692308 0.6598557692307693 0.15384615384615385 0.17548076923076922
5 0.3605769230769231 0.5564903846153846 0.14423076923076922 0.09134615384615384
5 0.4014423076923077 0.5204326923076923 0.04807692307692308 0.040865384615384616
5 0.36538461538461536 0.4098557692307692 0.14423076923076922 0.20192307692307693
5 0.484375 0.3762019230769231 0.12740384615384615 0.08173076923076923
5 0.5444711538461539 0.4230769230769231 0.11538461538461539 0.09134615384615384
5 0.6153846153846154 0.3605769230769231 0.09615384615384616 0.08173076923076923
5 0.6622596153846154 0.29927884615384615 0.0889423076923077 0.09134615384615384
5 0.7355769230769231 0.296875 0.0673076923076923 0.07692307692307693
5 0.23557692307692307 0.5516826923076923 0.10817307692307693 0.0625
5 0.21394230769230768 0.5072115384615384 0.11057692307692307 0.07692307692307693
5 0.0889423076923077 0.5384615384615384 0.17307692307692307 0.15384615384615385
5 0.014423076923076924 0.6262019230769231 0.02403846153846154 0.07932692307692307
5 0.17427884615384615 0.43509615384615385 0.09375 0.14903846153846154
5 0.20432692307692307 0.36538461538461536 0.02403846153846154 0.019230769230769232
5 0.1201923076923077 0.484375 0.06971153846153846 0.09134615384615384
5 0.09254807692307693 0.39663461538461536 0.1466346153846154 0.07211538461538461
5 0.014423076923076924 0.4326923076923077 0.02403846153846154 0.04326923076923077
5 0.051682692307692304 0.45552884615384615 0.0985576923076923 0.06971153846153846
5 0.03125 0.36538461538461536 0.0625 0.07211538461538461
5 0.11538461538461539 0.33533653846153844 0.11538461538461539 0.052884615384615384
5 0.21033653846153846 0.3173076923076923 0.15865384615384615 0.0673076923076923
5 0.2512019230769231 0.4170673076923077 0.125 0.1346153846153846
5 0.046875 0.3088942307692308 0.09375 0.052884615384615384
5 0.26802884615384615 0.06850961538461539 0.13701923076923078 0.13221153846153846
5 0.2127403846153846 0.3173076923076923 0.15384615384615385 0.0673076923076923
5 0.25841346153846156 0.25 0.13221153846153846 0.0889423076923077
5 0.25841346153846156 0.29086538461538464 0.02403846153846154 0.036057692307692304
5 0.30649038461538464 0.27524038461538464 0.11298076923076923 0.057692307692307696
5 0.3918269230769231 0.24759615384615385 0.0673076923076923 0.09134615384615384
5 0.34615384615384615 0.2247596153846154 0.04326923076923077 0.04807692307692308
5 0.41466346153846156 0.16706730769230768 0.12740384615384615 0.08653846153846154
5 0.3786057692307692 0.12379807692307693 0.03125 0.03125
5 0.41346153846153844 0.11899038461538461 0.03125 0.03125
5 0.4326923076923077 0.10817307692307693 0.02403846153846154 0.052884615384615384
5 0.46274038461538464 0.10817307692307693 0.03125 0.03125
5 0.5324519230769231 0.09014423076923077 0.10817307692307693 0.10817307692307693
5 0.5420673076923077 0.1466346153846154 0.05048076923076923 0.0673076923076923
5 0.5853365384615384 0.15745192307692307 0.057692307692307696 0.09615384615384616
5 0.6310096153846154 0.13942307692307693 0.05048076923076923 0.07211538461538461
5 0.6947115384615384 0.16706730769230768 0.08653846153846154 0.0673076923076923
5 0.7584134615384616 0.20072115384615385 0.057692307692307696 0.052884615384615384
5 0.8161057692307693 0.15504807692307693 0.08173076923076923 0.09375
5 0.8112980769230769 0.22716346153846154 0.052884615384615384 0.09134615384615384
5 0.8509615384615384 0.21634615384615385 0.026442307692307692 0.03125
5 0.7139423076923077 0.22716346153846154 0.08653846153846154 0.052884615384615384
5 0.6334134615384616 0.21634615384615385 0.10817307692307693 0.1346153846153846
5 0.6081730769230769 0.2608173076923077 0.057692307692307696 0.07692307692307693
5 0.5072115384615384 0.29086538461538464 0.0889423076923077 0.09615384615384616
5 0.5540865384615384 0.25240384615384615 0.05048076923076923 0.0625
5 0.5769230769230769 0.29927884615384615 0.07211538461538461 0.07211538461538461
5 0.5096153846153846 0.25 0.06971153846153846 0.057692307692307696
5 0.5228365384615384 0.20072115384615385 0.0673076923076923 0.040865384615384616
5 0.46153846153846156 0.18269230769230768 0.12740384615384615 0.057692307692307696
5 0.44591346153846156 0.24759615384615385 0.05048076923076923 0.07211538461538461
5 0.4387019230769231 0.3112980769230769 0.0673076923076923 0.0673076923076923
5 0.5 0.5649038461538461 0.9951923076923077 0.8653846153846154
5 0.6646634615384616 0.09134615384615384 0.6658653846153846 0.1778846153846154