5 0.7427884615384616 0.2127403846153846 0.42788461538461536 0.24519230769230768
5 0.5901442307692307 0.19951923076923078 0.12980769230769232 0.10096153846153846
5 0.1141826923076923 0.25961538461538464 0.0985576923076923 0.0985576923076923
5 0.2704326923076923 0.21875 0.39903846153846156 0.23317307692307693
5 0.08413461538461539 0.5060096153846154 0.07211538461538461 0.08173076923076923
5 0.11778846153846154 0.7704326923076923 0.09134615384615384 0.09615384615384616
5 0.6033653846153846 0.8197115384615384 0.09134615384615384 0.09134615384615384
5 0.5685096153846154 0.5252403846153846 0.08653846153846154 0.08413461538461539
5 0.265625 0.5060096153846154 0.4326923076923077 0.2764423076923077
5 0.7427884615384616 0.5060096153846154 0.4375 0.2620192307692308
5 0.7463942307692307 0.7944711538461539 0.3557692307692308 0.19230769230769232
5 0.28725961538461536 0.7932692307692307 0.4206730769230769 0.2403846153846154