5 0.2644230769230769 0.14783653846153846 0.4951923076923077 0.18269230769230768
5 0.2824519230769231 0.046875 0.3269230769230769 0.08653846153846154
5 0.5324519230769231 0.04326923076923077 0.24519230769230768 0.08173076923076923
5 0.5480769230769231 0.19471153846153846 0.27403846153846156 0.23557692307692307
5 0.7319711538461539 0.1466346153846154 0.18990384615384615 0.1201923076923077
5 0.9122596153846154 0.13822115384615385 0.17067307692307693 0.17067307692307693
5 0.7524038461538461 0.07692307692307693 0.2548076923076923 0.1201923076923077
5 0.8569711538461539 0.2848557692307692 0.25 0.16826923076923078
5 0.9387019230769231 0.34975961538461536 0.11778846153846154 0.21394230769230768
5 0.8798076923076923 0.48197115384615385 0.23557692307692307 0.15144230769230768
5 0.7644230769230769 0.43990384615384615 0.31490384615384615 0.15865384615384615
5 0.5600961538461539 0.5228365384615384 0.2620192307692308 0.23317307692307693
5 0.5625 0.3762019230769231 0.14903846153846154 0.08173076923076923
5 0.4879807692307692 0.39302884615384615 0.04807692307692308 0.052884615384615384
5 0.3545673076923077 0.6538461538461539 0.30288461538461536 0.19951923076923078
5 0.16947115384615385 0.5829326923076923 0.3269230769230769 0.3798076923076923
5 0.0625 0.35697115384615385 0.11298076923076923 0.13942307692307693
5 0.11057692307692307 0.27163461538461536 0.20673076923076922 0.23557692307692307
5 0.14543269230769232 0.8665865384615384 0.28125 0.2620192307692308
5 0.375 0.8377403846153846 0.27403846153846156 0.23557692307692307
5 0.7199519230769231 0.7103365384615384 0.4182692307692308 0.375
5 0.9266826923076923 0.5757211538461539 0.14182692307692307 0.14182692307692307
5 0.9459134615384616 0.6995192307692307 0.10576923076923077 0.15384615384615385
5 0.9387019230769231 0.8112980769230769 0.11778846153846154 0.0889423076923077
5 0.9459134615384616 0.8870192307692307 0.10576923076923077 0.08653846153846154
5 0.8990384615384616 0.9423076923076923 0.20192307692307693 0.11057692307692307
5 0.6959134615384616 0.8701923076923077 0.3798076923076923 0.23317307692307693
5 0.7139423076923077 0.9651442307692307 0.2644230769230769 0.06490384615384616
5 0.4326923076923077 0.9350961538461539 0.3894230769230769 0.125
5 0.5012019230769231 0.5 0.9927884615384616 0.9951923076923077