5 0.5757211538461539 0.8329326923076923 0.057692307692307696 0.08413461538461539
5 0.12620192307692307 0.7379807692307693 0.038461538461538464 0.07211538461538461
5 0.046875 0.5336538461538461 0.038461538461538464 0.07211538461538461
5 0.039663461538461536 0.36177884615384615 0.04326923076923077 0.0673076923076923
5 0.19591346153846154 0.17548076923076922 0.04326923076923077 0.0673076923076923
5 0.5973557692307693 0.6550480769230769 0.04807692307692308 0.08413461538461539
5 0.5661057692307693 0.4795673076923077 0.04807692307692308 0.08173076923076923
5 0.6069711538461539 0.3088942307692308 0.04807692307692308 0.07692307692307693
5 0.6153846153846154 0.13942307692307693 0.04807692307692308 0.08413461538461539
5 0.30649038461538464 0.7355769230769231 0.39903846153846156 0.19230769230769232
5 0.25961538461538464 0.5336538461538461 0.46634615384615385 0.11538461538461539
5 0.2536057692307692 0.36177884615384615 0.46153846153846156 0.11057692307692307
5 0.33774038461538464 0.18269230769230768 0.31971153846153844 0.15865384615384615
5 0.7572115384615384 0.8425480769230769 0.41346153846153844 0.13942307692307693
5 0.7620192307692307 0.6598557692307693 0.37740384615384615 0.12980769230769232
5 0.7536057692307693 0.484375 0.41346153846153844 0.1346153846153846
5 0.7728365384615384 0.30408653846153844 0.375 0.12980769230769232
5 0.7776442307692307 0.14182692307692307 0.36538461538461536 0.14182692307692307