5 0.08173076923076923 0.2512019230769231 0.15865384615384615 0.49038461538461536
5 0.4579326923076923 0.7451923076923077 0.28365384615384615 0.375
5 0.4567307692307692 0.46875 0.47596153846153844 0.9278846153846154
5 0.06610576923076923 0.6622596153846154 0.12740384615384615 0.19471153846153846
5 0.1141826923076923 0.3798076923076923 0.22355769230769232 0.75
5 0.3245192307692308 0.6538461538461539 0.028846153846153848 0.22596153846153846
5 0.2860576923076923 0.39302884615384615 0.12740384615384615 0.7740384615384616
5 0.6454326923076923 0.6538461538461539 0.11057692307692307 0.1658653846153846
5 0.8112980769230769 0.7019230769230769 0.18990384615384615 0.2403846153846154
5 0.9495192307692307 0.6610576923076923 0.09615384615384616 0.15865384615384615
5 0.640625 0.48197115384615385 0.14423076923076922 0.5096153846153846
5 0.8112980769230769 0.4110576923076923 0.35096153846153844 0.8100961538461539
5 0.9375 0.3713942307692308 0.1201923076923077 0.7331730769230769