5 0.2920673076923077 0.8197115384615384 0.5552884615384616 0.27403846153846156
5 0.25721153846153844 0.5817307692307693 0.4567307692307692 0.15865384615384615
5 0.453125 0.5841346153846154 0.06490384615384616 0.08653846153846154
5 0.5552884615384616 0.8173076923076923 0.028846153846153848 0.055288461538461536
5 0.234375 0.4074519230769231 0.40384615384615385 0.15384615384615385
5 0.4074519230769231 0.41225961538461536 0.055288461538461536 0.08653846153846154
5 0.21995192307692307 0.26802884615384615 0.38461538461538464 0.11538461538461539
5 0.390625 0.265625 0.04326923076923077 0.07692307692307693
5 0.20552884615384615 0.11538461538461539 0.34615384615384615 0.15384615384615385
5 0.3473557692307692 0.11538461538461539 0.06490384615384616 0.08653846153846154
5 0.8197115384615384 0.8930288461538461 0.30528846153846156 0.07692307692307693
5 0.9555288461538461 0.890625 0.03365384615384615 0.038461538461538464
5 0.8245192307692307 0.8064903846153846 0.30528846153846156 0.07692307692307693
5 0.9555288461538461 0.8052884615384616 0.03365384615384615 0.038461538461538464
5 0.9555288461538461 0.7163461538461539 0.03365384615384615 0.04326923076923077
5 0.8221153846153846 0.71875 0.3004807692307692 0.07451923076923077
5 0.8197115384615384 0.6310096153846154 0.30528846153846156 0.07692307692307693
5 0.953125 0.6310096153846154 0.038461538461538464 0.03365384615384615
5 0.7403846153846154 0.4831730769230769 0.3894230769230769 0.0985576923076923
5 0.9194711538461539 0.4831730769230769 0.03365384615384615 0.028846153846153848
5 0.7379807692307693 0.3605769230769231 0.3942307692307692 0.10336538461538461
5 0.9194711538461539 0.3581730769230769 0.04326923076923077 0.038461538461538464
5 0.7379807692307693 0.234375 0.3942307692307692 0.0985576923076923
5 0.9194711538461539 0.23197115384615385 0.03365384615384615 0.03365384615384615
5 0.7572115384615384 0.10336538461538461 0.43028846153846156 0.10336538461538461
5 0.9579326923076923 0.10336538461538461 0.028846153846153848 0.03365384615384615