5 0.7692307692307693 0.051682692307692304 0.4519230769230769 0.09615384615384616
5 0.8509615384615384 0.15985576923076922 0.28846153846153844 0.20673076923076922
5 0.8990384615384616 0.7331730769230769 0.1971153846153846 0.5288461538461539
5 0.8161057692307693 0.7620192307692307 0.27163461538461536 0.47115384615384615
5 0.6947115384615384 0.8353365384615384 0.21634615384615385 0.3245192307692308
5 0.5420673076923077 0.6887019230769231 0.4879807692307692 0.375
5 0.71875 0.44471153846153844 0.38461538461538464 0.3076923076923077
5 0.9350961538461539 0.41586538461538464 0.1201923076923077 0.34615384615384615
5 0.7692307692307693 0.11538461538461539 0.4519230769230769 0.22355769230769232
5 0.39302884615384615 0.16105769230769232 0.2283653846153846 0.31490384615384615
5 0.4050480769230769 0.06129807692307692 0.4423076923076923 0.11538461538461539
5 0.1466346153846154 0.21875 0.2932692307692308 0.43028846153846156
5 0.4182692307692308 0.2764423076923077 0.36778846153846156 0.3798076923076923
5 0.38100961538461536 0.42788461538461536 0.32211538461538464 0.29086538461538464
5 0.33774038461538464 0.8329326923076923 0.6754807692307693 0.3293269230769231
5 0.4254807692307692 0.8942307692307693 0.2548076923076923 0.09134615384615384
5 0.2620192307692308 0.6237980769230769 0.5240384615384616 0.37259615384615385
5 0.5120192307692307 0.5372596153846154 0.13942307692307693 0.14423076923076922
5 0.5 0.5 1 0.9951923076923077