5 0.8016826923076923 0.5180288461538461 0.17307692307692307 0.8149038461538461
5 0.7980769230769231 0.8846153846153846 0.08653846153846154 0.08173076923076923
5 0.5913461538461539 0.8870192307692307 0.09615384615384616 0.07451923076923077
5 0.5949519230769231 0.5120192307692307 0.18269230769230768 0.8245192307692307
5 0.38461538461538464 0.5120192307692307 0.18990384615384615 0.8245192307692307
5 0.38461538461538464 0.5396634615384616 0.17307692307692307 0.18028846153846154
5 0.5949519230769231 0.5504807692307693 0.17307692307692307 0.16826923076923078
5 0.38461538461538464 0.8870192307692307 0.08653846153846154 0.07451923076923077
5 0.8016826923076923 0.3173076923076923 0.16826923076923078 0.17548076923076922
5 0.17427884615384615 0.5096153846153846 0.18269230769230768 0.8197115384615384
5 0.17307692307692307 0.33774038461538464 0.1778846153846154 0.20673076923076922
5 0.17307692307692307 0.8822115384615384 0.09134615384615384 0.07451923076923077