5 0.03125 0.6382211538461539 0.057692307692307696 0.28365384615384615
5 0.10216346153846154 0.38461538461538464 0.1971153846153846 0.7572115384615384
5 0.23918269230769232 0.3701923076923077 0.28125 0.7283653846153846
5 0.4579326923076923 0.3473557692307692 0.41586538461538464 0.6826923076923077
5 0.33052884615384615 0.6502403846153846 0.1201923076923077 0.2932692307692308
5 0.5012019230769231 0.5817307692307693 0.21634615384615385 0.37259615384615385
5 0.7427884615384616 0.36778846153846156 0.3317307692307692 0.7235576923076923
5 0.640625 0.5877403846153846 0.14903846153846154 0.3942307692307692
5 0.8858173076923077 0.38461538461538464 0.22355769230769232 0.7596153846153846
5 0.9603365384615384 0.59375 0.07451923076923077 0.39903846153846156
5 0.027644230769230768 0.7319711538461539 0.04807692307692308 0.08653846153846154
5 0.11658653846153846 0.7151442307692307 0.1201923076923077 0.08653846153846154
5 0.27524038461538464 0.6802884615384616 0.1346153846153846 0.1201923076923077
5 0.3293269230769231 0.7548076923076923 0.11538461538461539 0.08653846153846154
5 0.4543269230769231 0.6189903846153846 0.16346153846153846 0.12980769230769232
5 0.4891826923076923 0.7115384615384616 0.125 0.09134615384615384
5 0.7163461538461539 0.6694711538461539 0.14423076923076922 0.10576923076923077
5 0.6586538461538461 0.7427884615384616 0.1201923076923077 0.08653846153846154
5 0.8533653846153846 0.7199519230769231 0.12980769230769232 0.09615384615384616
5 0.9795673076923077 0.7427884615384616 0.036057692307692304 0.08653846153846154