5 0.0889423076923077 0.09254807692307693 0.17307692307692307 0.17307692307692307
5 0.15745192307692307 0.12740384615384615 0.14903846153846154 0.12980769230769232
5 0.06129807692307692 0.1971153846153846 0.07692307692307693 0.14423076923076922
5 0.06009615384615385 0.3557692307692308 0.11538461538461539 0.3798076923076923
5 0.10817307692307693 0.25841346153846156 0.125 0.14423076923076922
5 0.10817307692307693 0.5204326923076923 0.019230769230769232 0.03365384615384615
5 0.19591346153846154 0.3173076923076923 0.1201923076923077 0.30288461538461536
5 0.140625 0.4795673076923077 0.028846153846153848 0.0625
5 0.22596153846153846 0.038461538461538464 0.10096153846153846 0.0625
5 0.25240384615384615 0.11778846153846154 0.04567307692307692 0.11057692307692307
5 0.25600961538461536 0.47596153846153844 0.028846153846153848 0.055288461538461536
5 0.19110576923076922 0.6310096153846154 0.15384615384615385 0.40865384615384615
5 0.07451923076923077 0.6069711538461539 0.14423076923076922 0.125
5 0.04326923076923077 0.5036057692307693 0.08173076923076923 0.11057692307692307
5 0.06850961538461539 0.8100961538461539 0.13221153846153846 0.33653846153846156
5 0.2848557692307692 0.051682692307692304 0.028846153846153848 0.09134615384615384
5 0.27163461538461536 0.24519230769230768 0.08173076923076923 0.28365384615384615
5 0.2932692307692308 0.06610576923076923 0.028846153846153848 0.04807692307692308
5 0.33052884615384615 0.055288461538461536 0.09615384615384616 0.09615384615384616
5 0.4206730769230769 0.04807692307692308 0.08173076923076923 0.08173076923076923
5 0.3425480769230769 0.2824519230769231 0.17307692307692307 0.39903846153846156
5 0.203125 0.4411057692307692 0.11057692307692307 0.20673076923076922
5 0.265625 0.6177884615384616 0.0673076923076923 0.28365384615384615
5 0.20432692307692307 0.7932692307692307 0.10336538461538461 0.1658653846153846
5 0.125 0.9170673076923077 0.10576923076923077 0.125
5 0.203125 0.9338942307692307 0.10576923076923077 0.12980769230769232
5 0.35096153846153844 0.8798076923076923 0.016826923076923076 0.04807692307692308
5 0.30288461538461536 0.8305288461538461 0.10576923076923077 0.12980769230769232
5 0.30649038461538464 0.8064903846153846 0.04326923076923077 0.11057692307692307
5 0.2956730769230769 0.8557692307692307 0.016826923076923076 0.028846153846153848
5 0.42427884615384615 0.14423076923076922 0.019230769230769232 0.040865384615384616
5 0.4987980769230769 0.23076923076923078 0.16826923076923078 0.2548076923076923
5 0.5901442307692307 0.08653846153846154 0.24519230769230768 0.15865384615384615
5 0.47716346153846156 0.11778846153846154 0.016826923076923076 0.055288461538461536
5 0.7560096153846154 0.18629807692307693 0.0673076923076923 0.11057692307692307
5 0.7355769230769231 0.14783653846153846 0.11538461538461539 0.19951923076923078
5 0.8209134615384616 0.03125 0.04326923076923077 0.04807692307692308
5 0.7776442307692307 0.055288461538461536 0.12980769230769232 0.09615384615384616
5 0.6526442307692307 0.2860576923076923 0.1201923076923077 0.22596153846153846
5 0.5745192307692307 0.4375 0.0625 0.12980769230769232
5 0.625 0.44471153846153844 0.19230769230769232 0.21394230769230768
5 0.5264423076923077 0.6274038461538461 0.13942307692307693 0.19230769230769232
5 0.49158653846153844 0.5588942307692307 0.07451923076923077 0.22115384615384615
5 0.46153846153846156 0.3858173076923077 0.21153846153846154 0.15144230769230768
5 0.4170673076923077 0.6177884615384616 0.13942307692307693 0.44711538461538464
5 0.3762019230769231 0.45552884615384615 0.057692307692307696 0.125
5 0.3605769230769231 0.6826923076923077 0.014423076923076924 0.028846153846153848
5 0.33774038461538464 0.5721153846153846 0.0673076923076923 0.25
5 0.3629807692307692 0.6442307692307693 0.10096153846153846 0.31009615384615385
5 0.3076923076923077 0.5757211538461539 0.0625 0.22596153846153846
5 0.3894230769230769 0.8245192307692307 0.04326923076923077 0.0625
5 0.41225961538461536 0.9194711538461539 0.05048076923076923 0.15625
5 0.3701923076923077 0.9134615384615384 0.04567307692307692 0.12980769230769232
5 0.3545673076923077 0.9603365384615384 0.036057692307692304 0.07451923076923077
5 0.31009615384615385 0.9411057692307693 0.0625 0.09134615384615384
5 0.46153846153846156 0.953125 0.057692307692307696 0.0889423076923077
5 0.4543269230769231 0.9074519230769231 0.028846153846153848 0.0625
5 0.953125 0.8737980769230769 0.0889423076923077 0.24759615384615385
5 0.9290865384615384 0.828125 0.08173076923076923 0.23557692307692307
5 0.859375 0.8581730769230769 0.08653846153846154 0.22596153846153846
5 0.8317307692307693 0.7728365384615384 0.026442307692307692 0.055288461538461536
5 0.7235576923076923 0.9074519230769231 0.01201923076923077 0.0625
5 0.9543269230769231 0.23076923076923078 0.08653846153846154 0.4519230769230769
5 0.8245192307692307 0.2548076923076923 0.1778846153846154 0.4951923076923077
5 0.7944711538461539 0.5552884615384616 0.11778846153846154 0.2692307692307692
5 0.7259615384615384 0.5997596153846154 0.09615384615384616 0.2620192307692308
5 0.8918269230769231 0.5072115384615384 0.15384615384615385 0.33653846153846156
5 0.9399038461538461 0.5793269230769231 0.09615384615384616 0.3317307692307692
5 0.9266826923076923 0.5661057692307693 0.14182692307692307 0.2091346153846154
5 0.9579326923076923 0.6237980769230769 0.08173076923076923 0.33653846153846156
5 0.7584134615384616 0.8497596153846154 0.06971153846153846 0.2956730769230769
5 0.7367788461538461 0.7139423076923077 0.014423076923076924 0.03365384615384615
5 0.8161057692307693 0.8569711538461539 0.09375 0.28125
5 0.8810096153846154 0.9783653846153846 0.040865384615384616 0.038461538461538464
5 0.6550480769230769 0.7139423076923077 0.07451923076923077 0.15865384615384615
5 0.6418269230769231 0.6033653846153846 0.06009615384615385 0.10336538461538461
5 0.6045673076923077 0.6274038461538461 0.03125 0.11057692307692307
5 0.6526442307692307 0.8137019230769231 0.11538461538461539 0.2620192307692308
5 0.5612980769230769 0.8990384615384616 0.16105769230769232 0.1971153846153846
5 0.5012019230769231 0.7728365384615384 0.04807692307692308 0.0673076923076923
5 0.5432692307692307 0.7932692307692307 0.1201923076923077 0.2620192307692308
5 0.6790865384615384 0.8677884615384616 0.0889423076923077 0.25961538461538464
5 0.5 0.5024038461538461 0.9951923076923077 0.9903846153846154