5 0.5588942307692307 0.8966346153846154 0.8774038461538461 0.12980769230769232
5 0.5276442307692307 0.7355769230769231 0.8125 0.1346153846153846
5 0.4639423076923077 0.5709134615384616 0.6826923076923077 0.12980769230769232
5 0.484375 0.421875 0.7379807692307693 0.125
5 0.5060096153846154 0.26322115384615385 0.7788461538461539 0.12980769230769232
5 0.5060096153846154 0.0985576923076923 0.7788461538461539 0.125
5 0.9050480769230769 0.8990384615384616 0.1875 0.11057692307692307
5 0.8930288461538461 0.7391826923076923 0.07932692307692307 0.0673076923076923
5 0.7620192307692307 0.5745192307692307 0.08653846153846154 0.06490384615384616
5 0.8076923076923077 0.42427884615384615 0.09134615384615384 0.0625
5 0.8509615384615384 0.2644230769230769 0.09134615384615384 0.0625
5 0.859375 0.10096153846153846 0.08653846153846154 0.057692307692307696