0 0.11899038461538461 0.08173076923076923 0.22596153846153846 0.15625
0 0.14543269230769232 0.01201923076923077 0.18509615384615385 0.016826923076923076
0 0.3545673076923077 0.08052884615384616 0.30288461538461536 0.15384615384615385
0 0.7307692307692307 0.052884615384615384 0.5336538461538461 0.10096153846153846
0 0.9543269230769231 0.020432692307692308 0.08653846153846154 0.036057692307692304
0 0.5925480769230769 0.09134615384615384 0.20673076923076922 0.11538461538461539
0 0.7439903846153846 0.07692307692307693 0.18990384615384615 0.07211538461538461
0 0.75 0.1502403846153846 0.18990384615384615 0.10096153846153846
0 0.5625 0.20673076923076922 0.23076923076923078 0.125
0 0.3954326923076923 0.21153846153846154 0.20673076923076922 0.15625
0 0.17548076923076922 0.19110576923076922 0.20673076923076922 0.11057692307692307
0 0.3004807692307692 0.2548076923076923 0.18509615384615385 0.10336538461538461
0 0.2704326923076923 0.16466346153846154 0.10096153846153846 0.07692307692307693
0 0.24158653846153846 0.28365384615384615 0.11298076923076923 0.052884615384615384
0 0.06490384615384616 0.28966346153846156 0.1201923076923077 0.0673076923076923
0 0.020432692307692308 0.25841346153846156 0.028846153846153848 0.038461538461538464
0 0.026442307692307692 0.1971153846153846 0.04326923076923077 0.052884615384615384
0 0.07091346153846154 0.19831730769230768 0.04807692307692308 0.038461538461538464
0 0.030048076923076924 0.15625 0.04807692307692308 0.04807692307692308
0 0.19951923076923078 0.3485576923076923 0.3870192307692308 0.07692307692307693
0 0.3605769230769231 0.3233173076923077 0.13701923076923078 0.06009615384615385
0 0.4735576923076923 0.38461538461538464 0.10096153846153846 0.04326923076923077
0 0.36899038461538464 0.42788461538461536 0.16826923076923078 0.11057692307692307
0 0.25600961538461536 0.49158653846153844 0.1201923076923077 0.07692307692307693
0 0.19951923076923078 0.4519230769230769 0.17307692307692307 0.12980769230769232
0 0.12259615384615384 0.3954326923076923 0.125 0.0625
0 0.08653846153846154 0.46033653846153844 0.125 0.08173076923076923
0 0.036057692307692304 0.39302884615384615 0.06009615384615385 0.08173076923076923
0 0.014423076923076924 0.4579326923076923 0.019230769230769232 0.05048076923076923
0 0.1875 0.4735576923076923 0.24519230769230768 0.17307692307692307
0 0.17548076923076922 0.625 0.2548076923076923 0.15144230769230768
0 0.054086538461538464 0.5528846153846154 0.09615384615384616 0.10576923076923077
0 0.44591346153846156 0.5396634615384616 0.27403846153846156 0.1466346153846154
0 0.5540865384615384 0.4362980769230769 0.20192307692307693 0.11298076923076923
0 0.5564903846153846 0.35697115384615385 0.11298076923076923 0.04807692307692308
0 0.5805288461538461 0.3088942307692308 0.125 0.05048076923076923
0 0.49158653846153844 0.3004807692307692 0.07692307692307693 0.07211538461538461
0 0.4675480769230769 0.34134615384615385 0.0889423076923077 0.04326923076923077
0 0.6394230769230769 0.3605769230769231 0.07692307692307693 0.06009615384615385
0 0.7199519230769231 0.3245192307692308 0.07211538461538461 0.057692307692307696
0 0.6610576923076923 0.28966346153846156 0.12980769230769232 0.052884615384615384
0 0.7259615384615384 0.2512019230769231 0.09615384615384616 0.06971153846153846
0 0.8125 0.24879807692307693 0.11298076923076923 0.057692307692307696
0 0.8245192307692307 0.30528846153846156 0.13701923076923078 0.05048076923076923
0 0.7295673076923077 0.3605769230769231 0.10096153846153846 0.06009615384615385
0 0.8269230769230769 0.3545673076923077 0.08173076923076923 0.0625
0 0.9134615384615384 0.2920673076923077 0.06490384615384616 0.04326923076923077
0 0.9711538461538461 0.29086538461538464 0.052884615384615384 0.04807692307692308
0 0.9603365384615384 0.24158653846153846 0.07451923076923077 0.055288461538461536
0 0.8894230769230769 0.23677884615384615 0.07692307692307693 0.052884615384615384
0 0.8509615384615384 0.20552884615384615 0.07211538461538461 0.057692307692307696
0 0.9074519230769231 0.18509615384615385 0.0889423076923077 0.057692307692307696
0 0.8954326923076923 0.12620192307692307 0.10096153846153846 0.06009615384615385
0 0.9711538461538461 0.14543269230769232 0.052884615384615384 0.15144230769230768
0 0.9242788461538461 0.375 0.1466346153846154 0.125
0 0.7920673076923077 0.47836538461538464 0.27403846153846156 0.18269230769230768
0 0.9891826923076923 0.4338942307692308 0.016826923076923076 0.036057692307692304
0 0.8485576923076923 0.5637019230769231 0.07692307692307693 0.03365384615384615
0 0.9579326923076923 0.5396634615384616 0.08173076923076923 0.15384615384615385
0 0.8677884615384616 0.6802884615384616 0.25961538461538464 0.20192307692307693
0 0.6670673076923077 0.5961538461538461 0.22596153846153846 0.125
0 0.4699519230769231 0.6586538461538461 0.20192307692307693 0.11057692307692307
0 0.35096153846153844 0.7536057692307693 0.23798076923076922 0.1346153846153846
0 0.33653846153846156 0.6286057692307693 0.10096153846153846 0.11057692307692307
0 0.14543269230769232 0.7728365384615384 0.22115384615384615 0.1466346153846154
0 0.06850961538461539 0.7415865384615384 0.125 0.11778846153846154
0 0.054086538461538464 0.6598557692307693 0.09615384615384616 0.11298076923076923
0 0.07692307692307693 0.8581730769230769 0.07211538461538461 0.04326923076923077
0 0.05048076923076923 0.8317307692307693 0.028846153846153848 0.02403846153846154
0 0.02403846153846154 0.8197115384615384 0.036057692307692304 0.019230769230769232
0 0.020432692307692308 0.8521634615384616 0.028846153846153848 0.028846153846153848
0 0.03245192307692308 0.8834134615384616 0.052884615384615384 0.026442307692307692
0 0.06009615384615385 0.8521634615384616 0.10576923076923077 0.09615384615384616
0 0.15504807692307693 0.8846153846153846 0.2980769230769231 0.21634615384615385
0 0.21995192307692307 0.8918269230769231 0.1778846153846154 0.11778846153846154
0 0.38100961538461536 0.8846153846153846 0.22596153846153846 0.14423076923076922
0 0.21514423076923078 0.9639423076923077 0.18028846153846154 0.0673076923076923
0 0.10096153846153846 0.9879807692307693 0.052884615384615384 0.019230769230769232
0 0.0985576923076923 0.9735576923076923 0.052884615384615384 0.026442307692307692
0 0.036057692307692304 0.9915865384615384 0.0625 0.01201923076923077
0 0.15144230769230768 0.9903846153846154 0.0673076923076923 0.014423076923076924
0 0.2956730769230769 0.9831730769230769 0.20192307692307693 0.028846153846153848
0 0.6225961538461539 0.9771634615384616 0.41346153846153844 0.040865384615384616
0 0.4411057692307692 0.9747596153846154 0.12259615384615384 0.04567307692307692
0 0.5925480769230769 0.9122596153846154 0.22115384615384615 0.09615384615384616
0 0.5504807692307693 0.8016826923076923 0.23076923076923078 0.125
0 0.5949519230769231 0.6694711538461539 0.06009615384615385 0.06009615384615385
0 0.6935096153846154 0.6754807692307693 0.10096153846153846 0.038461538461538464
0 0.7079326923076923 0.7295673076923077 0.12980769230769232 0.06009615384615385
0 0.5925480769230769 0.7271634615384616 0.125 0.052884615384615384
0 0.6899038461538461 0.7932692307692307 0.10576923076923077 0.07211538461538461
0 0.7620192307692307 0.7788461538461539 0.036057692307692304 0.03125
0 0.6875 0.8533653846153846 0.0889423076923077 0.06490384615384616
0 0.8545673076923077 0.8449519230769231 0.23076923076923078 0.16826923076923078
0 0.7439903846153846 0.9002403846153846 0.09615384615384616 0.03365384615384615
0 0.8713942307692307 0.9519230769230769 0.25721153846153844 0.09134615384615384
0 0.9711538461538461 0.84375 0.052884615384615384 0.18269230769230768
0 0.5012019230769231 0.5 0.9927884615384616 0.9951923076923077