0 0.040865384615384616 0.3293269230769231 0.07451923076923077 0.11298076923076923
0 0.056490384615384616 0.4074519230769231 0.08173076923076923 0.09134615384615384
0 0.025240384615384616 0.4567307692307692 0.04326923076923077 0.08653846153846154
0 0.019230769230769232 0.5132211538461539 0.03125 0.0673076923076923
0 0.06370192307692307 0.5228365384615384 0.09615384615384616 0.08653846153846154
0 0.026442307692307692 0.6009615384615384 0.04807692307692308 0.08653846153846154
0 0.10817307692307693 0.4483173076923077 0.10817307692307693 0.11298076923076923
0 0.16466346153846154 0.3473557692307692 0.1201923076923077 0.1201923076923077
0 0.12139423076923077 0.3293269230769231 0.0673076923076923 0.11298076923076923
0 0.09495192307692307 0.3173076923076923 0.057692307692307696 0.09615384615384616
0 0.046875 0.28125 0.08653846153846154 0.036057692307692304
0 0.037259615384615384 0.234375 0.0673076923076923 0.0673076923076923
0 0.21634615384615385 0.4098557692307692 0.10817307692307693 0.0889423076923077
0 0.24158653846153846 0.3401442307692308 0.057692307692307696 0.0625
0 0.25721153846153844 0.28846153846153844 0.09615384615384616 0.11298076923076923
0 0.203125 0.26322115384615385 0.057692307692307696 0.07211538461538461
0 0.31490384615384615 0.3581730769230769 0.10576923076923077 0.0673076923076923
0 0.34134615384615385 0.3112980769230769 0.026442307692307692 0.014423076923076924
0 0.39783653846153844 0.3605769230769231 0.0625 0.03125
0 0.45913461538461536 0.15745192307692307 0.23076923076923078 0.1201923076923077
0 0.4831730769230769 0.23197115384615385 0.19471153846153846 0.11298076923076923
0 0.4675480769230769 0.30649038461538464 0.13942307692307693 0.08653846153846154
0 0.35697115384615385 0.3016826923076923 0.09615384615384616 0.08653846153846154
0 0.32572115384615385 0.22956730769230768 0.09615384615384616 0.1201923076923077
0 0.2512019230769231 0.18269230769230768 0.07692307692307693 0.0889423076923077
0 0.09254807692307693 0.24519230769230768 0.1778846153846154 0.08653846153846154
0 0.9266826923076923 0.3858173076923077 0.14182692307692307 0.20432692307692307
0 0.890625 0.22716346153846154 0.21394230769230768 0.1466346153846154
0 0.7956730769230769 0.45072115384615385 0.10817307692307693 0.2644230769230769
0 0.6742788461538461 0.3269230769230769 0.30528846153846156 0.46875
0 0.4266826923076923 0.5360576923076923 0.10576923076923077 0.09134615384615384
0 0.40384615384615385 0.5252403846153846 0.057692307692307696 0.0625
0 0.3245192307692308 0.5745192307692307 0.09134615384615384 0.08653846153846154
0 0.28725961538461536 0.6310096153846154 0.05048076923076923 0.14903846153846154
0 0.24519230769230768 0.48677884615384615 0.03365384615384615 0.12980769230769232
0 0.22235576923076922 0.5072115384615384 0.03365384615384615 0.12980769230769232
0 0.21754807692307693 0.5649038461538461 0.07451923076923077 0.15865384615384615
0 0.4483173076923077 0.4326923076923077 0.052884615384615384 0.040865384615384616
0 0.49759615384615385 0.39663461538461536 0.09134615384615384 0.11298076923076923
0 0.4050480769230769 0.5408653846153846 0.3076923076923077 0.31971153846153844
0 0.16826923076923078 0.5336538461538461 0.18269230769230768 0.19230769230769232
0 0.2512019230769231 0.7319711538461539 0.09134615384615384 0.08173076923076923
0 0.32211538461538464 0.765625 0.0673076923076923 0.08653846153846154
0 0.3401442307692308 0.6983173076923077 0.07692307692307693 0.07692307692307693
0 0.38221153846153844 0.7524038461538461 0.06971153846153846 0.11298076923076923
0 0.41346153846153844 0.6730769230769231 0.0625 0.0673076923076923
0 0.4675480769230769 0.6598557692307693 0.052884615384615384 0.08173076923076923
0 0.4338942307692308 0.75 0.07451923076923077 0.08653846153846154
0 0.4519230769230769 0.7860576923076923 0.04807692307692308 0.057692307692307696
0 0.4014423076923077 0.8112980769230769 0.0625 0.057692307692307696
0 0.4387019230769231 0.8401442307692307 0.08173076923076923 0.040865384615384616
0 0.4675480769230769 0.8629807692307693 0.07692307692307693 0.057692307692307696
0 0.5096153846153846 0.8221153846153846 0.06971153846153846 0.08653846153846154
0 0.5324519230769231 0.8786057692307693 0.0625 0.0673076923076923
0 0.5865384615384616 0.8509615384615384 0.038461538461538464 0.040865384615384616
0 0.625 0.8197115384615384 0.052884615384615384 0.052884615384615384
0 0.5853365384615384 0.796875 0.10576923076923077 0.09615384615384616
0 0.5697115384615384 0.7451923076923077 0.10576923076923077 0.0673076923076923
0 0.49399038461538464 0.75 0.038461538461538464 0.057692307692307696
0 0.5709134615384616 0.6754807692307693 0.10817307692307693 0.08173076923076923
0 0.49759615384615385 0.7007211538461539 0.052884615384615384 0.07211538461538461
0 0.5709134615384616 0.6105769230769231 0.0625 0.036057692307692304
0 0.5096153846153846 0.6346153846153846 0.0625 0.07211538461538461
0 0.6310096153846154 0.6262019230769231 0.057692307692307696 0.057692307692307696
0 0.6875 0.8088942307692307 0.06971153846153846 0.0625
0 0.6658653846153846 0.8449519230769231 0.057692307692307696 0.040865384615384616
0 0.7283653846153846 0.8629807692307693 0.0673076923076923 0.07692307692307693
0 0.7331730769230769 0.7884615384615384 0.06971153846153846 0.0625
0 0.6983173076923077 0.7295673076923077 0.0625 0.09615384615384616
0 0.6538461538461539 0.7704326923076923 0.03365384615384615 0.057692307692307696
0 0.6466346153846154 0.7067307692307693 0.04326923076923077 0.08173076923076923
0 0.671875 0.6466346153846154 0.052884615384615384 0.0673076923076923
0 0.7199519230769231 0.6850961538461539 0.0673076923076923 0.09134615384615384
0 0.7704326923076923 0.7391826923076923 0.0889423076923077 0.09615384615384616
0 0.8161057692307693 0.6262019230769231 0.04326923076923077 0.0673076923076923
0 0.7668269230769231 0.6262019230769231 0.057692307692307696 0.07692307692307693
0 0.7199519230769231 0.5949519230769231 0.0673076923076923 0.057692307692307696
0 0.8569711538461539 0.6598557692307693 0.0625 0.07211538461538461
0 0.8353365384615384 0.7884615384615384 0.09615384615384616 0.15384615384615385
0 0.8112980769230769 0.7007211538461539 0.0625 0.07211538461538461
0 0.9242788461538461 0.6622596153846154 0.08173076923076923 0.04807692307692308
0 0.9603365384615384 0.7319711538461539 0.07451923076923077 0.09375
0 0.9627403846153846 0.7908653846153846 0.07211538461538461 0.1201923076923077
0 0.9807692307692307 0.8641826923076923 0.03365384615384615 0.09375
0 0.9459134615384616 0.8786057692307693 0.10336538461538461 0.11778846153846154
0 0.8978365384615384 0.765625 0.04326923076923077 0.08653846153846154
0 0.8762019230769231 0.8990384615384616 0.10817307692307693 0.1201923076923077
0 0.8161057692307693 0.9278846153846154 0.04326923076923077 0.125
0 0.7836538461538461 0.9098557692307693 0.03125 0.17067307692307693
0 0.7487980769230769 0.9435096153846154 0.04807692307692308 0.10336538461538461
0 0.7199519230769231 0.9411057692307693 0.08173076923076923 0.10817307692307693
0 0.9771634615384616 0.9627403846153846 0.040865384615384616 0.06009615384615385