0 0.0625 0.2608173076923077 0.11778846153846154 0.1971153846153846
0 0.10096153846153846 0.09495192307692307 0.0985576923076923 0.1466346153846154
0 0.14182692307692307 0.14182692307692307 0.0889423076923077 0.12980769230769232
0 0.22235576923076922 0.09495192307692307 0.07451923076923077 0.11538461538461539
0 0.2980769230769231 0.0673076923076923 0.11538461538461539 0.12980769230769232
0 0.24639423076923078 0.26322115384615385 0.04807692307692308 0.09134615384615384
0 0.2932692307692308 0.17908653846153846 0.07692307692307693 0.08653846153846154
0 0.3161057692307692 0.2800480769230769 0.08413461538461539 0.10336538461538461
0 0.3762019230769231 0.21995192307692307 0.07451923076923077 0.125
0 0.36538461538461536 0.14182692307692307 0.07211538461538461 0.08653846153846154
0 0.38341346153846156 0.051682692307692304 0.09615384615384616 0.09134615384615384
0 0.15144230769230768 0.2608173076923077 0.06971153846153846 0.1201923076923077
0 0.21754807692307693 0.21514423076923078 0.0625 0.11538461538461539
0 0.04326923076923077 0.42427884615384615 0.0673076923076923 0.09615384615384616
0 0.1310096153846154 0.38100961538461536 0.0889423076923077 0.12980769230769232
0 0.02403846153846154 0.5060096153846154 0.040865384615384616 0.08653846153846154
0 0.140625 0.6658653846153846 0.27403846153846156 0.5048076923076923
0 0.16466346153846154 0.9266826923076923 0.04326923076923077 0.08173076923076923
0 0.21514423076923078 0.8149038461538461 0.08173076923076923 0.12980769230769232
0 0.3233173076923077 0.5492788461538461 0.17307692307692307 0.20673076923076922
0 0.24759615384615385 0.3858173076923077 0.1466346153846154 0.20673076923076922
0 0.4254807692307692 0.2608173076923077 0.06971153846153846 0.16346153846153846
0 0.44350961538461536 0.1814903846153846 0.0625 0.09134615384615384
0 0.4483173076923077 0.10817307692307693 0.07211538461538461 0.07692307692307693
0 0.4230769230769231 0.038461538461538464 0.057692307692307696 0.07692307692307693
0 0.4795673076923077 0.04326923076923077 0.04807692307692308 0.06490384615384616
0 0.5072115384615384 0.07572115384615384 0.08173076923076923 0.07692307692307693
0 0.5492788461538461 0.125 0.08413461538461539 0.12980769230769232
0 0.5096153846153846 0.21995192307692307 0.08413461538461539 0.09134615384615384
0 0.43028846153846156 0.3918269230769231 0.21153846153846154 0.25961538461538464
0 0.6081730769230769 0.4266826923076923 0.17307692307692307 0.23317307692307693
0 0.6165865384615384 0.24759615384615385 0.09615384615384616 0.11538461538461539
0 0.5396634615384616 0.30408653846153844 0.08173076923076923 0.14182692307692307
0 0.6646634615384616 0.30408653846153844 0.052884615384615384 0.06490384615384616
0 0.6081730769230769 0.17668269230769232 0.055288461538461536 0.04807692307692308
0 0.38100961538461536 0.6983173076923077 0.3629807692307692 0.34134615384615385
0 0.53125 0.9206730769230769 0.1346153846153846 0.1346153846153846
0 0.38341346153846156 0.9399038461538461 0.15384615384615385 0.10817307692307693
0 0.3245192307692308 0.9242788461538461 0.23317307692307693 0.14182692307692307
0 0.6790865384615384 0.5408653846153846 0.10096153846153846 0.1466346153846154
0 0.7848557692307693 0.47836538461538464 0.22596153846153846 0.18509615384615385
0 0.859375 0.18990384615384615 0.09134615384615384 0.17307692307692307
0 0.7932692307692307 0.27163461538461536 0.10576923076923077 0.1201923076923077
0 0.7403846153846154 0.3293269230769231 0.10096153846153846 0.15865384615384615
0 0.9507211538461539 0.35697115384615385 0.09375 0.15144230769230768
0 0.9110576923076923 0.2848557692307692 0.1201923076923077 0.2548076923076923
0 0.7475961538461539 0.13341346153846154 0.11538461538461539 0.21153846153846154
0 0.6754807692307693 0.10697115384615384 0.1201923076923077 0.2091346153846154
0 0.5985576923076923 0.05889423076923077 0.11057692307692307 0.11298076923076923
0 0.8822115384615384 0.5685096153846154 0.23076923076923078 0.36778846153846156
0 0.7079326923076923 0.7043269230769231 0.13942307692307693 0.35336538461538464
0 0.5456730769230769 0.7175480769230769 0.22115384615384615 0.30288461538461536
0 0.7079326923076923 0.9134615384615384 0.20432692307692307 0.16346153846153846
0 0.9567307692307693 0.8209134615384616 0.08173076923076923 0.1658653846153846
0 0.8954326923076923 0.8774038461538461 0.14182692307692307 0.22115384615384615
0 0.9675480769230769 0.9507211538461539 0.06009615384615385 0.0889423076923077
0 0.8088942307692307 0.9290865384615384 0.08413461538461539 0.12980769230769232