0 0.15865384615384615 0.8293269230769231 0.18269230769230768 0.20673076923076922
0 0.125 0.9627403846153846 0.1346153846153846 0.06490384615384616
0 0.1814903846153846 0.6550480769230769 0.1346153846153846 0.1201923076923077
0 0.8016826923076923 0.5576923076923077 0.35096153846153844 0.4735576923076923
0 0.5108173076923077 0.7764423076923077 0.33653846153846156 0.4375
0 0.33052884615384615 0.9399038461538461 0.15384615384615385 0.11057692307692307
0 0.7151442307692307 0.8786057692307693 0.21634615384615385 0.23317307692307693
0 0.9122596153846154 0.7355769230769231 0.17067307692307693 0.5240384615384616
0 0.8353365384615384 0.8521634615384616 0.08653846153846154 0.15865384615384615
0 0.7584134615384616 0.8137019230769231 0.06009615384615385 0.0889423076923077
0 0.9326923076923077 0.30288461538461536 0.12980769230769232 0.36538461538461536
0 0.9447115384615384 0.09134615384615384 0.10576923076923077 0.18269230769230768
0 0.7716346153846154 0.16826923076923078 0.32211538461538464 0.33653846153846156
0 0.5240384615384616 0.28365384615384615 0.3245192307692308 0.4735576923076923
0 0.4098557692307692 0.055288461538461536 0.19230769230769232 0.11057692307692307
0 0.19591346153846154 0.17668269230769232 0.15865384615384615 0.35096153846153844
0 0.11899038461538461 0.26802884615384615 0.019230769230769232 0.03125
0 0.06009615384615385 0.3737980769230769 0.014423076923076924 0.03125
0 0.11899038461538461 0.4206730769230769 0.026442307692307692 0.03125
0 0.08533653846153846 0.5288461538461539 0.026442307692307692 0.038461538461538464
0 0.12860576923076922 0.5600961538461539 0.028846153846153848 0.04807692307692308
0 0.10697115384615384 0.5709134615384616 0.019230769230769232 0.026442307692307692
0 0.2644230769230769 0.45552884615384615 0.2644230769230769 0.34134615384615385
0 0.3004807692307692 0.6682692307692307 0.09375 0.125
0 0.31490384615384615 0.7764423076923077 0.09375 0.20673076923076922
0 0.19230769230769232 0.6682692307692307 0.12980769230769232 0.11538461538461539
0 0.31490384615384615 0.26802884615384615 0.125 0.15865384615384615