0 0.7283653846153846 0.8557692307692307 0.17307692307692307 0.10336538461538461
0 0.7223557692307693 0.7427884615384616 0.18509615384615385 0.11538461538461539
0 0.6730769230769231 0.6418269230769231 0.1346153846153846 0.07692307692307693
0 0.5516826923076923 0.5997596153846154 0.14423076923076922 0.10096153846153846
0 0.6478365384615384 0.49399038461538464 0.14903846153846154 0.09615384615384616
0 0.6730769230769231 0.5552884615384616 0.15625 0.08173076923076923
0 0.7259615384615384 0.4495192307692308 0.1346153846153846 0.09134615384615384
0 0.5661057692307693 0.7247596153846154 0.14903846153846154 0.12740384615384615
0 0.6153846153846154 0.7860576923076923 0.052884615384615384 0.04326923076923077
0 0.4795673076923077 0.6754807692307693 0.10576923076923077 0.0889423076923077
0 0.39302884615384615 0.609375 0.16346153846153846 0.10336538461538461
0 0.4074519230769231 0.5120192307692307 0.1201923076923077 0.09134615384615384
0 0.5024038461538461 0.5036057692307693 0.13942307692307693 0.08413461538461539
0 0.4651442307692308 0.4074519230769231 0.15625 0.09134615384615384
0 0.49759615384615385 0.3233173076923077 0.16346153846153846 0.07692307692307693
0 0.6237980769230769 0.3389423076923077 0.11538461538461539 0.052884615384615384
0 0.5949519230769231 0.4110576923076923 0.12740384615384615 0.09134615384615384
0 0.2980769230769231 0.4639423076923077 0.14423076923076922 0.10336538461538461
0 0.36658653846153844 0.38822115384615385 0.0985576923076923 0.10096153846153846
0 0.2283653846153846 0.5793269230769231 0.15625 0.0889423076923077
0 0.32091346153846156 0.5733173076923077 0.08653846153846154 0.10096153846153846
0 0.6274038461538461 0.20552884615384615 0.22596153846153846 0.15865384615384615
0 0.7548076923076923 0.3233173076923077 0.25 0.13942307692307693
0 0.8125 0.5865384615384616 0.21394230769230768 0.23557692307692307