0 0.5528846153846154 0.7848557692307693 0.2548076923076923 0.1346153846153846
0 0.7680288461538461 0.7620192307692307 0.28846153846153844 0.15384615384615385
0 0.8641826923076923 0.8569711538461539 0.0985576923076923 0.11778846153846154
0 0.8737980769230769 0.7139423076923077 0.10576923076923077 0.057692307692307696
0 0.8677884615384616 0.6622596153846154 0.10576923076923077 0.04326923076923077
0 0.7836538461538461 0.5721153846153846 0.23557692307692307 0.16105769230769232
0 0.6358173076923077 0.4651442307692308 0.24519230769230768 0.13221153846153846
0 0.33052884615384615 0.35336538461538464 0.2283653846153846 0.16826923076923078
0 0.8052884615384616 0.4182692307692308 0.2403846153846154 0.21875
0 0.9038461538461539 0.2860576923076923 0.08173076923076923 0.14903846153846154
0 0.7932692307692307 0.2620192307692308 0.1778846153846154 0.08653846153846154
0 0.8641826923076923 0.19471153846153846 0.08653846153846154 0.0673076923076923
0 0.8269230769230769 0.13221153846153846 0.16105769230769232 0.11538461538461539
0 0.8521634615384616 0.054086538461538464 0.0625 0.052884615384615384
0 0.6262019230769231 0.6514423076923077 0.19230769230769232 0.10096153846153846
0 0.6610576923076923 0.5913461538461539 0.08653846153846154 0.04326923076923077
0 0.5432692307692307 0.5516826923076923 0.22115384615384615 0.11298076923076923
0 0.4723557692307692 0.46033653846153844 0.08173076923076923 0.04326923076923077
0 0.43509615384615385 0.5144230769230769 0.08173076923076923 0.052884615384615384
0 0.4230769230769231 0.5913461538461539 0.11778846153846154 0.07692307692307693
0 0.4963942307692308 0.6514423076923077 0.08173076923076923 0.04807692307692308
0 0.3245192307692308 0.1201923076923077 0.27884615384615385 0.16346153846153846
0 0.3173076923076923 0.1778846153846154 0.14182692307692307 0.052884615384615384
0 0.23798076923076922 0.16105769230769232 0.09134615384615384 0.09134615384615384
0 0.296875 0.025240384615384616 0.11057692307692307 0.03365384615384615
0 0.17548076923076922 0.31009615384615385 0.09134615384615384 0.0625
0 0.23197115384615385 0.42908653846153844 0.10576923076923077 0.07451923076923077
0 0.0985576923076923 0.4675480769230769 0.08653846153846154 0.0673076923076923
0 0.12980769230769232 0.5564903846153846 0.07451923076923077 0.057692307692307696
0 0.25 0.5997596153846154 0.11778846153846154 0.08173076923076923
0 0.23798076923076922 0.46153846153846156 0.36538461538461536 0.3557692307692308
0 0.484375 0.6682692307692307 0.10576923076923077 0.07211538461538461
0 0.28365384615384615 0.7235576923076923 0.3942307692307692 0.25721153846153844