0 0.20793269230769232 0.34375 0.15625 0.2403846153846154
0 0.06850961538461539 0.21634615384615385 0.13221153846153846 0.25721153846153844
0 0.021634615384615384 0.10096153846153846 0.036057692307692304 0.04807692307692308
0 0.046875 0.054086538461538464 0.08653846153846154 0.0985576923076923
0 0.0829326923076923 0.04326923076923077 0.10096153846153846 0.07692307692307693
0 0.21033653846153846 0.09254807692307693 0.16105769230769232 0.17548076923076922
0 0.17067307692307693 0.03245192307692308 0.10096153846153846 0.055288461538461536
0 0.24639423076923078 0.234375 0.2692307692307692 0.2620192307692308
0 0.2956730769230769 0.3557692307692308 0.03365384615384615 0.11057692307692307
0 0.18990384615384615 0.5432692307692307 0.14903846153846154 0.19230769230769232
0 0.18990384615384615 0.4831730769230769 0.038461538461538464 0.04807692307692308
0 0.15745192307692307 0.46153846153846156 0.02403846153846154 0.038461538461538464
0 0.09375 0.5216346153846154 0.15384615384615385 0.18990384615384615
0 0.08533653846153846 0.41225961538461536 0.16346153846153846 0.24519230769230768
0 0.328125 0.036057692307692304 0.14182692307692307 0.06009615384615385
0 0.3245192307692308 0.10096153846153846 0.052884615384615384 0.04807692307692308
0 0.3293269230769231 0.22355769230769232 0.13221153846153846 0.25
0 0.46033653846153844 0.1971153846153846 0.16105769230769232 0.2956730769230769
0 0.39903846153846156 0.0733173076923077 0.08653846153846154 0.13701923076923078
0 0.47836538461538464 0.040865384615384616 0.07211538461538461 0.07211538461538461
0 0.4387019230769231 0.3137019230769231 0.06490384615384616 0.07211538461538461
0 0.4182692307692308 0.37740384615384615 0.09615384615384616 0.1201923076923077
0 0.37740384615384615 0.5024038461538461 0.15865384615384615 0.21875
0 0.3245192307692308 0.4074519230769231 0.0673076923076923 0.08173076923076923
0 0.2920673076923077 0.5576923076923077 0.10576923076923077 0.16346153846153846
0 0.2247596153846154 0.5925480769230769 0.06490384615384616 0.08173076923076923
0 0.15625 0.6586538461538461 0.057692307692307696 0.038461538461538464
0 0.1141826923076923 0.671875 0.07692307692307693 0.0985576923076923
0 0.06850961538461539 0.6778846153846154 0.05048076923076923 0.11057692307692307
0 0.025240384615384616 0.6826923076923077 0.04326923076923077 0.11057692307692307
0 0.03485576923076923 0.5901442307692307 0.0625 0.0985576923076923
0 0.11778846153846154 0.7463942307692307 0.052884615384615384 0.04807692307692308
0 0.0889423076923077 0.8028846153846154 0.09134615384615384 0.12980769230769232
0 0.027644230769230768 0.7788461538461539 0.04807692307692308 0.10336538461538461
0 0.04326923076923077 0.9038461538461539 0.07932692307692307 0.14903846153846154
0 0.07091346153846154 0.9627403846153846 0.06490384615384616 0.06971153846153846
0 0.02283653846153846 0.9735576923076923 0.040865384615384616 0.04807692307692308
0 0.11899038461538461 0.8629807692307693 0.057692307692307696 0.08653846153846154
0 0.10336538461538461 0.8966346153846154 0.04807692307692308 0.0673076923076923
0 0.16826923076923078 0.9579326923076923 0.125 0.07932692307692307
0 0.1622596153846154 0.984375 0.11778846153846154 0.026442307692307692
0 0.18269230769230768 0.9122596153846154 0.0625 0.0673076923076923
0 0.15985576923076922 0.8966346153846154 0.04326923076923077 0.07692307692307693
0 0.26322115384615385 0.9579326923076923 0.06490384615384616 0.07932692307692307
0 0.20793269230769232 0.7956730769230769 0.08173076923076923 0.20192307692307693
0 0.22956730769230768 0.7704326923076923 0.04807692307692308 0.14182692307692307
0 0.171875 0.7680288461538461 0.04807692307692308 0.07211538461538461
0 0.17548076923076922 0.6802884615384616 0.0985576923076923 0.10336538461538461
0 0.42427884615384615 0.7572115384615384 0.12259615384615384 0.06009615384615385
0 0.3473557692307692 0.7295673076923077 0.036057692307692304 0.04807692307692308
0 0.3545673076923077 0.6742788461538461 0.09375 0.07211538461538461
0 0.2920673076923077 0.65625 0.03125 0.03365384615384615
0 0.26802884615384615 0.6742788461538461 0.07932692307692307 0.08173076923076923
0 0.5492788461538461 0.5661057692307693 0.1346153846153846 0.21153846153846154
0 0.49399038461538464 0.44591346153846156 0.08173076923076923 0.14903846153846154
0 0.5324519230769231 0.3629807692307692 0.07211538461538461 0.08173076923076923
0 0.4795673076923077 0.3713942307692308 0.04807692307692308 0.0673076923076923
0 0.5637019230769231 0.2956730769230769 0.09134615384615384 0.14182692307692307
0 0.625 0.20192307692307693 0.10576923076923077 0.15384615384615385
0 0.6598557692307693 0.07932692307692307 0.13221153846153846 0.14903846153846154
0 0.5528846153846154 0.1201923076923077 0.11298076923076923 0.23076923076923078
0 0.7223557692307693 0.03245192307692308 0.02403846153846154 0.052884615384615384
0 0.7283653846153846 0.13942307692307693 0.10817307692307693 0.15865384615384615
0 0.7848557692307693 0.07692307692307693 0.09615384615384616 0.14182692307692307
0 0.796875 0.21875 0.09375 0.14182692307692307
0 0.8822115384615384 0.12620192307692307 0.12740384615384615 0.17307692307692307
0 0.9038461538461539 0.046875 0.15625 0.08173076923076923
0 0.9723557692307693 0.0985576923076923 0.052884615384615384 0.12980769230769232
0 0.9879807692307693 0.025240384615384616 0.019230769230769232 0.040865384615384616
0 0.9723557692307693 0.17427884615384615 0.052884615384615384 0.11057692307692307
0 0.8930288461538461 0.22716346153846154 0.10576923076923077 0.09134615384615384
0 0.8569711538461539 0.33653846153846156 0.09615384615384616 0.125
0 0.75 0.3389423076923077 0.11538461538461539 0.1875
0 0.6826923076923077 0.2980769230769231 0.12740384615384615 0.18028846153846154
0 0.6382211538461539 0.3858173076923077 0.12980769230769232 0.125
0 0.6105769230769231 0.47596153846153844 0.09134615384615384 0.0985576923076923
0 0.5637019230769231 0.42908653846153844 0.052884615384615384 0.07211538461538461
0 0.6887019230769231 0.4423076923076923 0.07932692307692307 0.0673076923076923
0 0.7992788461538461 0.4230769230769231 0.09134615384615384 0.08173076923076923
0 0.7439903846153846 0.47596153846153844 0.052884615384615384 0.07692307692307693
0 0.7932692307692307 0.49759615384615385 0.06490384615384616 0.0673076923076923
0 0.8401442307692307 0.43990384615384615 0.028846153846153848 0.04807692307692308
0 0.9074519230769231 0.3389423076923077 0.12740384615384615 0.1971153846153846
0 0.9459134615384616 0.4182692307692308 0.021634615384615384 0.016826923076923076
0 0.9663461538461539 0.4567307692307692 0.0625 0.10576923076923077
0 0.8846153846153846 0.49759615384615385 0.12980769230769232 0.14182692307692307
0 0.8004807692307693 0.5600961538461539 0.05048076923076923 0.07211538461538461
0 0.7043269230769231 0.6069711538461539 0.14903846153846154 0.28365384615384615
0 0.6274038461538461 0.6394230769230769 0.04326923076923077 0.16346153846153846
0 0.5829326923076923 0.7079326923076923 0.09375 0.13701923076923078
0 0.5096153846153846 0.7103365384615384 0.11057692307692307 0.0985576923076923
0 0.4543269230769231 0.6694711538461539 0.15625 0.14903846153846154
0 0.3293269230769231 0.7620192307692307 0.021634615384615384 0.038461538461538464
0 0.30649038461538464 0.7728365384615384 0.03365384615384615 0.038461538461538464
0 0.26322115384615385 0.7572115384615384 0.038461538461538464 0.06009615384615385
0 0.3605769230769231 0.7836538461538461 0.026442307692307692 0.038461538461538464
0 0.3425480769230769 0.8629807692307693 0.1201923076923077 0.15384615384615385
0 0.39903846153846156 0.828125 0.021634615384615384 0.038461538461538464
0 0.3858173076923077 0.8088942307692307 0.03365384615384615 0.03365384615384615
0 0.41466346153846156 0.8112980769230769 0.019230769230769232 0.06009615384615385
0 0.43149038461538464 0.8088942307692307 0.021634615384615384 0.052884615384615384
0 0.43509615384615385 0.8689903846153846 0.05048076923076923 0.0673076923076923
0 0.47596153846153844 0.8858173076923077 0.0625 0.08653846153846154
0 0.5036057692307693 0.8137019230769231 0.06490384615384616 0.07692307692307693
0 0.4639423076923077 0.8112980769230769 0.036057692307692304 0.04807692307692308
0 0.3605769230769231 0.9507211538461539 0.14903846153846154 0.04326923076923077
0 0.2776442307692308 0.8798076923076923 0.03365384615384615 0.0673076923076923
0 0.26802884615384615 0.8112980769230769 0.036057692307692304 0.06009615384615385
0 0.43149038461538464 0.9723557692307693 0.06490384615384616 0.052884615384615384
0 0.3918269230769231 0.9771634615384616 0.125 0.040865384615384616
0 0.31490384615384615 0.984375 0.038461538461538464 0.026442307692307692
0 0.5012019230769231 0.9579326923076923 0.07451923076923077 0.07932692307692307
0 0.5528846153846154 0.8966346153846154 0.08173076923076923 0.12980769230769232
0 0.5504807692307693 0.9735576923076923 0.07692307692307693 0.04807692307692308
0 0.6009615384615384 0.9735576923076923 0.04326923076923077 0.04807692307692308
0 0.6454326923076923 0.8665865384615384 0.12259615384615384 0.22355769230769232
0 0.7632211538461539 0.7319711538461539 0.1778846153846154 0.12980769230769232
0 0.8028846153846154 0.7427884615384616 0.0625 0.052884615384615384
0 0.7740384615384616 0.7980769230769231 0.0625 0.08653846153846154
0 0.8425480769230769 0.8990384615384616 0.09134615384615384 0.13701923076923078
0 0.8822115384615384 0.9266826923076923 0.038461538461538464 0.08173076923076923
0 0.9387019230769231 0.9230769230769231 0.08653846153846154 0.11057692307692307
0 0.8377403846153846 0.6790865384615384 0.31971153846153844 0.2764423076923077
0 0.9771634615384616 0.8665865384615384 0.040865384615384616 0.08413461538461539
0 0.890625 0.9771634615384616 0.11298076923076923 0.040865384615384616
0 0.7415865384615384 0.9471153846153846 0.19471153846153846 0.10096153846153846
0 0.7439903846153846 0.8557692307692307 0.09615384615384616 0.14903846153846154
0 0.5 0.5012019230769231 0.9951923076923077 0.9927884615384616