0 0.6346153846153846 0.18509615384615385 0.5576923076923077 0.3629807692307692
0 0.9050480769230769 0.05048076923076923 0.18028846153846154 0.09134615384615384
0 0.9050480769230769 0.34375 0.18028846153846154 0.38461538461538464
0 0.7271634615384616 0.6105769230769231 0.4639423076923077 0.3557692307692308
0 0.9567307692307693 0.7319711538461539 0.07692307692307693 0.29086538461538464
0 0.7608173076923077 0.8882211538461539 0.4495192307692308 0.21875
0 0.37259615384615385 0.8329326923076923 0.46153846153846156 0.3293269230769231
0 0.11778846153846154 0.9086538461538461 0.23076923076923078 0.1778846153846154
0 0.12740384615384615 0.6682692307692307 0.25 0.30288461538461536
0 0.33533653846153844 0.45552884615384615 0.5144230769230769 0.3942307692307692
0 0.19831730769230768 0.1466346153846154 0.3870192307692308 0.27884615384615385
0 0.07932692307692307 0.3605769230769231 0.15384615384615385 0.27403846153846156