0 0.3233173076923077 0.703125 0.2980769230769231 0.29086538461538464
0 0.6298076923076923 0.8689903846153846 0.30288461538461536 0.16826923076923078
0 0.28846153846153844 0.3629807692307692 0.1875 0.09615384615384616
0 0.1971153846153846 0.5216346153846154 0.11538461538461539 0.07932692307692307
0 0.3137019230769231 0.4362980769230769 0.13942307692307693 0.12980769230769232
0 0.3004807692307692 0.5144230769230769 0.125 0.07932692307692307
0 0.4182692307692308 0.5432692307692307 0.14903846153846154 0.11538461538461539
0 0.4483173076923077 0.7067307692307693 0.13942307692307693 0.11538461538461539
0 0.546875 0.7824519230769231 0.14903846153846154 0.07692307692307693
0 0.6274038461538461 0.8221153846153846 0.12980769230769232 0.10096153846153846
0 0.5552884615384616 0.7067307692307693 0.09615384615384616 0.08413461538461539
0 0.6646634615384616 0.7091346153846154 0.16346153846153846 0.1201923076923077
0 0.7211538461538461 0.7247596153846154 0.1201923076923077 0.09615384615384616
0 0.8137019230769231 0.6490384615384616 0.16346153846153846 0.11057692307692307
0 0.7139423076923077 0.5997596153846154 0.14423076923076922 0.125
0 0.6045673076923077 0.5877403846153846 0.08413461538461539 0.10096153846153846
0 0.5 0.6069711538461539 0.1346153846153846 0.10096153846153846
0 0.546875 0.4963942307692308 0.16826923076923078 0.12980769230769232
0 0.45072115384615385 0.4098557692307692 0.14423076923076922 0.14423076923076922
0 0.5552884615384616 0.33413461538461536 0.16346153846153846 0.14423076923076922
0 0.5649038461538461 0.4206730769230769 0.07451923076923077 0.04326923076923077
0 0.41586538461538464 0.29086538461538464 0.17307692307692307 0.12740384615384615
0 0.44471153846153844 0.24519230769230768 0.1346153846153846 0.10576923076923077
0 0.5649038461538461 0.14543269230769232 0.14423076923076922 0.11538461538461539
0 0.6418269230769231 0.1971153846153846 0.13942307692307693 0.125
0 0.5769230769230769 0.23317307692307693 0.04807692307692308 0.06009615384615385
0 0.6189903846153846 0.10336538461538461 0.11538461538461539 0.0625
0 0.6935096153846154 0.4639423076923077 0.125 0.125
0 0.8209134615384616 0.5276442307692307 0.1778846153846154 0.12980769230769232
0 0.8004807692307693 0.41225961538461536 0.13942307692307693 0.125
0 0.8461538461538461 0.3870192307692308 0.11057692307692307 0.11057692307692307
0 0.7139423076923077 0.3449519230769231 0.14423076923076922 0.10576923076923077
0 0.7740384615384616 0.2512019230769231 0.16346153846153846 0.11057692307692307
0 0.7860576923076923 0.15144230769230768 0.13942307692307693 0.11057692307692307
0 0.7415865384615384 0.11177884615384616 0.12980769230769232 0.1201923076923077
0 0.8533653846153846 0.20673076923076922 0.06490384615384616 0.08653846153846154