0 0.11778846153846154 0.8798076923076923 0.23076923076923078 0.2283653846153846
0 0.06129807692307692 0.6694711538461539 0.11778846153846154 0.4254807692307692
0 0.06490384615384616 0.33653846153846156 0.12259615384615384 0.3389423076923077
0 0.13581730769230768 0.1346153846153846 0.25240384615384615 0.2644230769230769
0 0.22596153846153846 0.45072115384615385 0.19951923076923078 0.38221153846153844
0 0.4675480769230769 0.47836538461538464 0.23076923076923078 0.4519230769230769
0 0.3161057692307692 0.75 0.23317307692307693 0.41346153846153844
0 0.33413461538461536 0.9747596153846154 0.125 0.038461538461538464
0 0.38100961538461536 0.3701923076923077 0.11778846153846154 0.3317307692307692
0 0.3233173076923077 0.1502403846153846 0.17067307692307693 0.2956730769230769
0 0.4963942307692308 0.17548076923076922 0.1875 0.2644230769230769
0 0.46634615384615385 0.056490384615384616 0.16346153846153846 0.10817307692307693
0 0.5961538461538461 0.042067307692307696 0.11538461538461539 0.07932692307692307
0 0.6045673076923077 0.13942307692307693 0.11298076923076923 0.2403846153846154
0 0.6694711538461539 0.3485576923076923 0.08653846153846154 0.21634615384615385
0 0.6021634615384616 0.40384615384615385 0.16346153846153846 0.30288461538461536
0 0.703125 0.7283653846153846 0.27884615384615385 0.5192307692307693
0 0.5384615384615384 0.8149038461538461 0.2403846153846154 0.3581730769230769
0 0.8305288461538461 0.9387019230769231 0.1778846153846154 0.11057692307692307
0 0.9555288461538461 0.9230769230769231 0.08413461538461539 0.14423076923076922
0 0.9134615384615384 0.6790865384615384 0.16826923076923078 0.32211538461538464
0 0.8221153846153846 0.4074519230769231 0.2403846153846154 0.4206730769230769
0 0.7307692307692307 0.15745192307692307 0.15865384615384615 0.30288461538461536
0 0.8149038461538461 0.10216346153846154 0.055288461538461536 0.20192307692307693
0 0.9182692307692307 0.09735576923076923 0.15865384615384615 0.19471153846153846
0 0.9026442307692307 0.27524038461538464 0.15384615384615385 0.2548076923076923
0 0.9891826923076923 0.29447115384615385 0.016826923076923076 0.25721153846153844