0 0.4639423076923077 0.17307692307692307 0.3942307692307692 0.2668269230769231
0 0.3629807692307692 0.046875 0.5120192307692307 0.08653846153846154
0 0.0985576923076923 0.05048076923076923 0.125 0.09375
0 0.14302884615384615 0.16346153846153846 0.27403846153846156 0.18028846153846154
0 0.21394230769230768 0.3629807692307692 0.3942307692307692 0.2548076923076923
0 0.5769230769230769 0.296875 0.3317307692307692 0.15384615384615385
0 0.6670673076923077 0.22115384615384615 0.08173076923076923 0.07692307692307693
0 0.7175480769230769 0.12139423076923077 0.2692307692307692 0.23557692307692307
0 0.6995192307692307 0.7415865384615384 0.4110576923076923 0.21153846153846154
0 0.4807692307692308 0.9002403846153846 0.4375 0.19471153846153846
0 0.21754807692307693 0.8185096153846154 0.31490384615384615 0.16346153846153846
0 0.22596153846153846 0.6177884615384616 0.43990384615384615 0.3317307692307692
0 0.5084134615384616 0.5600961538461539 0.2548076923076923 0.5384615384615384
0 0.4495192307692308 0.43149038461538464 0.17307692307692307 0.13701923076923078
0 0.07692307692307693 0.8713942307692307 0.14423076923076922 0.25
0 0.8233173076923077 0.8617788461538461 0.3485576923076923 0.15625
0 0.9543269230769231 0.5012019230769231 0.08653846153846154 0.5841346153846154
0 0.8425480769230769 0.46274038461538464 0.13701923076923078 0.5072115384615384
0 0.7295673076923077 0.44350961538461536 0.17307692307692307 0.46634615384615385