0 0.08653846153846154 0.5793269230769231 0.09134615384615384 0.28125
0 0.21875 0.6935096153846154 0.18269230769230768 0.3317307692307692
0 0.020432692307692308 0.5697115384615384 0.040865384615384616 0.17548076923076922
0 0.015625 0.34615384615384615 0.03125 0.3269230769230769
0 0.11177884615384616 0.2283653846153846 0.0625 0.2644230769230769
0 0.09615384615384616 0.9507211538461539 0.052884615384615384 0.09375
0 0.10817307692307693 0.8161057692307693 0.038461538461538464 0.2283653846153846
0 0.08173076923076923 0.8329326923076923 0.02403846153846154 0.15865384615384615
0 0.13822115384615385 0.8112980769230769 0.13221153846153846 0.23557692307692307
0 0.2668269230769231 0.8990384615384616 0.20192307692307693 0.18269230769230768
0 0.21875 0.9242788461538461 0.1875 0.1466346153846154
0 0.2692307692307692 0.5048076923076923 0.17548076923076922 0.43028846153846156
0 0.24759615384615385 0.1310096153846154 0.22596153846153846 0.24519230769230768
0 0.11778846153846154 0.04807692307692308 0.040865384615384616 0.07932692307692307
0 0.08052884615384616 0.0829326923076923 0.052884615384615384 0.14903846153846154
0 0.39783653846153844 0.140625 0.08173076923076923 0.2644230769230769
0 0.36658653846153844 0.04326923076923077 0.028846153846153848 0.06971153846153846
0 0.46875 0.14423076923076922 0.07451923076923077 0.27163461538461536
0 0.3918269230769231 0.5480769230769231 0.17548076923076922 0.7283653846153846
0 0.5024038461538461 0.6754807692307693 0.14423076923076922 0.4206730769230769
0 0.5973557692307693 0.9278846153846154 0.28125 0.13942307692307693
0 0.6538461538461539 0.6442307692307693 0.07932692307692307 0.43028846153846156
0 0.6081730769230769 0.7764423076923077 0.07211538461538461 0.16826923076923078
0 0.8822115384615384 0.9242788461538461 0.08653846153846154 0.1466346153846154
0 0.9543269230769231 0.8774038461538461 0.08653846153846154 0.21153846153846154
0 0.9819711538461539 0.4651442307692308 0.03125 0.5625
0 0.9639423076923077 0.13581730769230768 0.0673076923076923 0.2548076923076923
0 0.6622596153846154 0.20673076923076922 0.0673076923076923 0.3076923076923077
0 0.6875 0.06610576923076923 0.07211538461538461 0.11538461538461539
0 0.6141826923076923 0.26322115384615385 0.08413461538461539 0.4735576923076923
0 0.5661057692307693 0.359375 0.16826923076923078 0.21153846153846154
0 0.5685096153846154 0.1622596153846154 0.18269230769230768 0.3076923076923077