0 0.5396634615384616 0.8713942307692307 0.07932692307692307 0.11057692307692307
0 0.5204326923076923 0.9423076923076923 0.04807692307692308 0.07211538461538461
0 0.4795673076923077 0.8894230769230769 0.07211538461538461 0.10576923076923077
0 0.35096153846153844 0.8786057692307693 0.11057692307692307 0.125
0 0.296875 0.9110576923076923 0.09615384615384616 0.125
0 0.6442307692307693 0.8365384615384616 0.0625 0.052884615384615384
0 0.6959134615384616 0.8737980769230769 0.052884615384615384 0.07211538461538461
0 0.6610576923076923 0.9002403846153846 0.052884615384615384 0.052884615384615384
0 0.6466346153846154 0.8810096153846154 0.04567307692307692 0.04807692307692308
0 0.7367788461538461 0.9290865384615384 0.10576923076923077 0.10096153846153846
0 0.8389423076923077 0.8557692307692307 0.0673076923076923 0.0673076923076923
0 0.8329326923076923 0.9074519230769231 0.03365384615384615 0.04807692307692308
0 0.8701923076923077 0.8689903846153846 0.040865384615384616 0.0625
0 0.8629807692307693 0.9314903846153846 0.03365384615384615 0.07211538461538461
0 0.9098557692307693 0.8810096153846154 0.052884615384615384 0.10096153846153846
0 0.9471153846153846 0.8786057692307693 0.028846153846153848 0.0625
0 0.17668269230769232 0.8846153846153846 0.052884615384615384 0.09615384615384616
0 0.10697115384615384 0.9134615384615384 0.15384615384615385 0.0889423076923077
0 0.10096153846153846 0.8557692307692307 0.08173076923076923 0.07932692307692307
0 0.8966346153846154 0.6057692307692307 0.13942307692307693 0.1778846153846154
0 0.8737980769230769 0.6346153846153846 0.10096153846153846 0.11057692307692307
0 0.8858173076923077 0.6057692307692307 0.10096153846153846 0.10576923076923077
0 0.9002403846153846 0.5817307692307693 0.08653846153846154 0.1201923076923077
0 0.9399038461538461 0.5817307692307693 0.052884615384615384 0.14182692307692307
0 0.7175480769230769 0.5997596153846154 0.18028846153846154 0.14903846153846154
0 0.6971153846153846 0.5757211538461539 0.026442307692307692 0.10096153846153846
0 0.5192307692307693 0.5973557692307693 0.17307692307692307 0.12980769230769232
0 0.59375 0.5757211538461539 0.02403846153846154 0.04807692307692308
0 0.5697115384615384 0.5661057692307693 0.019230769230769232 0.038461538461538464
0 0.5793269230769231 0.5997596153846154 0.02403846153846154 0.021634615384615384
0 0.5264423076923077 0.6346153846153846 0.028846153846153848 0.038461538461538464
0 0.5504807692307693 0.6189903846153846 0.019230769230769232 0.026442307692307692
0 0.5757211538461539 0.6237980769230769 0.02403846153846154 0.026442307692307692
0 0.5192307692307693 0.5637019230769231 0.028846153846153848 0.04326923076923077
0 0.5492788461538461 0.5733173076923077 0.02403846153846154 0.04326923076923077
0 0.5240384615384616 0.5949519230769231 0.019230769230769232 0.03125
0 0.48677884615384615 0.6153846153846154 0.019230769230769232 0.052884615384615384
0 0.5096153846153846 0.6262019230769231 0.019230769230769232 0.03125
0 0.47596153846153844 0.5685096153846154 0.026442307692307692 0.04326923076923077
0 0.45072115384615385 0.5661057692307693 0.02403846153846154 0.057692307692307696
0 0.4639423076923077 0.6189903846153846 0.019230769230769232 0.038461538461538464
0 0.3233173076923077 0.6021634615384616 0.12740384615384615 0.15384615384615385
0 0.16346153846153846 0.5925480769230769 0.08653846153846154 0.12980769230769232
0 0.0829326923076923 0.5889423076923077 0.07692307692307693 0.11538461538461539
0 0.13341346153846154 0.45552884615384615 0.15384615384615385 0.07932692307692307
0 0.12379807692307693 0.4050480769230769 0.1658653846153846 0.09615384615384616
0 0.1201923076923077 0.4074519230769231 0.1658653846153846 0.11057692307692307
0 0.5 0.42908653846153844 0.1201923076923077 0.1201923076923077
0 0.5324519230769231 0.41346153846153844 0.11057692307692307 0.1201923076923077
0 0.5432692307692307 0.4026442307692308 0.16105769230769232 0.07932692307692307
0 0.31971153846153844 0.41346153846153844 0.1201923076923077 0.15384615384615385
0 0.7091346153846154 0.4206730769230769 0.11057692307692307 0.15865384615384615
0 0.90625 0.39783653846153844 0.1201923076923077 0.11057692307692307
0 0.8641826923076923 0.42908653846153844 0.12740384615384615 0.11057692307692307
0 0.8834134615384616 0.13701923076923078 0.09615384615384616 0.125
0 0.9134615384615384 0.0889423076923077 0.10576923076923077 0.07211538461538461
0 0.5865384615384616 0.11298076923076923 0.09134615384615384 0.16346153846153846
0 0.2403846153846154 0.11538461538461539 0.11298076923076923 0.14903846153846154
0 0.0889423076923077 0.12379807692307693 0.11538461538461539 0.16346153846153846
0 0.41947115384615385 0.11057692307692307 0.1778846153846154 0.16826923076923078
0 0.7427884615384616 0.12379807692307693 0.1466346153846154 0.16346153846153846