0 0.26802884615384615 0.9050480769230769 0.1201923076923077 0.07211538461538461
0 0.4891826923076923 0.8233173076923077 0.39903846153846156 0.19951923076923078
0 0.6935096153846154 0.9038461538461539 0.15384615384615385 0.1201923076923077
0 0.6334134615384616 0.765625 0.1875 0.11298076923076923
0 0.28725961538461536 0.734375 0.08173076923076923 0.05048076923076923
0 0.10096153846153846 0.71875 0.06009615384615385 0.02403846153846154
0 0.030048076923076924 0.7704326923076923 0.06009615384615385 0.14423076923076922
0 0.06370192307692307 0.5889423076923077 0.12740384615384615 0.10576923076923077
0 0.06850961538461539 0.6598557692307693 0.10336538461538461 0.08413461538461539
0 0.057692307692307696 0.47836538461538464 0.08173076923076923 0.052884615384615384
0 0.0625 0.4050480769230769 0.11538461538461539 0.07692307692307693
0 0.04927884615384615 0.3473557692307692 0.08653846153846154 0.0673076923076923
0 0.036057692307692304 0.33413461538461536 0.07211538461538461 0.08653846153846154
0 0.016826923076923076 0.26322115384615385 0.03365384615384615 0.04807692307692308
0 0.038461538461538464 0.23798076923076922 0.07692307692307693 0.0625
0 0.08774038461538461 0.203125 0.0985576923076923 0.07211538461538461
0 0.021634615384615384 0.1814903846153846 0.04326923076923077 0.036057692307692304
0 0.030048076923076924 0.14543269230769232 0.06009615384615385 0.057692307692307696
0 0.06850961538461539 0.10216346153846154 0.08173076923076923 0.08173076923076923
0 0.025240384615384616 0.06850961538461539 0.05048076923076923 0.0985576923076923
0 0.06610576923076923 0.03125 0.12980769230769232 0.052884615384615384
0 0.16947115384615385 0.028846153846153848 0.11057692307692307 0.05048076923076923
0 0.14783653846153846 0.08413461538461539 0.11057692307692307 0.07211538461538461
0 0.24278846153846154 0.06490384615384616 0.10336538461538461 0.08653846153846154
0 0.36658653846153844 0.02403846153846154 0.12980769230769232 0.038461538461538464
0 0.4182692307692308 0.05048076923076923 0.09134615384615384 0.05048076923076923
0 0.4699519230769231 0.021634615384615384 0.0985576923076923 0.036057692307692304
0 0.5084134615384616 0.056490384615384616 0.08653846153846154 0.07692307692307693
0 0.5985576923076923 0.054086538461538464 0.11538461538461539 0.07211538461538461
0 0.6502403846153846 0.10336538461538461 0.08653846153846154 0.0673076923076923
0 0.6995192307692307 0.038461538461538464 0.11057692307692307 0.0673076923076923
0 0.7956730769230769 0.03485576923076923 0.09134615384615384 0.0625
0 0.8689903846153846 0.02403846153846154 0.07692307692307693 0.038461538461538464
0 0.8581730769230769 0.1658653846153846 0.0985576923076923 0.0673076923076923
0 0.9122596153846154 0.12379807692307693 0.08653846153846154 0.09615384615384616
0 0.7620192307692307 0.08774038461538461 0.11538461538461539 0.07211538461538461
0 0.7103365384615384 0.15264423076923078 0.0985576923076923 0.08653846153846154
0 0.6009615384615384 0.18028846153846154 0.12980769230769232 0.09134615384615384
0 0.5408653846153846 0.14423076923076922 0.11057692307692307 0.08413461538461539
0 0.45072115384615385 0.13221153846153846 0.10336538461538461 0.052884615384615384
0 0.4699519230769231 0.18509615384615385 0.1201923076923077 0.08173076923076923
0 0.3605769230769231 0.14423076923076922 0.0985576923076923 0.04807692307692308
0 0.4266826923076923 0.10216346153846154 0.07692307692307693 0.057692307692307696
0 0.34975961538461536 0.08774038461538461 0.07692307692307693 0.08173076923076923
0 0.2764423076923077 0.125 0.07211538461538461 0.04807692307692308
0 0.3737980769230769 0.19230769230769232 0.11538461538461539 0.07211538461538461
0 0.18870192307692307 0.1658653846153846 0.18028846153846154 0.0985576923076923
0 0.18870192307692307 0.23798076923076922 0.10336538461538461 0.0625
0 0.25721153846153844 0.26322115384615385 0.11057692307692307 0.0625
0 0.3389423076923077 0.2512019230769231 0.11057692307692307 0.06490384615384616
0 0.19110576923076922 0.28966346153846156 0.08653846153846154 0.04807692307692308
0 0.10096153846153846 0.31971153846153844 0.10336538461538461 0.057692307692307696
0 0.0985576923076923 0.2620192307692308 0.11057692307692307 0.05048076923076923
0 0.16947115384615385 0.3449519230769231 0.1201923076923077 0.06490384615384616
0 0.1502403846153846 0.40865384615384615 0.08173076923076923 0.0625
0 0.12259615384615384 0.4567307692307692 0.11538461538461539 0.052884615384615384
0 0.15264423076923078 0.5036057692307693 0.07692307692307693 0.0625
0 0.03365384615384615 0.5396634615384616 0.0673076923076923 0.055288461538461536
0 0.7007211538461539 0.9951923076923077 0.06971153846153846 0.004807692307692308
0 0.7788461538461539 0.9879807692307693 0.10576923076923077 0.019230769230769232
0 0.7728365384615384 0.9579326923076923 0.09134615384615384 0.04807692307692308
0 0.7764423076923077 0.9050480769230769 0.07692307692307693 0.057692307692307696
0 0.8605769230769231 0.9122596153846154 0.08173076923076923 0.07211538461538461
0 0.9507211538461539 0.9266826923076923 0.08653846153846154 0.07451923076923077
0 0.9507211538461539 0.8605769230769231 0.08653846153846154 0.06971153846153846
0 0.8737980769230769 0.9699519230769231 0.0889423076923077 0.055288461538461536
0 0.7127403846153846 0.8257211538461539 0.038461538461538464 0.05048076923076923
0 0.7427884615384616 0.8016826923076923 0.0673076923076923 0.08413461538461539
0 0.7680288461538461 0.7271634615384616 0.10336538461538461 0.08173076923076923
0 0.6935096153846154 0.6887019230769231 0.14182692307692307 0.07692307692307693
0 0.5817307692307693 0.6658653846153846 0.09134615384615384 0.08173076923076923
0 0.49759615384615385 0.6670673076923077 0.07692307692307693 0.04807692307692308
0 0.46153846153846156 0.6923076923076923 0.07211538461538461 0.04807692307692308
0 0.3473557692307692 0.6850961538461539 0.11538461538461539 0.0673076923076923
0 0.3473557692307692 0.6213942307692307 0.09134615384615384 0.06490384615384616
0 0.4074519230769231 0.6586538461538461 0.04807692307692308 0.05048076923076923
0 0.46153846153846156 0.6213942307692307 0.09134615384615384 0.036057692307692304
0 0.47596153846153844 0.5685096153846154 0.1201923076923077 0.07692307692307693
0 0.3798076923076923 0.5733173076923077 0.04807692307692308 0.04807692307692308
0 0.4182692307692308 0.5216346153846154 0.11538461538461539 0.0625
0 0.38221153846153844 0.46033653846153844 0.08653846153846154 0.0673076923076923
0 0.47596153846153844 0.46153846153846156 0.08653846153846154 0.057692307692307696
0 0.5661057692307693 0.5877403846153846 0.09134615384615384 0.0673076923076923
0 0.7271634615384616 0.5985576923076923 0.1875 0.1346153846153846
0 0.8064903846153846 0.6778846153846154 0.07211538461538461 0.0625
0 0.8882211538461539 0.6730769230769231 0.09134615384615384 0.07211538461538461
0 0.8581730769230769 0.8052884615384616 0.11057692307692307 0.11298076923076923
0 0.9074519230769231 0.7163461538461539 0.17307692307692307 0.08653846153846154
0 0.9507211538461539 0.6454326923076923 0.08653846153846154 0.0673076923076923
0 0.9723557692307693 0.5853365384615384 0.04326923076923077 0.06490384615384616
0 0.9639423076923077 0.5204326923076923 0.06009615384615385 0.07211538461538461
0 0.8798076923076923 0.5456730769230769 0.12980769230769232 0.057692307692307696
0 0.8822115384615384 0.5997596153846154 0.09134615384615384 0.06490384615384616
0 0.7956730769230769 0.5168269230769231 0.07211538461538461 0.07211538461538461
0 0.7043269230769231 0.5060096153846154 0.11057692307692307 0.06490384615384616
0 0.9699519230769231 0.3485576923076923 0.04807692307692308 0.06490384615384616
0 0.8930288461538461 0.3401442307692308 0.10336538461538461 0.0625
0 0.8581730769230769 0.2704326923076923 0.11057692307692307 0.0625
0 0.7764423076923077 0.30528846153846156 0.0985576923076923 0.07211538461538461
0 0.6995192307692307 0.2512019230769231 0.1201923076923077 0.07211538461538461
0 0.6911057692307693 0.30408653846153844 0.09134615384615384 0.04807692307692308
0 0.6394230769230769 0.22716346153846154 0.1201923076923077 0.0673076923076923
0 0.7427884615384616 0.19110576923076922 0.07692307692307693 0.07692307692307693
0 0.5733173076923077 0.2548076923076923 0.0673076923076923 0.04326923076923077
0 0.5108173076923077 0.2439903846153846 0.08173076923076923 0.06490384615384616
0 0.4375 0.2548076923076923 0.08653846153846154 0.06490384615384616
0 0.3737980769230769 0.30408653846153844 0.11538461538461539 0.0673076923076923
0 0.6069711538461539 0.35096153846153844 0.08653846153846154 0.0625
0 0.5192307692307693 0.33653846153846156 0.07692307692307693 0.038461538461538464
0 0.48677884615384615 0.3112980769230769 0.07692307692307693 0.0625
0 0.5108173076923077 0.390625 0.11538461538461539 0.08413461538461539
0 0.38822115384615385 0.3942307692307692 0.0985576923076923 0.0625
0 0.3581730769230769 0.3485576923076923 0.09134615384615384 0.06490384615384616
0 0.3329326923076923 0.40865384615384615 0.03365384615384615 0.038461538461538464
0 0.2620192307692308 0.3870192307692308 0.0985576923076923 0.0673076923076923
0 0.5661057692307693 0.44350961538461536 0.09134615384615384 0.04326923076923077
0 0.6286057692307693 0.4266826923076923 0.0673076923076923 0.0625
0 0.7295673076923077 0.4182692307692308 0.125 0.10096153846153846
0 0.7211538461538461 0.3557692307692308 0.11057692307692307 0.057692307692307696
0 0.8665865384615384 0.4254807692307692 0.14903846153846154 0.057692307692307696
0 0.8497596153846154 0.4795673076923077 0.125 0.05048076923076923
0 0.8329326923076923 0.3605769230769231 0.06009615384615385 0.10096153846153846
0 0.9699519230769231 0.4495192307692308 0.04807692307692308 0.0625
0 0.19110576923076922 0.5985576923076923 0.14182692307692307 0.15625
0 0.06610576923076923 0.6033653846153846 0.12980769230769232 0.125