0 0.6262019230769231 0.5012019230769231 0.34134615384615385 0.21634615384615385
0 0.6887019230769231 0.8209134615384616 0.33653846153846156 0.20673076923076922
0 0.49399038461538464 0.7331730769230769 0.18509615384615385 0.15384615384615385
0 0.20673076923076922 0.7572115384615384 0.36538461538461536 0.1971153846153846
0 0.13822115384615385 0.6081730769230769 0.2644230769230769 0.18269230769230768
0 0.296875 0.4879807692307692 0.3173076923076923 0.2091346153846154
0 0.43149038461538464 0.6045673076923077 0.25 0.11538461538461539
0 0.7247596153846154 0.6358173076923077 0.3125 0.15865384615384615
0 0.8942307692307693 0.4963942307692308 0.20673076923076922 0.25721153846153844
0 0.7271634615384616 0.44591346153846156 0.18509615384615385 0.11538461538461539
0 0.6826923076923077 0.29086538461538464 0.28846153846153844 0.19230769230769232
0 0.421875 0.3870192307692308 0.3173076923076923 0.1778846153846154
0 0.20072115384615385 0.2620192307692308 0.35336538461538464 0.21153846153846154
0 0.12620192307692307 0.4254807692307692 0.2403846153846154 0.16346153846153846