0 0.9302884615384616 0.7740384615384616 0.12980769230769232 0.12740384615384615
0 0.8653846153846154 0.6923076923076923 0.15865384615384615 0.16105769230769232
0 0.9074519230769231 0.8822115384615384 0.17307692307692307 0.23076923076923078
0 0.9519230769230769 0.6838942307692307 0.08413461538461539 0.0673076923076923
0 0.8028846153846154 0.5 0.38221153846153844 0.36538461538461536
0 0.8028846153846154 0.4254807692307692 0.38221153846153844 0.3701923076923077
0 0.5925480769230769 0.13341346153846154 0.45913461538461536 0.2620192307692308
0 0.8701923076923077 0.21514423076923078 0.19230769230769232 0.2403846153846154
0 0.7139423076923077 0.054086538461538464 0.25961538461538464 0.10336538461538461
0 0.9266826923076923 0.1622596153846154 0.13701923076923078 0.31971153846153844
0 0.8173076923076923 0.04447115384615385 0.23076923076923078 0.08653846153846154
0 0.4855769230769231 0.12379807692307693 0.36538461538461536 0.1346153846153846
0 0.6117788461538461 0.22596153846153846 0.2932692307692308 0.14903846153846154
0 0.5144230769230769 0.2439903846153846 0.21875 0.22596153846153846
0 0.5865384615384616 0.18389423076923078 0.7692307692307693 0.3629807692307692
0 0.25240384615384615 0.21153846153846154 0.19230769230769232 0.1201923076923077
0 0.3088942307692308 0.2920673076923077 0.1466346153846154 0.0673076923076923
0 0.3233173076923077 0.36177884615384615 0.13942307692307693 0.07451923076923077
0 0.33653846153846156 0.4387019230769231 0.18028846153846154 0.08653846153846154
0 0.20552884615384615 0.36899038461538464 0.11778846153846154 0.07451923076923077
0 0.171875 0.24879807692307693 0.12980769230769232 0.11538461538461539
0 0.1201923076923077 0.27163461538461536 0.09615384615384616 0.07692307692307693
0 0.11177884615384616 0.3605769230769231 0.10096153846153846 0.0985576923076923
0 0.037259615384615384 0.3581730769230769 0.07451923076923077 0.09615384615384616
0 0.037259615384615384 0.4567307692307692 0.07451923076923077 0.10096153846153846
0 0.171875 0.5120192307692307 0.2403846153846154 0.20673076923076922
0 0.5480769230769231 0.4050480769230769 0.20673076923076922 0.10096153846153846
0 0.43028846153846156 0.42908653846153844 0.0625 0.09615384615384616
0 0.4639423076923077 0.328125 0.15144230769230768 0.1346153846153846
0 0.6682692307692307 0.5 0.16826923076923078 0.08653846153846154
0 0.7524038461538461 0.6057692307692307 0.19230769230769232 0.13942307692307693
0 0.7728365384615384 0.875 0.17307692307692307 0.13942307692307693
0 0.8317307692307693 0.9711538461538461 0.10096153846153846 0.05048076923076923
0 0.7163461538461539 0.8112980769230769 0.20673076923076922 0.1466346153846154
0 0.640625 0.9447115384615384 0.30288461538461536 0.10336538461538461
0 0.5168269230769231 0.8870192307692307 0.28125 0.1201923076923077
0 0.4074519230769231 0.9242788461538461 0.21875 0.10336538461538461
0 0.390625 0.984375 0.21875 0.026442307692307692
0 0.18509615384615385 0.8918269230769231 0.2692307692307692 0.18028846153846154
0 0.15504807692307693 0.9615384615384616 0.25240384615384615 0.07211538461538461
0 0.04807692307692308 0.8786057692307693 0.09615384615384616 0.12980769230769232
0 0.03125 0.9615384615384616 0.0625 0.07211538461538461
0 0.09254807692307693 0.7415865384615384 0.18509615384615385 0.1778846153846154
0 0.12980769230769232 0.6418269230769231 0.21394230769230768 0.11057692307692307
0 0.04807692307692308 0.5757211538461539 0.09615384615384616 0.15384615384615385
0 0.03365384615384615 0.7355769230769231 0.0673076923076923 0.1778846153846154
0 0.4074519230769231 0.59375 0.34134615384615385 0.22596153846153846
0 0.44350961538461536 0.71875 0.21394230769230768 0.12980769230769232
0 0.5925480769230769 0.7331730769230769 0.23076923076923078 0.17307692307692307
0 0.6634615384615384 0.625 0.2692307692307692 0.1778846153846154
0 0.4831730769230769 0.53125 0.21394230769230768 0.12980769230769232
0 0.36538461538461536 0.5228365384615384 0.18028846153846154 0.08653846153846154
0 0.49759615384615385 0.4963942307692308 0.15144230769230768 0.08653846153846154
0 0.13822115384615385 0.5913461538461539 0.09615384615384616 0.0673076923076923
0 0.18269230769230768 0.36778846153846156 0.10576923076923077 0.11298076923076923
0 0.0673076923076923 0.24519230769230768 0.1346153846153846 0.15144230769230768
0 0.17427884615384615 0.1310096153846154 0.07692307692307693 0.08653846153846154
0 0.1310096153846154 0.12740384615384615 0.2620192307692308 0.25