0 0.4206730769230769 0.7151442307692307 0.6298076923076923 0.4495192307692308
0 0.3076923076923077 0.953125 0.5096153846153846 0.08653846153846154
0 0.052884615384615384 0.9182692307692307 0.09615384615384616 0.15384615384615385
0 0.09735576923076923 0.6598557692307693 0.18269230769230768 0.4230769230769231
0 0.17427884615384615 0.2980769230769231 0.33653846153846156 0.2403846153846154
0 0.19951923076923078 0.4735576923076923 0.28365384615384615 0.125
0 0.6995192307692307 0.3870192307692308 0.3894230769230769 0.28365384615384615
0 0.7920673076923077 0.6850961538461539 0.32211538461538464 0.30528846153846156
0 0.8064903846153846 0.9014423076923077 0.38221153846153844 0.19230769230769232
0 0.5709134615384616 0.9375 0.0673076923076923 0.08653846153846154
0 0.9146634615384616 0.7151442307692307 0.1658653846153846 0.19471153846153846
0 0.9146634615384616 0.4579326923076923 0.1658653846153846 0.31009615384615385
0 0.8485576923076923 0.20072115384615385 0.2980769230769231 0.25721153846153844
0 0.9086538461538461 0.07572115384615384 0.1778846153846154 0.15144230769230768
0 0.703125 0.051682692307692304 0.3245192307692308 0.10336538461538461
0 0.6057692307692307 0.125 0.21153846153846154 0.25
0 0.5132211538461539 0.21875 0.16346153846153846 0.1201923076923077
0 0.4579326923076923 0.2512019230769231 0.09615384615384616 0.09375
0 0.47836538461538464 0.31490384615384615 0.0625 0.057692307692307696
0 0.3894230769230769 0.3473557692307692 0.09615384615384616 0.08173076923076923
0 0.3449519230769231 0.39783653846153844 0.0673076923076923 0.0625
0 0.38461538461538464 0.22596153846153846 0.0625 0.0673076923076923
0 0.453125 0.10216346153846154 0.28365384615384615 0.20432692307692307
0 0.27403846153846156 0.0625 0.10576923076923077 0.07932692307692307
0 0.26802884615384615 0.12620192307692307 0.19951923076923078 0.08653846153846154
0 0.08173076923076923 0.20793269230769232 0.14182692307692307 0.07692307692307693
0 0.03365384615384615 0.39783653846153844 0.057692307692307696 0.057692307692307696
0 0.11057692307692307 0.10216346153846154 0.21153846153846154 0.1658653846153846
0 0.0889423076923077 0.009615384615384616 0.16826923076923078 0.019230769230769232
0 0.27163461538461536 0.028846153846153848 0.21634615384615385 0.057692307692307696
0 0.5 0.5 0.9951923076923077 1