0 0.9435096153846154 0.6442307692307693 0.10817307692307693 0.2403846153846154
0 0.96875 0.7716346153846154 0.057692307692307696 0.09134615384615384
0 0.9867788461538461 0.5480769230769231 0.021634615384615384 0.15865384615384615
0 0.9254807692307693 0.5204326923076923 0.08173076923076923 0.13701923076923078
0 0.4411057692307692 0.8882211538461539 0.1466346153846154 0.21875
0 0.31490384615384615 0.8605769230769231 0.11057692307692307 0.11298076923076923
0 0.19831730769230768 0.7884615384615384 0.11778846153846154 0.22115384615384615
0 0.24879807692307693 0.6995192307692307 0.125 0.18509615384615385
0 0.17307692307692307 0.6189903846153846 0.0673076923076923 0.14182692307692307
0 0.26322115384615385 0.5829326923076923 0.09375 0.08173076923076923
0 0.20192307692307693 0.5829326923076923 0.04326923076923077 0.04807692307692308
0 0.3545673076923077 0.6165865384615384 0.11057692307692307 0.13701923076923078
0 0.33774038461538464 0.7235576923076923 0.08413461538461539 0.11298076923076923
0 0.41225961538461536 0.7680288461538461 0.13701923076923078 0.21394230769230768
0 0.4266826923076923 0.6610576923076923 0.06009615384615385 0.1201923076923077
0 0.5 0.6754807692307693 0.10096153846153846 0.11298076923076923
0 0.4735576923076923 0.5865384615384616 0.1466346153846154 0.125
0 0.5745192307692307 0.5685096153846154 0.057692307692307696 0.0889423076923077
0 0.5805288461538461 0.6454326923076923 0.10576923076923077 0.1971153846153846
0 0.5685096153846154 0.7439903846153846 0.10336538461538461 0.07211538461538461
0 0.5552884615384616 0.8149038461538461 0.09134615384615384 0.14423076923076922
0 0.6382211538461539 0.7740384615384616 0.08173076923076923 0.1201923076923077
0 0.6766826923076923 0.6514423076923077 0.09375 0.16105769230769232
0 0.6887019230769231 0.7584134615384616 0.04326923076923077 0.07692307692307693
0 0.7235576923076923 0.7115384615384616 0.038461538461538464 0.028846153846153848
0 0.7451923076923077 0.6670673076923077 0.04326923076923077 0.06009615384615385
0 0.7596153846153846 0.6045673076923077 0.026442307692307692 0.06490384615384616
0 0.7331730769230769 0.5925480769230769 0.038461538461538464 0.06490384615384616
0 0.8317307692307693 0.6189903846153846 0.06971153846153846 0.07211538461538461
0 0.78125 0.5985576923076923 0.038461538461538464 0.06490384615384616
0 0.8834134615384616 0.625 0.019230769230769232 0.06009615384615385
0 0.8485576923076923 0.5769230769230769 0.0625 0.07211538461538461
0 0.16947115384615385 0.08052884615384616 0.06009615384615385 0.14903846153846154
0 0.18389423076923078 0.1814903846153846 0.08653846153846154 0.2932692307692308
0 0.18629807692307693 0.4110576923076923 0.09375 0.27403846153846156
0 0.328125 0.14543269230769232 0.1971153846153846 0.27884615384615385
0 0.24519230769230768 0.28846153846153844 0.08173076923076923 0.13701923076923078
0 0.24879807692307693 0.4230769230769231 0.10336538461538461 0.23798076923076922
0 0.3605769230769231 0.41947115384615385 0.16826923076923078 0.2548076923076923
0 0.35336538461538464 0.25600961538461536 0.1466346153846154 0.16826923076923078
0 0.3233173076923077 0.5204326923076923 0.08173076923076923 0.07692307692307693
0 0.20793269230769232 0.5240384615384616 0.0625 0.06009615384615385
0 0.4651442307692308 0.43990384615384615 0.11538461538461539 0.21394230769230768
0 0.4795673076923077 0.19951923076923078 0.1346153846153846 0.2932692307692308
0 0.4735576923076923 0.036057692307692304 0.1346153846153846 0.06009615384615385
0 0.5721153846153846 0.06850961538461539 0.11778846153846154 0.125
0 0.5661057692307693 0.21995192307692307 0.10817307692307693 0.23798076923076922
0 0.5528846153846154 0.43149038461538464 0.1201923076923077 0.2548076923076923
0 0.6550480769230769 0.4495192307692308 0.09134615384615384 0.20673076923076922
0 0.6177884615384616 0.30408653846153844 0.0625 0.08173076923076923
0 0.703125 0.23557692307692307 0.16826923076923078 0.28125
0 0.7199519230769231 0.07692307692307693 0.17307692307692307 0.14423076923076922
0 0.8161057692307693 0.0889423076923077 0.09375 0.16826923076923078
0 0.8004807692307693 0.26802884615384615 0.09375 0.21394230769230768
0 0.9014423076923077 0.0985576923076923 0.11057692307692307 0.18509615384615385
0 0.96875 0.07451923076923077 0.038461538461538464 0.13701923076923078
0 0.8617788461538461 0.24158653846153846 0.0625 0.18509615384615385
0 0.7536057692307693 0.4014423076923077 0.1201923076923077 0.0889423076923077
0 0.7019230769230769 0.5024038461538461 0.13701923076923078 0.125
0 0.8485576923076923 0.36899038461538464 0.0625 0.10576923076923077
0 0.7896634615384616 0.5024038461538461 0.11298076923076923 0.14903846153846154
0 0.8786057692307693 0.49158653846153844 0.06971153846153846 0.125
0 0.9435096153846154 0.33774038461538464 0.10817307692307693 0.24759615384615385
0 0.9278846153846154 0.2644230769230769 0.125 0.24519230769230768
0 0.9795673076923077 0.11057692307692307 0.038461538461538464 0.20673076923076922