0 0.1778846153846154 0.35096153846153844 0.19230769230769232 0.1466346153846154
0 0.3293269230769231 0.06971153846153846 0.25721153846153844 0.12980769230769232
0 0.4951923076923077 0.1502403846153846 0.1971153846153846 0.1778846153846154
0 0.3557692307692308 0.1622596153846154 0.11298076923076923 0.07692307692307693
0 0.47716346153846156 0.037259615384615384 0.0673076923076923 0.0673076923076923
0 0.5829326923076923 0.0733173076923077 0.20673076923076922 0.12980769230769232
0 0.6310096153846154 0.04807692307692308 0.17067307692307693 0.0889423076923077
0 0.7427884615384616 0.04807692307692308 0.11298076923076923 0.0889423076923077
0 0.796875 0.1201923076923077 0.12980769230769232 0.10817307692307693
0 0.7427884615384616 0.15625 0.1346153846153846 0.0889423076923077
0 0.6983173076923077 0.1045673076923077 0.057692307692307696 0.052884615384615384
0 0.6754807692307693 0.21033653846153846 0.20673076923076922 0.12740384615384615
0 0.4254807692307692 0.27163461538461536 0.20192307692307693 0.0889423076923077
0 0.38100961538461536 0.24519230769230768 0.14423076923076922 0.11057692307692307
0 0.41466346153846156 0.3473557692307692 0.22115384615384615 0.1778846153846154
0 0.45913461538461536 0.4362980769230769 0.21634615384615385 0.1466346153846154
0 0.3870192307692308 0.5504807692307693 0.23557692307692307 0.1346153846153846
0 0.20673076923076922 0.5612980769230769 0.1346153846153846 0.10576923076923077
0 0.12620192307692307 0.5 0.17067307692307693 0.11057692307692307
0 0.3786057692307692 0.6622596153846154 0.12980769230769232 0.09615384615384616
0 0.2932692307692308 0.6213942307692307 0.1346153846153846 0.0625
0 0.48677884615384615 0.5925480769230769 0.09615384615384616 0.09615384615384616
0 0.6009615384615384 0.5324519230769231 0.17067307692307693 0.1466346153846154
0 0.6550480769230769 0.39903846153846156 0.21634615384615385 0.12740384615384615
0 0.6550480769230769 0.328125 0.25721153846153844 0.09134615384615384
0 0.7704326923076923 0.43028846153846156 0.18028846153846154 0.14423076923076922
0 0.8221153846153846 0.328125 0.1201923076923077 0.10096153846153846
0 0.8401442307692307 0.25841346153846156 0.10336538461538461 0.06971153846153846
0 0.8509615384615384 0.20432692307692307 0.09134615384615384 0.0625
0 0.9122596153846154 0.28365384615384615 0.0625 0.11057692307692307
0 0.9098557692307693 0.3629807692307692 0.0673076923076923 0.11538461538461539
0 0.08533653846153846 0.6201923076923077 0.15865384615384615 0.15144230769230768
0 0.12620192307692307 0.6538461538461539 0.14903846153846154 0.1346153846153846
0 0.1778846153846154 0.6141826923076923 0.10817307692307693 0.10096153846153846
0 0.2608173076923077 0.7067307692307693 0.19230769230769232 0.13221153846153846
0 0.26322115384615385 0.6370192307692307 0.0625 0.02403846153846154
0 0.35336538461538464 0.7487980769230769 0.07692307692307693 0.07692307692307693
0 0.3449519230769231 0.7704326923076923 0.052884615384615384 0.026442307692307692
0 0.2608173076923077 0.828125 0.15865384615384615 0.1201923076923077
0 0.30649038461538464 0.8341346153846154 0.18028846153846154 0.11538461538461539
0 0.33774038461538464 0.9242788461538461 0.13942307692307693 0.10576923076923077
0 0.203125 0.9338942307692307 0.19230769230769232 0.11538461538461539
0 0.43509615384615385 0.8942307692307693 0.12980769230769232 0.09615384615384616
0 0.44350961538461536 0.7992788461538461 0.1346153846153846 0.10817307692307693
0 0.47475961538461536 0.7259615384615384 0.15384615384615385 0.09134615384615384
0 0.5793269230769231 0.6598557692307693 0.13942307692307693 0.125
0 0.5288461538461539 0.8125 0.10817307692307693 0.1201923076923077
0 0.6346153846153846 0.7668269230769231 0.14423076923076922 0.08173076923076923
0 0.6959134615384616 0.7199519230769231 0.0625 0.05048076923076923
0 0.6598557692307693 0.6850961538461539 0.125 0.10576923076923077
0 0.5036057692307693 0.9447115384615384 0.13221153846153846 0.10576923076923077
0 0.3942307692307692 0.9795673076923077 0.11057692307692307 0.036057692307692304
0 0.5540865384615384 0.9579326923076923 0.14182692307692307 0.07932692307692307
0 0.6887019230769231 0.9495192307692307 0.08653846153846154 0.0625
0 0.7704326923076923 0.9579326923076923 0.07692307692307693 0.04807692307692308
0 0.7788461538461539 0.9098557692307693 0.1346153846153846 0.08173076923076923
0 0.8473557692307693 0.8629807692307693 0.07692307692307693 0.0673076923076923
0 0.8329326923076923 0.8401442307692307 0.08653846153846154 0.0889423076923077
0 0.8870192307692307 0.7956730769230769 0.10336538461538461 0.09134615384615384
0 0.9350961538461539 0.7872596153846154 0.036057692307692304 0.0625
0 0.9771634615384616 0.7163461538461539 0.02403846153846154 0.04326923076923077
0 0.9867788461538461 0.6935096153846154 0.02403846153846154 0.07211538461538461
0 0.9783653846153846 0.5889423076923077 0.038461538461538464 0.07211538461538461
0 0.9459134615384616 0.5805288461538461 0.04807692307692308 0.057692307692307696
0 0.9170673076923077 0.5072115384615384 0.07211538461538461 0.0673076923076923
0 0.8425480769230769 0.5036057692307693 0.07692307692307693 0.07211538461538461
0 0.8064903846153846 0.5348557692307693 0.1201923076923077 0.08173076923076923
0 0.7247596153846154 0.5564903846153846 0.10817307692307693 0.07692307692307693
0 0.7091346153846154 0.6153846153846154 0.15865384615384615 0.07211538461538461
0 0.7524038461538461 0.6658653846153846 0.0625 0.03365384615384615
0 0.7908653846153846 0.7043269230769231 0.12980769230769232 0.07211538461538461
0 0.8064903846153846 0.6598557692307693 0.0673076923076923 0.052884615384615384
0 0.8293269230769231 0.6334134615384616 0.09134615384615384 0.07692307692307693
0 0.8329326923076923 0.5961538461538461 0.0673076923076923 0.03365384615384615
0 0.8966346153846154 0.625 0.07211538461538461 0.06971153846153846
0 0.8990384615384616 0.5637019230769231 0.0673076923076923 0.06971153846153846
0 0.8894230769230769 0.7043269230769231 0.09615384615384616 0.07932692307692307
0 0.9411057692307693 0.7103365384615384 0.057692307692307696 0.06971153846153846
0 0.8088942307692307 0.7572115384615384 0.15384615384615385 0.04807692307692308
0 0.7572115384615384 0.8064903846153846 0.1346153846153846 0.13942307692307693
0 0.6370192307692307 0.8629807692307693 0.18028846153846154 0.1346153846153846
3 0.8629807692307693 0.09254807692307693 0.0673076923076923 0.1778846153846154