0 0.8930288461538461 0.6754807692307693 0.1201923076923077 0.375
0 0.9435096153846154 0.6274038461538461 0.10576923076923077 0.2932692307692308
0 0.9362980769230769 0.5120192307692307 0.1201923076923077 0.1201923076923077
0 0.8401442307692307 0.47596153846153844 0.08173076923076923 0.12980769230769232
0 0.8834134615384616 0.3894230769230769 0.0673076923076923 0.10096153846153846
0 0.8413461538461539 0.375 0.0625 0.08173076923076923
0 0.7872596153846154 0.43990384615384615 0.0673076923076923 0.1201923076923077
0 0.7451923076923077 0.4639423076923077 0.04326923076923077 0.07211538461538461
0 0.8076923076923077 0.8737980769230769 0.30288461538461536 0.24759615384615385
0 0.8521634615384616 0.6454326923076923 0.0625 0.25721153846153844
0 0.78125 0.6899038461538461 0.11057692307692307 0.23798076923076922
0 0.8317307692307693 0.6334134615384616 0.057692307692307696 0.07692307692307693
0 0.8161057692307693 0.5504807692307693 0.10096153846153846 0.10096153846153846
0 0.7932692307692307 0.35697115384615385 0.03365384615384615 0.04807692307692308
0 0.7463942307692307 0.38100961538461536 0.0673076923076923 0.10817307692307693
0 0.703125 0.4375 0.06009615384615385 0.0889423076923077
0 0.6598557692307693 0.4170673076923077 0.0673076923076923 0.07211538461538461
0 0.6646634615384616 0.37259615384615385 0.0625 0.07692307692307693
0 0.7067307692307693 0.3485576923076923 0.026442307692307692 0.028846153846153848
0 0.6081730769230769 0.36658653846153844 0.05048076923076923 0.06490384615384616
0 0.5985576923076923 0.4170673076923077 0.057692307692307696 0.07211538461538461
0 0.5817307692307693 0.5060096153846154 0.07692307692307693 0.10576923076923077
0 0.53125 0.43990384615384615 0.08173076923076923 0.09615384615384616
0 0.5396634615384616 0.3605769230769231 0.08173076923076923 0.125
0 0.5132211538461539 0.2704326923076923 0.07211538461538461 0.0889423076923077
0 0.49038461538461536 0.33052884615384615 0.04807692307692308 0.10096153846153846
0 0.7572115384615384 0.30408653846153844 0.3870192307692308 0.08413461538461539
0 0.7451923076923077 0.23197115384615385 0.4639423076923077 0.10817307692307693
0 0.6862980769230769 0.17307692307692307 0.4206730769230769 0.09615384615384616
0 0.6983173076923077 0.09495192307692307 0.47836538461538464 0.18028846153846154
0 0.2536057692307692 0.2920673076923077 0.42788461538461536 0.1201923076923077
0 0.4050480769230769 0.23798076923076922 0.14423076923076922 0.06009615384615385
0 0.3269230769230769 0.20793269230769232 0.4519230769230769 0.06009615384615385
0 0.28365384615384615 0.13701923076923078 0.31971153846153844 0.07211538461538461
0 0.4182692307692308 0.4230769230769231 0.2644230769230769 0.1778846153846154
0 0.33052884615384615 0.41346153846153844 0.08173076923076923 0.10096153846153846
0 0.41947115384615385 0.4579326923076923 0.1346153846153846 0.14423076923076922
0 0.5 0.5504807692307693 0.09375 0.125
0 0.4651442307692308 0.6430288461538461 0.25 0.1778846153846154
0 0.5552884615384616 0.7079326923076923 0.12980769230769232 0.15384615384615385
0 0.6237980769230769 0.75 0.052884615384615384 0.10576923076923077
0 0.6802884615384616 0.7415865384615384 0.09375 0.16105769230769232
0 0.7415865384615384 0.7295673076923077 0.038461538461538464 0.052884615384615384
0 0.7427884615384616 0.6574519230769231 0.07211538461538461 0.10096153846153846
0 0.5769230769230769 0.8569711538461539 0.08653846153846154 0.10576923076923077
0 0.6334134615384616 0.8774038461538461 0.06009615384615385 0.0889423076923077
0 0.65625 0.9230769230769231 0.038461538461538464 0.04807692307692308
0 0.5432692307692307 0.9170673076923077 0.052884615384615384 0.06009615384615385
0 0.4963942307692308 0.8689903846153846 0.07211538461538461 0.09615384615384616
0 0.34615384615384615 0.9086538461538461 0.2932692307692308 0.1778846153846154
0 0.41225961538461536 0.8569711538461539 0.09134615384615384 0.1201923076923077
0 0.45552884615384615 0.7680288461538461 0.09615384615384616 0.10576923076923077
0 0.30649038461538464 0.7644230769230769 0.20673076923076922 0.24519230769230768
0 0.10697115384615384 0.6694711538461539 0.21394230769230768 0.6009615384615384
0 0.1346153846153846 0.5745192307692307 0.12980769230769232 0.21875
0 0.22115384615384615 0.4110576923076923 0.15144230769230768 0.23798076923076922
0 0.08052884615384616 0.3894230769230769 0.13942307692307693 0.23076923076923078
0 0.3762019230769231 0.5805288461538461 0.13942307692307693 0.17307692307692307
0 0.2668269230769231 0.6490384615384616 0.1201923076923077 0.1201923076923077
0 0.33774038461538464 0.6430288461538461 0.07692307692307693 0.10576923076923077
0 0.27524038461538464 0.5504807692307693 0.09134615384615384 0.125