0 0.16346153846153846 0.890625 0.32211538461538464 0.20673076923076922
0 0.16346153846153846 0.7067307692307693 0.32211538461538464 0.2764423076923077
0 0.20192307692307693 0.46274038461538464 0.2860576923076923 0.25961538461538464
0 0.03485576923076923 0.5456730769230769 0.0625 0.1971153846153846
0 0.046875 0.4026442307692308 0.08653846153846154 0.14903846153846154
0 0.056490384615384616 0.2668269230769231 0.10576923076923077 0.23557692307692307
0 0.22115384615384615 0.28725961538461536 0.2620192307692308 0.21875
0 0.2548076923076923 0.11177884615384616 0.2620192307692308 0.20192307692307693
0 0.3016826923076923 0.24158653846153846 0.10096153846153846 0.10336538461538461
0 0.06610576923076923 0.10576923076923077 0.125 0.20192307692307693
0 0.09254807692307693 0.046875 0.12740384615384615 0.09375
0 0.3329326923076923 0.046875 0.13701923076923078 0.09375
0 0.4735576923076923 0.10336538461538461 0.20192307692307693 0.18269230769230768
0 0.47115384615384615 0.23557692307692307 0.24519230769230768 0.1971153846153846
0 0.47596153846153844 0.38822115384615385 0.3173076923076923 0.22355769230769232
0 0.5084134615384616 0.6610576923076923 0.39663461538461536 0.36778846153846156
0 0.5348557692307693 0.8365384615384616 0.4206730769230769 0.3173076923076923
0 0.8016826923076923 0.9254807692307693 0.25961538461538464 0.13942307692307693
0 0.8100961538461539 0.7043269230769231 0.2403846153846154 0.375
0 0.7331730769230769 0.3762019230769231 0.21634615384615385 0.2932692307692308
0 0.6971153846153846 0.19831730769230768 0.2403846153846154 0.24759615384615385
0 0.6754807692307693 0.06370192307692307 0.23557692307692307 0.125
0 0.8954326923076923 0.07572115384615384 0.20432692307692307 0.15144230769230768
0 0.8918269230769231 0.22716346153846154 0.21153846153846154 0.23798076923076922
0 0.9170673076923077 0.4182692307692308 0.16105769230769232 0.3317307692307692
0 0.9567307692307693 0.6418269230769231 0.08173076923076923 0.3317307692307692
0 0.9603365384615384 0.8737980769230769 0.07451923076923077 0.24278846153846154