0 0.5432692307692307 0.21394230769230768 0.23076923076923078 0.34375
0 0.18028846153846154 0.6814903846153846 0.20673076923076922 0.20432692307692307
0 0.36899038461538464 0.5564903846153846 0.12980769230769232 0.10817307692307693
0 0.2860576923076923 0.5961538461538461 0.09615384615384616 0.1346153846153846
0 0.3112980769230769 0.6983173076923077 0.09615384615384616 0.10817307692307693
0 0.33774038461538464 0.6430288461538461 0.04807692307692308 0.05048076923076923
0 0.33533653846153844 0.7548076923076923 0.125 0.09615384615384616
0 0.5204326923076923 0.7524038461538461 0.11298076923076923 0.12980769230769232
0 0.5673076923076923 0.6790865384615384 0.08173076923076923 0.07692307692307693
0 0.6730769230769231 0.7295673076923077 0.1201923076923077 0.06971153846153846
0 0.5252403846153846 0.6466346153846154 0.11298076923076923 0.11057692307692307
0 0.4326923076923077 0.7608173076923077 0.07211538461538461 0.10096153846153846
0 0.039663461538461536 0.6778846153846154 0.07451923076923077 0.07692307692307693
0 0.4891826923076923 0.5168269230769231 0.9278846153846154 0.6778846153846154
0 0.3713942307692308 0.11057692307692307 0.18509615384615385 0.0889423076923077