0 0.5132211538461539 0.5300480769230769 0.42788461538461536 0.6682692307692307
0 0.078125 0.41586538461538464 0.14903846153846154 0.5913461538461539
0 0.109375 0.10096153846153846 0.21153846153846154 0.19230769230769232
0 0.4110576923076923 0.1201923076923077 0.3701923076923077 0.23076923076923078
0 0.7259615384615384 0.04927884615384615 0.1778846153846154 0.08653846153846154
0 0.6778846153846154 0.24278846153846154 0.27403846153846156 0.36538461538461536
0 0.24519230769230768 0.4423076923076923 0.27403846153846156 0.5024038461538461
0 0.8401442307692307 0.6430288461538461 0.31490384615384615 0.5552884615384616
0 0.9002403846153846 0.203125 0.19471153846153846 0.39663461538461536
0 0.22355769230769232 0.8269230769230769 0.4423076923076923 0.34134615384615385
0 0.5733173076923077 0.8617788461538461 0.35336538461538464 0.27163461538461536
0 0.8689903846153846 0.9158653846153846 0.25721153846153844 0.16346153846153846