0 0.5649038461538461 0.20552884615384615 0.28365384615384615 0.3557692307692308
0 0.7487980769230769 0.34975961538461536 0.2932692307692308 0.33653846153846156
0 0.8545673076923077 0.6310096153846154 0.28365384615384615 0.3269230769230769
0 0.9735576923076923 0.3870192307692308 0.04567307692307692 0.25
0 0.9146634615384616 0.8353365384615384 0.16346153846153846 0.22596153846153846
0 0.7091346153846154 0.7896634615384616 0.25 0.21153846153846154
0 0.5348557692307693 0.6454326923076923 0.29086538461538464 0.3269230769230769
0 0.6742788461538461 0.5432692307692307 0.15384615384615385 0.13942307692307693
0 0.4795673076923077 0.4014423076923077 0.2692307692307692 0.22115384615384615
0 0.28365384615384615 0.2439903846153846 0.23557692307692307 0.28846153846153844
0 0.22596153846153846 0.53125 0.2860576923076923 0.3173076923076923
0 0.3317307692307692 0.6009615384615384 0.125 0.22596153846153846
0 0.30528846153846156 0.8016826923076923 0.35096153846153844 0.24519230769230768
0 0.5492788461538461 0.8521634615384616 0.13701923076923078 0.125
0 0.1045673076923077 0.6201923076923077 0.2091346153846154 0.3798076923076923
0 0.15384615384615385 0.359375 0.11538461538461539 0.18269230769230768