0 0.7043269230769231 0.1658653846153846 0.3605769230769231 0.18509615384615385
0 0.5432692307692307 0.28365384615384615 0.19230769230769232 0.11538461538461539
0 0.6670673076923077 0.25240384615384615 0.0985576923076923 0.0625
0 0.7728365384615384 0.21514423076923078 0.11538461538461539 0.057692307692307696
0 0.9350961538461539 0.12139423076923077 0.125 0.13221153846153846
0 0.796875 0.056490384615384616 0.23798076923076922 0.10817307692307693
0 0.8774038461538461 0.016826923076923076 0.13701923076923078 0.03365384615384615
0 0.9471153846153846 0.03245192307692308 0.10096153846153846 0.06009615384615385
0 0.6189903846153846 0.02283653846153846 0.12259615384615384 0.040865384615384616
0 0.5492788461538461 0.057692307692307696 0.24759615384615385 0.11057692307692307
0 0.41586538461538464 0.027644230769230768 0.07692307692307693 0.052884615384615384
0 0.28725961538461536 0.03365384615384615 0.17067307692307693 0.0625
0 0.3798076923076923 0.13822115384615385 0.18028846153846154 0.15865384615384615
0 0.4831730769230769 0.11778846153846154 0.23557692307692307 0.14903846153846154
0 0.21875 0.234375 0.15384615384615385 0.23557692307692307
0 0.22355769230769232 0.41586538461538464 0.2403846153846154 0.16346153846153846
0 0.08413461538461539 0.2980769230769231 0.15865384615384615 0.2692307692307692
0 0.47836538461538464 0.453125 0.15865384615384615 0.12740384615384615
0 0.671875 0.48197115384615385 0.1971153846153846 0.23076923076923078
0 0.8557692307692307 0.4639423076923077 0.19230769230769232 0.15625
0 0.828125 0.34134615384615385 0.25721153846153844 0.16826923076923078
0 0.8930288461538461 0.6346153846153846 0.21153846153846154 0.33653846153846156
0 0.8004807692307693 0.7692307692307693 0.3004807692307692 0.23076923076923078
0 0.6935096153846154 0.7620192307692307 0.23076923076923078 0.2644230769230769
0 0.734375 0.9314903846153846 0.5288461538461539 0.13221153846153846
0 0.2920673076923077 0.8894230769230769 0.5192307692307693 0.21634615384615385
0 0.265625 0.7668269230769231 0.36538461538461536 0.28365384615384615
0 0.36658653846153844 0.7199519230769231 0.5024038461538461 0.3125