0 0.6490384615384616 0.22716346153846154 0.3317307692307692 0.3894230769230769
0 0.5288461538461539 0.47596153846153844 0.22115384615384615 0.3076923076923077
0 0.37259615384615385 0.6117788461538461 0.18509615384615385 0.2620192307692308
0 0.47475961538461536 0.7572115384615384 0.22115384615384615 0.27884615384615385
0 0.625 0.6971153846153846 0.18269230769230768 0.21153846153846154
0 0.6586538461538461 0.8064903846153846 0.10096153846153846 0.10336538461538461
0 0.7560096153846154 0.7079326923076923 0.1971153846153846 0.22355769230769232
0 0.6947115384615384 0.5516826923076923 0.16826923076923078 0.28365384615384615
0 0.7932692307692307 0.4567307692307692 0.23317307692307693 0.3125
0 0.9242788461538461 0.39663461538461536 0.1466346153846154 0.14903846153846154
0 0.9879807692307693 0.22956730769230768 0.019230769230769232 0.31009615384615385
0 0.06490384615384616 0.47596153846153844 0.028846153846153848 0.0673076923076923
0 0.027644230769230768 0.4567307692307692 0.04807692307692308 0.04807692307692308
0 0.018028846153846152 0.5060096153846154 0.028846153846153848 0.038461538461538464
0 0.016826923076923076 0.40384615384615385 0.02403846153846154 0.052884615384615384
0 0.14182692307692307 0.22355769230769232 0.04326923076923077 0.0673076923076923
0 0.17307692307692307 0.49399038461538464 0.1201923076923077 0.10336538461538461
0 0.14783653846153846 0.4014423076923077 0.052884615384615384 0.07211538461538461
0 0.08052884615384616 0.5168269230769231 0.04326923076923077 0.04807692307692308
0 0.03245192307692308 0.4831730769230769 0.021634615384615384 0.038461538461538464
0 0.03245192307692308 0.5384615384615384 0.028846153846153848 0.04807692307692308
0 0.010817307692307692 0.5408653846153846 0.014423076923076924 0.03365384615384615
0 0.109375 0.5661057692307693 0.04326923076923077 0.038461538461538464
0 0.07451923076923077 0.5709134615384616 0.03365384615384615 0.06009615384615385
0 0.125 0.6033653846153846 0.038461538461538464 0.04807692307692308
0 0.06370192307692307 0.6262019230769231 0.07692307692307693 0.10336538461538461
0 0.028846153846153848 0.65625 0.028846153846153848 0.04326923076923077
0 0.010817307692307692 0.6394230769230769 0.014423076923076924 0.052884615384615384
0 0.24879807692307693 0.7764423076923077 0.1778846153846154 0.14182692307692307
0 0.3076923076923077 0.8365384615384616 0.09134615384615384 0.08653846153846154
0 0.26322115384615385 0.9170673076923077 0.09375 0.16105769230769232
0 0.6586538461538461 0.8930288461538461 0.2980769230769231 0.21153846153846154
0 0.9326923076923077 0.6995192307692307 0.12980769230769232 0.28846153846153844
0 0.9350961538461539 0.49278846153846156 0.125 0.2644230769230769
0 0.8930288461538461 0.12620192307692307 0.15625 0.2403846153846154
0 0.9543269230769231 0.28125 0.04807692307692308 0.09134615384615384
0 0.08173076923076923 0.8978365384615384 0.15865384615384615 0.19951923076923078
0 0.17427884615384615 0.027644230769230768 0.13942307692307693 0.04326923076923077
0 0.3233173076923077 0.06850961538461539 0.09615384615384616 0.125