0 0.9338942307692307 0.051682692307692304 0.06971153846153846 0.0985576923076923
0 0.9879807692307693 0.039663461538461536 0.019230769230769232 0.07451923076923077
0 0.9795673076923077 0.11298076923076923 0.03365384615384615 0.09615384615384616
0 0.9519230769230769 0.12259615384615384 0.057692307692307696 0.06490384615384616
0 0.8930288461538461 0.11298076923076923 0.06009615384615385 0.07211538461538461
0 0.8762019230769231 0.036057692307692304 0.07211538461538461 0.07211538461538461
0 0.8401442307692307 0.0985576923076923 0.052884615384615384 0.0889423076923077
0 0.8004807692307693 0.056490384615384616 0.026442307692307692 0.052884615384615384
0 0.7752403846153846 0.056490384615384616 0.04326923076923077 0.04326923076923077
0 0.8004807692307693 0.12259615384615384 0.06009615384615385 0.07692307692307693
0 0.7427884615384616 0.1045673076923077 0.052884615384615384 0.07692307692307693
0 0.7319711538461539 0.05048076923076923 0.038461538461538464 0.028846153846153848
0 0.7019230769230769 0.028846153846153848 0.052884615384615384 0.052884615384615384
0 0.6935096153846154 0.0889423076923077 0.04807692307692308 0.09615384615384616
0 0.6334134615384616 0.11899038461538461 0.03365384615384615 0.07211538461538461
0 0.5997596153846154 0.12740384615384615 0.04807692307692308 0.06490384615384616
0 0.5564903846153846 0.13942307692307693 0.038461538461538464 0.052884615384615384
0 0.5048076923076923 0.14903846153846154 0.05048076923076923 0.07211538461538461
0 0.453125 0.15504807692307693 0.052884615384615384 0.06009615384615385
0 0.6105769230769231 0.039663461538461536 0.052884615384615384 0.07451923076923077
0 0.6466346153846154 0.028846153846153848 0.038461538461538464 0.052884615384615384
0 0.5769230769230769 0.0625 0.04807692307692308 0.10096153846153846
0 0.5300480769230769 0.0625 0.06009615384615385 0.10096153846153846
0 0.4735576923076923 0.0625 0.052884615384615384 0.11298076923076923
0 0.421875 0.06850961538461539 0.05048076923076923 0.10096153846153846
0 0.38461538461538464 0.06490384615384616 0.04326923076923077 0.08173076923076923
0 0.34134615384615385 0.06490384615384616 0.05048076923076923 0.10576923076923077
0 0.3329326923076923 0.13942307692307693 0.026442307692307692 0.06490384615384616
0 0.3016826923076923 0.13341346153846154 0.036057692307692304 0.06490384615384616
0 0.25961538461538464 0.11658653846153846 0.038461538461538464 0.06490384615384616
0 0.2920673076923077 0.04807692307692308 0.05048076923076923 0.09615384615384616
0 0.2620192307692308 0.036057692307692304 0.038461538461538464 0.07211538461538461
0 0.3629807692307692 0.019230769230769232 0.04807692307692308 0.03365384615384615
0 0.41466346153846156 0.013221153846153846 0.06490384615384616 0.021634615384615384
0 0.5168269230769231 0.013221153846153846 0.07211538461538461 0.021634615384615384
0 0.5588942307692307 0.010817307692307692 0.03125 0.016826923076923076
0 0.20673076923076922 0.039663461538461536 0.08173076923076923 0.07451923076923077
0 0.12980769230769232 0.042067307692307696 0.0673076923076923 0.08173076923076923
0 0.052884615384615384 0.057692307692307696 0.10096153846153846 0.11057692307692307
0 0.953125 0.37259615384615385 0.06009615384615385 0.07692307692307693
0 0.9903846153846154 0.39302884615384615 0.014423076923076924 0.07211538461538461
0 0.9014423076923077 0.3389423076923077 0.04326923076923077 0.09615384615384616
0 0.9855769230769231 0.30649038461538464 0.02403846153846154 0.07692307692307693
0 0.9747596153846154 0.2980769230769231 0.038461538461538464 0.08173076923076923
0 0.9362980769230769 0.28846153846153844 0.026442307692307692 0.06490384615384616
0 0.03485576923076923 0.3485576923076923 0.04326923076923077 0.06490384615384616
0 0.026442307692307692 0.39903846153846156 0.04807692307692308 0.09615384615384616
0 0.08173076923076923 0.3449519230769231 0.05048076923076923 0.08173076923076923
0 0.12980769230769232 0.3389423076923077 0.04807692307692308 0.08173076923076923
0 0.09495192307692307 0.2920673076923077 0.057692307692307696 0.04807692307692308
0 0.09375 0.4050480769230769 0.038461538461538464 0.04807692307692308
0 0.13341346153846154 0.4050480769230769 0.038461538461538464 0.04807692307692308
0 0.6935096153846154 0.24158653846153846 0.052884615384615384 0.10096153846153846
0 0.7548076923076923 0.2764423076923077 0.057692307692307696 0.0889423076923077
0 0.8004807692307693 0.27403846153846156 0.038461538461538464 0.04807692307692308
0 0.8413461538461539 0.2704326923076923 0.05048076923076923 0.028846153846153848
0 0.8605769230769231 0.2980769230769231 0.052884615384615384 0.06009615384615385
0 0.8353365384615384 0.3485576923076923 0.05048076923076923 0.07692307692307693
0 0.7331730769230769 0.3425480769230769 0.038461538461538464 0.052884615384615384
0 0.6550480769230769 0.25600961538461536 0.02403846153846154 0.04807692307692308
0 0.6935096153846154 0.43149038461538464 0.06009615384615385 0.10096153846153846
0 0.75 0.41346153846153844 0.052884615384615384 0.0889423076923077
0 0.7764423076923077 0.3870192307692308 0.038461538461538464 0.09615384615384616
0 0.7872596153846154 0.3269230769230769 0.04807692307692308 0.06009615384615385
0 0.8221153846153846 0.375 0.05048076923076923 0.08173076923076923
0 0.8317307692307693 0.43990384615384615 0.028846153846153848 0.06009615384615385
0 0.8545673076923077 0.41947115384615385 0.02403846153846154 0.07692307692307693
0 0.8064903846153846 0.4675480769230769 0.038461538461538464 0.07692307692307693
0 0.7704326923076923 0.49158653846153844 0.04807692307692308 0.06490384615384616
0 0.7199519230769231 0.5 0.052884615384615384 0.07211538461538461
0 0.6838942307692307 0.31490384615384615 0.052884615384615384 0.07211538461538461
0 0.7019230769230769 0.3629807692307692 0.057692307692307696 0.06009615384615385
0 0.6670673076923077 0.5 0.052884615384615384 0.06009615384615385
0 0.6382211538461539 0.4254807692307692 0.057692307692307696 0.10096153846153846
0 0.6538461538461539 0.3605769230769231 0.038461538461538464 0.052884615384615384
0 0.6177884615384616 0.3245192307692308 0.057692307692307696 0.10096153846153846
0 0.625 0.27403846153846156 0.0625 0.07211538461538461
0 0.5649038461538461 0.3125 0.05048076923076923 0.0889423076923077
0 0.5817307692307693 0.4050480769230769 0.05048076923076923 0.08173076923076923
0 0.5372596153846154 0.3894230769230769 0.038461538461538464 0.06490384615384616
0 0.5372596153846154 0.31490384615384615 0.026442307692307692 0.07211538461538461
0 0.5012019230769231 0.36899038461538464 0.04326923076923077 0.08173076923076923
0 0.5012019230769231 0.29447115384615385 0.057692307692307696 0.07692307692307693
0 0.4699519230769231 0.3485576923076923 0.03365384615384615 0.06490384615384616
0 0.49038461538461536 0.43509615384615385 0.038461538461538464 0.07211538461538461
0 0.5132211538461539 0.45552884615384615 0.026442307692307692 0.06490384615384616
0 0.4699519230769231 0.30408653846153844 0.014423076923076924 0.02403846153846154
0 0.43990384615384615 0.29447115384615385 0.04807692307692308 0.06490384615384616
0 0.42788461538461536 0.3485576923076923 0.04326923076923077 0.07692307692307693
0 0.4014423076923077 0.37740384615384615 0.04326923076923077 0.0889423076923077
0 0.421875 0.4254807692307692 0.04326923076923077 0.06490384615384616
0 0.3786057692307692 0.30649038461538464 0.057692307692307696 0.0889423076923077
0 0.3605769230769231 0.39302884615384615 0.06009615384615385 0.09615384615384616
0 0.38221153846153844 0.4579326923076923 0.04326923076923077 0.07211538461538461
0 0.3016826923076923 0.3629807692307692 0.05048076923076923 0.08173076923076923
0 0.2800480769230769 0.4170673076923077 0.052884615384615384 0.08173076923076923
0 0.20552884615384615 0.43149038461538464 0.057692307692307696 0.10096153846153846
0 0.24639423076923078 0.39903846153846156 0.04807692307692308 0.09615384615384616
0 0.171875 0.38341346153846156 0.05048076923076923 0.0889423076923077
0 0.20552884615384615 0.3449519230769231 0.04326923076923077 0.07211538461538461
0 0.23557692307692307 0.2980769230769231 0.05048076923076923 0.08413461538461539
0 0.28125 0.30408653846153844 0.038461538461538464 0.06009615384615385
0 0.3137019230769231 0.3269230769230769 0.026442307692307692 0.04807692307692308
0 0.3401442307692308 0.3485576923076923 0.026442307692307692 0.052884615384615384
0 0.19831730769230768 0.2824519230769231 0.02403846153846154 0.04326923076923077
0 0.1622596153846154 0.2620192307692308 0.038461538461538464 0.06009615384615385
0 0.23317307692307693 0.4795673076923077 0.04807692307692308 0.07692307692307693
0 0.1778846153846154 0.4639423076923077 0.038461538461538464 0.09615384615384616
0 0.38221153846153844 0.6045673076923077 0.04326923076923077 0.07692307692307693
0 0.41346153846153844 0.6454326923076923 0.038461538461538464 0.07692307692307693
0 0.4362980769230769 0.5985576923076923 0.038461538461538464 0.06490384615384616
0 0.43028846153846156 0.6959134615384616 0.03365384615384615 0.07211538461538461
0 0.39663461538461536 0.7295673076923077 0.04807692307692308 0.06490384615384616
0 0.3737980769230769 0.6790865384615384 0.052884615384615384 0.07211538461538461
0 0.35697115384615385 0.6370192307692307 0.026442307692307692 0.06009615384615385
0 0.34975961538461536 0.5925480769230769 0.026442307692307692 0.04326923076923077
0 0.10817307692307693 0.5949519230769231 0.038461538461538464 0.06971153846153846
0 0.1346153846153846 0.6225961538461539 0.04326923076923077 0.07692307692307693
0 0.23798076923076922 0.6454326923076923 0.05048076923076923 0.07692307692307693
0 0.27524038461538464 0.6454326923076923 0.03125 0.04326923076923077
0 0.3161057692307692 0.6550480769230769 0.052884615384615384 0.09615384615384616
0 0.3317307692307692 0.7079326923076923 0.05048076923076923 0.09615384615384616
0 0.3605769230769231 0.7620192307692307 0.040865384615384616 0.07211538461538461
0 0.30528846153846156 0.7740384615384616 0.04326923076923077 0.07211538461538461
0 0.27283653846153844 0.7055288461538461 0.052884615384615384 0.0889423076923077
0 0.29447115384615385 0.6129807692307693 0.0625 0.04807692307692308
0 0.21634615384615385 0.6045673076923077 0.08653846153846154 0.04326923076923077
0 0.18028846153846154 0.6454326923076923 0.040865384615384616 0.06490384615384616
0 0.15384615384615385 0.6935096153846154 0.052884615384615384 0.07692307692307693
0 0.11778846153846154 0.6730769230769231 0.04326923076923077 0.07211538461538461
0 0.09134615384615384 0.6274038461538461 0.03125 0.0889423076923077
0 0.18389423076923078 0.7079326923076923 0.04807692307692308 0.07211538461538461
0 0.22716346153846154 0.7175480769230769 0.04807692307692308 0.07692307692307693
0 0.25841346153846156 0.7800480769230769 0.057692307692307696 0.07211538461538461
0 0.20552884615384615 0.7860576923076923 0.04326923076923077 0.07211538461538461
0 0.15504807692307693 0.7680288461538461 0.028846153846153848 0.06009615384615385
0 0.4411057692307692 0.8449519230769231 0.028846153846153848 0.07211538461538461
0 0.40024038461538464 0.8545673076923077 0.052884615384615384 0.06490384615384616
0 0.43509615384615385 0.9134615384615384 0.038461538461538464 0.0889423076923077
0 0.3954326923076923 0.9290865384615384 0.038461538461538464 0.08173076923076923
0 0.41466346153846156 0.9675480769230769 0.038461538461538464 0.052884615384615384
0 0.3581730769230769 0.8810096153846154 0.04326923076923077 0.08173076923076923
0 0.35697115384615385 0.9555288461538461 0.04807692307692308 0.07692307692307693
0 0.3245192307692308 0.9134615384615384 0.038461538461538464 0.07692307692307693
0 0.3137019230769231 0.9735576923076923 0.04807692307692308 0.04326923076923077
0 0.2920673076923077 0.9350961538461539 0.04326923076923077 0.09615384615384616
0 0.24519230769230768 0.9435096153846154 0.05048076923076923 0.0889423076923077
0 0.21033653846153846 0.9290865384615384 0.03365384615384615 0.07211538461538461
0 0.17307692307692307 0.9110576923076923 0.040865384615384616 0.08173076923076923
0 0.21033653846153846 0.8689903846153846 0.04807692307692308 0.04807692307692308
0 0.29447115384615385 0.8725961538461539 0.06971153846153846 0.028846153846153848
0 0.16466346153846154 0.8545673076923077 0.038461538461538464 0.019230769230769232
0 0.13341346153846154 0.8930288461538461 0.04807692307692308 0.09615384615384616
0 0.14302884615384615 0.9579326923076923 0.03365384615384615 0.07211538461538461
0 0.18028846153846154 0.9699519230769231 0.038461538461538464 0.04807692307692308
0 0.21875 0.9795673076923077 0.038461538461538464 0.028846153846153848
0 0.11298076923076923 0.9375 0.019230769230769232 0.04326923076923077
0 0.046875 0.9098557692307693 0.0889423076923077 0.12259615384615384
0 0.9254807692307693 0.6574519230769231 0.11057692307692307 0.10096153846153846
0 0.953125 0.7860576923076923 0.08653846153846154 0.07211538461538461
0 0.8449519230769231 0.5480769230769231 0.05048076923076923 0.09615384615384616
0 0.7980769230769231 0.5829326923076923 0.04326923076923077 0.06009615384615385
0 0.8329326923076923 0.6394230769230769 0.038461538461538464 0.0889423076923077
0 0.49038461538461536 0.5709134615384616 0.038461538461538464 0.07211538461538461
0 0.5252403846153846 0.5925480769230769 0.05048076923076923 0.06490384615384616
0 0.5661057692307693 0.6165865384615384 0.04807692307692308 0.052884615384615384
0 0.6129807692307693 0.6310096153846154 0.052884615384615384 0.07211538461538461
0 0.6538461538461539 0.6189903846153846 0.038461538461538464 0.04807692307692308
0 0.6911057692307693 0.6430288461538461 0.057692307692307696 0.10576923076923077
0 0.7415865384615384 0.6454326923076923 0.038461538461538464 0.07692307692307693
0 0.7644230769230769 0.6225961538461539 0.04326923076923077 0.06490384615384616
0 0.8052884615384616 0.6790865384615384 0.05048076923076923 0.09615384615384616
0 0.7716346153846154 0.6959134615384616 0.04326923076923077 0.08173076923076923
0 0.7247596153846154 0.7199519230769231 0.05048076923076923 0.09615384615384616
0 0.6682692307692307 0.7235576923076923 0.0625 0.0889423076923077
0 0.6069711538461539 0.7115384615384616 0.052884615384615384 0.10096153846153846
0 0.6418269230769231 0.6634615384615384 0.04326923076923077 0.052884615384615384
0 0.5697115384615384 0.6899038461538461 0.052884615384615384 0.09615384615384616
0 0.5180288461538461 0.6694711538461539 0.057692307692307696 0.10096153846153846
0 0.4831730769230769 0.6274038461538461 0.038461538461538464 0.07692307692307693
0 0.4963942307692308 0.7139423076923077 0.04807692307692308 0.07211538461538461
0 0.5853365384615384 0.7800480769230769 0.038461538461538464 0.07211538461538461
0 0.6346153846153846 0.7944711538461539 0.04326923076923077 0.07692307692307693
0 0.6911057692307693 0.7944711538461539 0.04326923076923077 0.06490384615384616
0 0.7512019230769231 0.7884615384615384 0.04326923076923077 0.07692307692307693
0 0.7848557692307693 0.7740384615384616 0.038461538461538464 0.07211538461538461
0 0.8245192307692307 0.8725961538461539 0.05048076923076923 0.0889423076923077
0 0.8221153846153846 0.8245192307692307 0.04326923076923077 0.04326923076923077
0 0.8088942307692307 0.9375 0.05048076923076923 0.0889423076923077
0 0.7788461538461539 0.9579326923076923 0.0625 0.07211538461538461
0 0.7728365384615384 0.8870192307692307 0.052884615384615384 0.07211538461538461
0 0.7415865384615384 0.8930288461538461 0.038461538461538464 0.06009615384615385
0 0.7403846153846154 0.9519230769230769 0.019230769230769232 0.07211538461538461
0 0.7115384615384616 0.9699519230769231 0.038461538461538464 0.04807692307692308
0 0.6887019230769231 0.9399038461538461 0.038461538461538464 0.04807692307692308
0 0.6983173076923077 0.9050480769230769 0.057692307692307696 0.04807692307692308
0 0.6730769230769231 0.9759615384615384 0.038461538461538464 0.036057692307692304
0 0.6346153846153846 0.9759615384615384 0.05048076923076923 0.036057692307692304
0 0.5817307692307693 0.9639423076923077 0.05048076923076923 0.06009615384615385
0 0.5504807692307693 0.9795673076923077 0.019230769230769232 0.028846153846153848
0 0.5120192307692307 0.9639423076923077 0.057692307692307696 0.06009615384615385
0 0.4855769230769231 0.9435096153846154 0.04326923076923077 0.0889423076923077
0 0.4855769230769231 0.875 0.04326923076923077 0.06009615384615385
0 0.4879807692307692 0.8149038461538461 0.04326923076923077 0.06009615384615385
0 0.5228365384615384 0.8990384615384616 0.038461538461538464 0.06009615384615385
0 0.5504807692307693 0.9314903846153846 0.04807692307692308 0.06490384615384616
0 0.6045673076923077 0.9579326923076923 0.05048076923076923 0.06009615384615385
0 0.6538461538461539 0.9194711538461539 0.04807692307692308 0.07692307692307693
0 0.6117788461538461 0.8894230769230769 0.04326923076923077 0.04326923076923077
0 0.5805288461538461 0.9014423076923077 0.0673076923076923 0.06490384615384616
0 0.5372596153846154 0.8605769230769231 0.038461538461538464 0.052884615384615384