0 0.9375 0.6995192307692307 0.11538461538461539 0.19471153846153846
0 0.8665865384615384 0.6778846153846154 0.125 0.14423076923076922
0 0.9266826923076923 0.46153846153846156 0.13701923076923078 0.19951923076923078
0 0.8665865384615384 0.38221153846153844 0.15865384615384615 0.15625
0 0.9158653846153846 0.21875 0.15865384615384615 0.19230769230769232
0 0.8004807692307693 0.15264423076923078 0.20192307692307693 0.1971153846153846
0 0.7980769230769231 0.020432692307692308 0.1971153846153846 0.038461538461538464
0 0.71875 0.07932692307692307 0.15865384615384615 0.12259615384615384
0 0.6141826923076923 0.20072115384615385 0.14903846153846154 0.09134615384615384
0 0.7079326923076923 0.2403846153846154 0.14903846153846154 0.15625
0 0.6502403846153846 0.38221153846153844 0.12980769230769232 0.11057692307692307
0 0.7536057692307693 0.3858173076923077 0.11057692307692307 0.09615384615384616
0 0.78125 0.47475961538461536 0.14182692307692307 0.08653846153846154
0 0.71875 0.5360576923076923 0.14903846153846154 0.14423076923076922
0 0.8088942307692307 0.6177884615384616 0.14182692307692307 0.14182692307692307
0 0.7403846153846154 0.7608173076923077 0.14903846153846154 0.09375
0 0.828125 0.8257211538461539 0.13701923076923078 0.13942307692307693
0 0.7379807692307693 0.9146634615384616 0.11057692307692307 0.1346153846153846
0 0.6502403846153846 0.9098557692307693 0.08653846153846154 0.12259615384615384
0 0.5576923076923077 0.09014423076923077 0.11057692307692307 0.10096153846153846
0 0.6045673076923077 0.0673076923076923 0.18509615384615385 0.12980769230769232
0 0.5324519230769231 0.15264423076923078 0.125 0.12259615384615384
0 0.4639423076923077 0.20793269230769232 0.11057692307692307 0.11057692307692307
0 0.5576923076923077 0.30408653846153844 0.11057692307692307 0.13942307692307693
0 0.48677884615384615 0.3641826923076923 0.1201923076923077 0.1346153846153846
0 0.6117788461538461 0.43149038461538464 0.1201923076923077 0.12980769230769232
0 0.546875 0.48677884615384615 0.0985576923076923 0.12740384615384615
0 0.5841346153846154 0.6322115384615384 0.1201923076923077 0.1346153846153846
0 0.5925480769230769 0.7848557692307693 0.125 0.1201923076923077
0 0.6887019230769231 0.7632211538461539 0.1201923076923077 0.12740384615384615
0 0.671875 0.6033653846153846 0.11057692307692307 0.10576923076923077
0 0.49158653846153844 0.8713942307692307 0.15384615384615385 0.11057692307692307
0 0.5492788461538461 0.9795673076923077 0.11538461538461539 0.03365384615384615
0 0.4723557692307692 0.9819711538461539 0.07211538461538461 0.028846153846153848
0 0.4014423076923077 0.9867788461538461 0.08173076923076923 0.019230769230769232
0 0.4098557692307692 0.8774038461538461 0.11057692307692307 0.12980769230769232
0 0.3605769230769231 0.7920673076923077 0.14182692307692307 0.09615384615384616
0 0.4483173076923077 0.7391826923076923 0.14182692307692307 0.10817307692307693
0 0.39302884615384615 0.6862980769230769 0.1201923076923077 0.09615384615384616
0 0.4483173076923077 0.6069711538461539 0.12980769230769232 0.10576923076923077
0 0.38221153846153844 0.5685096153846154 0.12980769230769232 0.07932692307692307
0 0.3112980769230769 0.5685096153846154 0.11057692307692307 0.10817307692307693
0 0.4074519230769231 0.47115384615384615 0.13701923076923078 0.09375
0 0.34975961538461536 0.43149038461538464 0.14182692307692307 0.08653846153846154
0 0.27884615384615385 0.36899038461538464 0.1201923076923077 0.08653846153846154
0 0.39302884615384615 0.33653846153846156 0.14182692307692307 0.11538461538461539
0 0.34375 0.2956730769230769 0.11057692307692307 0.09615384615384616
0 0.24639423076923078 0.421875 0.0673076923076923 0.03365384615384615
0 0.2127403846153846 0.4423076923076923 0.0673076923076923 0.05048076923076923
0 0.28966346153846156 0.47836538461538464 0.0673076923076923 0.06490384615384616
0 0.24639423076923078 0.49038461538461536 0.052884615384615384 0.052884615384615384
0 0.19110576923076922 0.49759615384615385 0.052884615384615384 0.0625
0 0.22115384615384615 0.5360576923076923 0.04807692307692308 0.04326923076923077
0 0.21875 0.6009615384615384 0.052884615384615384 0.07211538461538461
0 0.2512019230769231 0.6358173076923077 0.0673076923076923 0.0625
0 0.2920673076923077 0.6826923076923077 0.06009615384615385 0.0625
0 0.32572115384615385 0.7139423076923077 0.04807692307692308 0.05048076923076923
0 0.26802884615384615 0.7439903846153846 0.052884615384615384 0.0673076923076923
0 0.2764423076923077 0.8725961538461539 0.08173076923076923 0.06490384615384616
0 0.34134615384615385 0.9242788461538461 0.07211538461538461 0.06490384615384616
0 0.28725961538461536 0.9579326923076923 0.07211538461538461 0.055288461538461536
0 0.3581730769230769 0.9723557692307693 0.07211538461538461 0.04807692307692308