0 0.34375 0.7920673076923077 0.2403846153846154 0.15625
0 0.21634615384615385 0.9314903846153846 0.25721153846153844 0.12980769230769232
0 0.10096153846153846 0.9783653846153846 0.04807692307692308 0.036057692307692304
0 0.054086538461538464 0.953125 0.0985576923076923 0.08653846153846154
0 0.04326923076923077 0.9170673076923077 0.07692307692307693 0.10096153846153846
0 0.09254807692307693 0.7896634615384616 0.17307692307692307 0.15865384615384615
0 0.03245192307692308 0.8293269230769231 0.052884615384615384 0.10096153846153846
0 0.234375 0.7536057692307693 0.2620192307692308 0.2692307692307692
0 0.3557692307692308 0.7043269230769231 0.11057692307692307 0.03365384615384615
0 0.5432692307692307 0.8100961538461539 0.19230769230769232 0.14903846153846154
0 0.4831730769230769 0.8100961538461539 0.04807692307692308 0.038461538461538464
0 0.46153846153846156 0.8425480769230769 0.038461538461538464 0.02403846153846154
0 0.5216346153846154 0.90625 0.19230769230769232 0.15384615384615385
0 0.41225961538461536 0.9146634615384616 0.24519230769230768 0.16346153846153846
0 0.036057692307692304 0.671875 0.06009615384615385 0.14182692307692307
0 0.10096153846153846 0.6754807692307693 0.04807692307692308 0.052884615384615384
0 0.22355769230769232 0.6706730769230769 0.25 0.12980769230769232
0 0.1971153846153846 0.5396634615384616 0.2956730769230769 0.15865384615384615
0 0.0733173076923077 0.6009615384615384 0.13701923076923078 0.08653846153846154
0 0.040865384615384616 0.5216346153846154 0.07211538461538461 0.07211538461538461
0 0.3137019230769231 0.5612980769230769 0.07211538461538461 0.06490384615384616
0 0.37740384615384615 0.5817307692307693 0.1201923076923077 0.09615384615384616
0 0.5024038461538461 0.6225961538461539 0.21875 0.15865384615384615
0 0.4074519230769231 0.6754807692307693 0.08173076923076923 0.0673076923076923
0 0.5576923076923077 0.7079326923076923 0.16346153846153846 0.10576923076923077
0 0.5925480769230769 0.7752403846153846 0.08173076923076923 0.06490384615384616
0 0.6586538461538461 0.84375 0.038461538461538464 0.057692307692307696
0 0.671875 0.8858173076923077 0.0985576923076923 0.07692307692307693
0 0.6778846153846154 0.9314903846153846 0.11057692307692307 0.05048076923076923
0 0.6826923076923077 0.9747596153846154 0.11057692307692307 0.04326923076923077
0 0.5901442307692307 0.9651442307692307 0.0985576923076923 0.0625
0 0.7463942307692307 0.8822115384615384 0.04807692307692308 0.052884615384615384
0 0.8028846153846154 0.9110576923076923 0.12980769230769232 0.09134615384615384
0 0.7788461538461539 0.9723557692307693 0.10336538461538461 0.04807692307692308
0 0.9038461538461539 0.9567307692307693 0.14903846153846154 0.07932692307692307
0 0.9627403846153846 0.9290865384615384 0.06971153846153846 0.06490384615384616
0 0.9735576923076923 0.9795673076923077 0.04807692307692308 0.040865384615384616
0 0.8629807692307693 0.8810096153846154 0.08653846153846154 0.057692307692307696
0 0.8966346153846154 0.8966346153846154 0.0673076923076923 0.04807692307692308
0 0.9579326923076923 0.8341346153846154 0.07932692307692307 0.125
0 0.984375 0.8401442307692307 0.026442307692307692 0.11778846153846154
0 0.9122596153846154 0.8173076923076923 0.0673076923076923 0.0625
0 0.8966346153846154 0.8401442307692307 0.07692307692307693 0.04326923076923077
0 0.9579326923076923 0.7367788461538461 0.07932692307692307 0.06490384615384616
0 0.7956730769230769 0.7920673076923077 0.20192307692307693 0.08413461538461539
0 0.7704326923076923 0.7704326923076923 0.14182692307692307 0.04807692307692308
0 0.7680288461538461 0.828125 0.07211538461538461 0.04807692307692308
0 0.6802884615384616 0.8245192307692307 0.10336538461538461 0.0985576923076923
0 0.7572115384615384 0.5757211538461539 0.06009615384615385 0.12259615384615384
0 0.7295673076923077 0.6526442307692307 0.04807692307692308 0.036057692307692304
0 0.6742788461538461 0.6454326923076923 0.07211538461538461 0.09375
0 0.65625 0.7079326923076923 0.03365384615384615 0.03365384615384615
0 0.6742788461538461 0.7319711538461539 0.08173076923076923 0.07932692307692307
0 0.5661057692307693 0.45072115384615385 0.21153846153846154 0.1346153846153846
0 0.44591346153846156 0.5060096153846154 0.14903846153846154 0.08173076923076923
0 0.3629807692307692 0.4675480769230769 0.08173076923076923 0.07211538461538461
0 0.3713942307692308 0.5204326923076923 0.0673076923076923 0.04807692307692308
0 0.2956730769230769 0.4362980769230769 0.14182692307692307 0.09134615384615384
0 0.20192307692307693 0.375 0.15384615384615385 0.10576923076923077
0 0.07932692307692307 0.3401442307692308 0.14903846153846154 0.12980769230769232
0 0.1201923076923077 0.44711538461538464 0.23076923076923078 0.11057692307692307
0 0.03245192307692308 0.2776442307692308 0.052884615384615384 0.02403846153846154
0 0.13942307692307693 0.27163461538461536 0.15865384615384615 0.10817307692307693
0 0.07692307692307693 0.21514423076923078 0.14182692307692307 0.09615384615384616
0 0.21875 0.203125 0.14182692307692307 0.09375
0 0.12620192307692307 0.11778846153846154 0.17307692307692307 0.12740384615384615
0 0.046875 0.09615384615384616 0.08173076923076923 0.15625
0 0.0985576923076923 0.027644230769230768 0.12980769230769232 0.052884615384615384
0 0.02403846153846154 0.010817307692307692 0.038461538461538464 0.021634615384615384
0 0.17427884615384615 0.027644230769230768 0.11057692307692307 0.052884615384615384
0 0.22716346153846154 0.10697115384615384 0.09134615384615384 0.10576923076923077
0 0.33653846153846156 0.14302884615384615 0.125 0.09615384615384616
0 0.3389423076923077 0.25 0.1875 0.11538461538461539
0 0.2980769230769231 0.3173076923076923 0.18028846153846154 0.12740384615384615
0 0.3858173076923077 0.36177884615384615 0.125 0.12980769230769232
0 0.47596153846153844 0.3894230769230769 0.0985576923076923 0.09134615384615384
0 0.42908653846153844 0.4362980769230769 0.07211538461538461 0.052884615384615384
0 0.4423076923076923 0.3112980769230769 0.0673076923076923 0.07932692307692307
0 0.4230769230769231 0.20072115384615385 0.08173076923076923 0.09134615384615384
0 0.47596153846153844 0.25600961538461536 0.07692307692307693 0.052884615384615384
0 0.49759615384615385 0.20673076923076922 0.0673076923076923 0.06490384615384616
0 0.43990384615384615 0.15985576923076922 0.04807692307692308 0.028846153846153848
0 0.3389423076923077 0.09254807692307693 0.1971153846153846 0.12740384615384615
0 0.4182692307692308 0.054086538461538464 0.016826923076923076 0.021634615384615384
0 0.4567307692307692 0.03245192307692308 0.10336538461538461 0.06490384615384616
0 0.49759615384615385 0.11538461538461539 0.14182692307692307 0.12980769230769232
0 0.5600961538461539 0.19951923076923078 0.07211538461538461 0.05048076923076923
0 0.6069711538461539 0.2956730769230769 0.28365384615384615 0.14903846153846154
0 0.6394230769230769 0.37259615384615385 0.16346153846153846 0.04326923076923077
0 0.7079326923076923 0.4170673076923077 0.13701923076923078 0.09375
0 0.7103365384615384 0.49038461538461536 0.0985576923076923 0.11057692307692307
0 0.6694711538461539 0.5456730769230769 0.14903846153846154 0.15625
0 0.7620192307692307 0.6706730769230769 0.038461538461538464 0.021634615384615384
0 0.7728365384615384 0.6935096153846154 0.038461538461538464 0.03365384615384615
0 0.7572115384615384 0.7367788461538461 0.06009615384615385 0.040865384615384616
0 0.7836538461538461 0.6394230769230769 0.038461538461538464 0.02403846153846154
0 0.8629807692307693 0.6574519230769231 0.15384615384615385 0.1201923076923077
0 0.828125 0.6009615384615384 0.038461538461538464 0.021634615384615384
0 0.8088942307692307 0.6141826923076923 0.03365384615384615 0.03365384615384615
0 0.8112980769230769 0.5853365384615384 0.06009615384615385 0.019230769230769232
0 0.8088942307692307 0.5685096153846154 0.052884615384615384 0.021634615384615384
0 0.8689903846153846 0.5649038461538461 0.0673076923076923 0.05048076923076923
0 0.8858173076923077 0.5240384615384616 0.08653846153846154 0.0625
0 0.8137019230769231 0.4963942307692308 0.07692307692307693 0.06490384615384616
0 0.8112980769230769 0.5360576923076923 0.04807692307692308 0.036057692307692304
0 0.9507211538461539 0.6394230769230769 0.04326923076923077 0.14903846153846154
0 0.8798076923076923 0.7223557692307693 0.0673076923076923 0.03365384615384615
0 0.8112980769230769 0.7319711538461539 0.06009615384615385 0.036057692307692304
0 0.9723557692307693 0.5685096153846154 0.052884615384615384 0.06490384615384616
0 0.9771634615384616 0.6081730769230769 0.040865384615384616 0.125
0 0.984375 0.6875 0.026442307692307692 0.038461538461538464
0 0.9579326923076923 0.5012019230769231 0.07932692307692307 0.07451923076923077
0 0.8966346153846154 0.44711538461538464 0.12980769230769232 0.08173076923076923
0 0.9735576923076923 0.4519230769230769 0.04807692307692308 0.07692307692307693
0 0.9735576923076923 0.4014423076923077 0.04807692307692308 0.04326923076923077
0 0.8665865384615384 0.3545673076923077 0.22355769230769232 0.12259615384615384
0 0.7319711538461539 0.23677884615384615 0.12980769230769232 0.1778846153846154
0 0.7427884615384616 0.1971153846153846 0.052884615384615384 0.0625
0 0.7980769230769231 0.22596153846153846 0.08653846153846154 0.0625
0 0.8990384615384616 0.15745192307692307 0.13701923076923078 0.09134615384615384
0 0.9266826923076923 0.11778846153846154 0.08173076923076923 0.038461538461538464
0 0.9230769230769231 0.06129807692307692 0.11057692307692307 0.08653846153846154
0 0.6778846153846154 0.16105769230769232 0.27403846153846156 0.32211538461538464
0 0.8665865384615384 0.021634615384615384 0.08173076923076923 0.04326923076923077
0 0.9771634615384616 0.11177884615384616 0.040865384615384616 0.11298076923076923
0 0.9471153846153846 0.2608173076923077 0.10096153846153846 0.19471153846153846
0 0.8557692307692307 0.25600961538461536 0.14903846153846154 0.09615384615384616
0 0.5012019230769231 0.5 0.9927884615384616 1