0 0.890625 0.109375 0.21153846153846154 0.20673076923076922
0 0.8713942307692307 0.32211538461538464 0.1346153846153846 0.21875
0 0.9639423076923077 0.28966346153846156 0.06490384615384616 0.16346153846153846
0 0.9615384615384616 0.1971153846153846 0.0673076923076923 0.07692307692307693
0 0.9507211538461539 0.45072115384615385 0.09134615384615384 0.18028846153846154
0 0.9387019230769231 0.5661057692307693 0.09615384615384616 0.11538461538461539
0 0.9831730769230769 0.5985576923076923 0.02403846153846154 0.13701923076923078
0 0.8617788461538461 0.7103365384615384 0.15865384615384615 0.20673076923076922
0 0.9266826923076923 0.6442307692307693 0.08173076923076923 0.11057692307692307
0 0.9723557692307693 0.7235576923076923 0.04807692307692308 0.15865384615384615
0 0.921875 0.7764423076923077 0.11298076923076923 0.16346153846153846
0 0.9831730769230769 0.9278846153846154 0.028846153846153848 0.13942307692307693
0 0.8125 0.7956730769230769 0.0985576923076923 0.08173076923076923
0 0.7704326923076923 0.9495192307692307 0.12259615384615384 0.09615384615384616
0 0.6382211538461539 0.9086538461538461 0.15144230769230768 0.1778846153846154
0 0.7067307692307693 0.7788461538461539 0.12740384615384615 0.19230769230769232
0 0.7692307692307693 0.6526442307692307 0.09134615384615384 0.15865384615384615
0 0.7451923076923077 0.4831730769230769 0.11057692307692307 0.16826923076923078
0 0.8485576923076923 0.5108173076923077 0.1201923076923077 0.19230769230769232
0 0.7668269230769231 0.32211538461538464 0.10096153846153846 0.1971153846153846
0 0.7668269230769231 0.15625 0.09615384615384616 0.16826923076923078
0 0.7620192307692307 0.038461538461538464 0.052884615384615384 0.0673076923076923
0 0.6887019230769231 0.1310096153846154 0.1201923076923077 0.1875
0 0.6887019230769231 0.02403846153846154 0.11298076923076923 0.038461538461538464
0 0.6778846153846154 0.22956730769230768 0.07692307692307693 0.0673076923076923
0 0.6814903846153846 0.32211538461538464 0.0673076923076923 0.16346153846153846
0 0.6442307692307693 0.4266826923076923 0.11057692307692307 0.17307692307692307
0 0.6766826923076923 0.5925480769230769 0.11538461538461539 0.20192307692307693
0 0.6418269230769231 0.6610576923076923 0.08413461538461539 0.11057692307692307
0 0.6670673076923077 0.7512019230769231 0.0625 0.11538461538461539
0 0.5649038461538461 0.7536057692307693 0.12740384615384615 0.16346153846153846
0 0.5637019230769231 0.6526442307692307 0.06490384615384616 0.07211538461538461
0 0.5685096153846154 0.5084134615384616 0.1201923076923077 0.21875
0 0.578125 0.2764423076923077 0.16826923076923078 0.21153846153846154
0 0.5961538461538461 0.10697115384615384 0.11057692307692307 0.18028846153846154
0 0.5637019230769231 0.038461538461538464 0.08653846153846154 0.0673076923076923
0 0.5072115384615384 0.13341346153846154 0.0985576923076923 0.14903846153846154
0 0.4182692307692308 0.30288461538461536 0.13942307692307693 0.15865384615384615
0 0.4795673076923077 0.3713942307692308 0.12980769230769232 0.20673076923076922
0 0.4723557692307692 0.49158653846153844 0.06490384615384616 0.07692307692307693
0 0.49038461538461536 0.6009615384615384 0.11538461538461539 0.16346153846153846
0 0.46875 0.7295673076923077 0.057692307692307696 0.11538461538461539
0 0.5060096153846154 0.8629807692307693 0.16826923076923078 0.16346153846153846
0 0.42908653846153844 0.8930288461538461 0.16826923076923078 0.18028846153846154
0 0.41947115384615385 0.984375 0.0985576923076923 0.026442307692307692
0 0.53125 0.9879807692307693 0.08173076923076923 0.019230769230769232
0 0.3161057692307692 0.9603365384615384 0.11298076923076923 0.07451923076923077
0 0.296875 0.8629807692307693 0.1201923076923077 0.12980769230769232
0 0.33052884615384615 0.71875 0.125 0.21153846153846154
0 0.4074519230769231 0.7127403846153846 0.11057692307692307 0.18028846153846154
0 0.36899038461538464 0.5084134615384616 0.15625 0.25
0 0.36899038461538464 0.38221153846153844 0.08413461538461539 0.07692307692307693
0 0.3016826923076923 0.27884615384615385 0.11057692307692307 0.15384615384615385
0 0.3233173076923077 0.12259615384615384 0.13942307692307693 0.18028846153846154
0 0.4387019230769231 0.06850961538461539 0.14903846153846154 0.125
0 0.3076923076923077 0.02403846153846154 0.10576923076923077 0.038461538461538464
0 0.203125 0.09014423076923077 0.125 0.16826923076923078
0 0.2512019230769231 0.17427884615384615 0.05048076923076923 0.0673076923076923
0 0.0733173076923077 0.12259615384615384 0.12980769230769232 0.18028846153846154
0 0.12139423076923077 0.03245192307692308 0.08413461538461539 0.052884615384615384
0 0.014423076923076924 0.16346153846153846 0.028846153846153848 0.16346153846153846
0 0.0625 0.2800480769230769 0.125 0.16105769230769232
0 0.23317307692307693 0.27283653846153844 0.08173076923076923 0.14182692307692307
0 0.19230769230769232 0.39302884615384615 0.09615384615384616 0.15384615384615385
0 0.2704326923076923 0.4423076923076923 0.11298076923076923 0.16346153846153846
0 0.0985576923076923 0.4230769230769231 0.11057692307692307 0.19230769230769232
0 0.21033653846153846 0.6033653846153846 0.12980769230769232 0.20192307692307693
0 0.18870192307692307 0.47596153846153844 0.07211538461538461 0.0673076923076923
0 0.12139423076923077 0.5817307692307693 0.0673076923076923 0.15865384615384615
0 0.04567307692307692 0.5276442307692307 0.09134615384615384 0.11538461538461539
0 0.014423076923076924 0.4206730769230769 0.028846153846153848 0.11057692307692307
0 0.039663461538461536 0.4266826923076923 0.036057692307692304 0.11057692307692307
0 0.025240384615384616 0.65625 0.05048076923076923 0.14182692307692307
0 0.06490384615384616 0.6694711538461539 0.08653846153846154 0.20192307692307693
0 0.1141826923076923 0.7079326923076923 0.04807692307692308 0.15865384615384615
0 0.15625 0.8737980769230769 0.16826923076923078 0.25
0 0.23317307692307693 0.7788461538461539 0.10096153846153846 0.09134615384615384
0 0.21875 0.6802884615384616 0.125 0.10336538461538461
0 0.16706730769230768 0.9495192307692307 0.20432692307692307 0.09615384615384616
0 0.040865384615384616 0.9543269230769231 0.08173076923076923 0.08653846153846154
0 0.052884615384615384 0.8305288461538461 0.10576923076923077 0.21875