0 0.4182692307692308 0.890625 0.13942307692307693 0.2091346153846154
0 0.5588942307692307 0.9519230769230769 0.13942307692307693 0.08653846153846154
0 0.6911057692307693 0.7596153846153846 0.2692307692307692 0.40625
0 0.7740384615384616 0.9675480769230769 0.15384615384615385 0.052884615384615384
0 0.7716346153846154 0.8882211538461539 0.24759615384615385 0.21394230769230768
0 0.8930288461538461 0.8233173076923077 0.1778846153846154 0.31009615384615385
0 0.8425480769230769 0.5192307692307693 0.2932692307692308 0.38461538461538464
0 0.9266826923076923 0.40865384615384615 0.14182692307692307 0.7019230769230769
0 0.7980769230769231 0.1778846153846154 0.27403846153846156 0.35096153846153844
0 0.6634615384615384 0.29927884615384615 0.28846153846153844 0.46153846153846156
0 0.46274038461538464 0.484375 0.25961538461538464 0.34615384615384615
0 0.45552884615384615 0.7163461538461539 0.14903846153846154 0.13942307692307693
0 0.5300480769230769 0.8016826923076923 0.08173076923076923 0.20192307692307693
0 0.5108173076923077 0.29086538461538464 0.1346153846153846 0.14423076923076922
0 0.5240384615384616 0.11899038461538461 0.38461538461538464 0.23317307692307693
0 0.2776442307692308 0.23677884615384615 0.23317307692307693 0.46875
0 0.13942307692307693 0.03485576923076923 0.040865384615384616 0.04807692307692308
0 0.21634615384615385 0.3293269230769231 0.026442307692307692 0.04807692307692308
0 0.2283653846153846 0.4567307692307692 0.026442307692307692 0.04807692307692308
0 0.32572115384615385 0.4807692307692308 0.028846153846153848 0.04326923076923077
0 0.3076923076923077 0.6045673076923077 0.021634615384615384 0.04326923076923077
0 0.23197115384615385 0.7403846153846154 0.040865384615384616 0.038461538461538464
0 0.22596153846153846 0.6442307692307693 0.038461538461538464 0.04807692307692308
0 0.15745192307692307 0.6838942307692307 0.026442307692307692 0.03365384615384615
0 0.14783653846153846 0.7644230769230769 0.021634615384615384 0.04326923076923077
0 0.09254807692307693 0.9519230769230769 0.028846153846153848 0.04326923076923077
0 0.18870192307692307 0.6225961538461539 0.028846153846153848 0.04807692307692308
0 0.22596153846153846 0.6045673076923077 0.028846153846153848 0.04326923076923077
0 0.22596153846153846 0.5456730769230769 0.021634615384615384 0.03365384615384615
0 0.20793269230769232 0.5480769230769231 0.014423076923076924 0.038461538461538464