0 0.84375 0.1141826923076923 0.30288461538461536 0.22115384615384615
0 0.5709134615384616 0.1502403846153846 0.3269230769230769 0.2932692307692308
0 0.6670673076923077 0.2439903846153846 0.15865384615384615 0.1201923076923077
0 0.8016826923076923 0.33653846153846156 0.38461538461538464 0.25240384615384615
0 0.4495192307692308 0.34975961538461536 0.40384615384615385 0.2860576923076923
0 0.31490384615384615 0.04567307692307692 0.21634615384615385 0.08173076923076923
0 0.140625 0.12259615384615384 0.27884615384615385 0.23557692307692307
0 0.328125 0.1141826923076923 0.18990384615384615 0.18269230769230768
0 0.1658653846153846 0.3786057692307692 0.3269230769230769 0.3629807692307692
0 0.41586538461538464 0.6237980769230769 0.5240384615384616 0.3004807692307692
0 0.6213942307692307 0.59375 0.29086538461538464 0.2860576923076923
0 0.8233173076923077 0.5408653846153846 0.13221153846153846 0.14903846153846154
0 0.8918269230769231 0.46634615384615385 0.10096153846153846 0.052884615384615384
0 0.9471153846153846 0.5661057692307693 0.09615384615384616 0.22115384615384615
0 0.7776442307692307 0.8040865384615384 0.40384615384615385 0.3894230769230769
0 0.3641826923076923 0.9290865384615384 0.5841346153846154 0.13701923076923078
0 0.2127403846153846 0.8004807692307693 0.4206730769230769 0.2548076923076923
0 0.4891826923076923 0.8137019230769231 0.1971153846153846 0.11538461538461539
0 0.9302884615384616 0.9723557692307693 0.12980769230769232 0.05048076923076923
0 0.06490384615384616 0.5973557692307693 0.125 0.16105769230769232
0 0.042067307692307696 0.9567307692307693 0.07932692307692307 0.08173076923076923
0 0.5 0.5 0.9951923076923077 0.9951923076923077