0 0.36658653846153844 0.6947115384615384 0.3076923076923077 0.24759615384615385
0 0.6935096153846154 0.7728365384615384 0.6105769230769231 0.44711538461538464
0 0.47836538461538464 0.5564903846153846 0.2692307692307692 0.125
0 0.5168269230769231 0.42908653846153844 0.36538461538461536 0.13942307692307693
0 0.30288461538461536 0.46033653846153844 0.27884615384615385 0.22115384615384615
0 0.22355769230769232 0.5997596153846154 0.11057692307692307 0.08653846153846154
0 0.3557692307692308 0.2800480769230769 0.28365384615384615 0.1971153846153846
0 0.6334134615384616 0.30408653846153844 0.3389423076923077 0.3173076923076923
0 0.6995192307692307 0.49038461538461536 0.21875 0.08653846153846154
0 0.671875 0.5504807692307693 0.20673076923076922 0.09134615384615384
0 0.8197115384615384 0.6442307692307693 0.27403846153846156 0.11778846153846154
0 0.8221153846153846 0.5769230769230769 0.21153846153846154 0.0985576923076923
0 0.8786057692307693 0.796875 0.23798076923076922 0.4014423076923077
0 0.8786057692307693 0.5144230769230769 0.23798076923076922 0.08653846153846154
0 0.8665865384615384 0.38221153846153844 0.23557692307692307 0.20192307692307693
0 0.5384615384615384 0.11298076923076923 0.4326923076923077 0.22596153846153846