0 0.6466346153846154 0.5661057692307693 0.14423076923076922 0.07211538461538461
0 0.6875 0.6418269230769231 0.10576923076923077 0.09375
0 0.5829326923076923 0.5877403846153846 0.09375 0.08653846153846154
0 0.5192307692307693 0.5661057692307693 0.10096153846153846 0.14903846153846154
0 0.5685096153846154 0.6574519230769231 0.10096153846153846 0.0673076923076923
0 0.5084134615384616 0.6682692307692307 0.0673076923076923 0.0625
0 0.3173076923076923 0.6850961538461539 0.11538461538461539 0.05048076923076923
0 0.40384615384615385 0.7163461538461539 0.055288461538461536 0.04326923076923077
0 0.3641826923076923 0.7740384615384616 0.055288461538461536 0.057692307692307696
0 0.30408653846153844 0.7307692307692307 0.1201923076923077 0.05048076923076923
0 0.265625 0.7524038461538461 0.0889423076923077 0.057692307692307696
0 0.2764423076923077 0.8076923076923077 0.11057692307692307 0.052884615384615384
0 0.31490384615384615 0.7740384615384616 0.021634615384615384 0.05048076923076923
0 0.21514423076923078 0.7524038461538461 0.07692307692307693 0.07211538461538461
0 0.21033653846153846 0.6670673076923077 0.11057692307692307 0.05048076923076923
0 0.3125 0.625 0.08173076923076923 0.052884615384615384
0 0.1935096153846154 0.5985576923076923 0.1658653846153846 0.07932692307692307
0 0.234375 0.5288461538461539 0.18269230769230768 0.11057692307692307
0 0.23197115384615385 0.43028846153846156 0.1778846153846154 0.11538461538461539
0 0.15504807692307693 0.38221153846153844 0.055288461538461536 0.019230769230769232
0 0.15745192307692307 0.36177884615384615 0.13942307692307693 0.028846153846153848
0 0.28725961538461536 0.3605769230769231 0.11057692307692307 0.02403846153846154
0 0.19110576923076922 0.32211538461538464 0.17067307692307693 0.04326923076923077
0 0.10216346153846154 0.2848557692307692 0.13942307692307693 0.04807692307692308
0 0.1045673076923077 0.25841346153846156 0.1778846153846154 0.07932692307692307
0 0.28966346153846156 0.31490384615384615 0.11538461538461539 0.057692307692307696
0 0.3173076923076923 0.3137019230769231 0.08173076923076923 0.02403846153846154
0 0.30408653846153844 0.28125 0.14423076923076922 0.04807692307692308
0 0.32091346153846156 0.22355769230769232 0.15384615384615385 0.15384615384615385
0 0.25721153846153844 0.23317307692307693 0.11538461538461539 0.09375
0 0.19110576923076922 0.16346153846153846 0.07211538461538461 0.038461538461538464
0 0.17908653846153846 0.18870192307692307 0.0625 0.04807692307692308
0 0.15504807692307693 0.2127403846153846 0.0889423076923077 0.07692307692307693
0 0.234375 0.14182692307692307 0.07211538461538461 0.0625
0 0.28125 0.1466346153846154 0.10096153846153846 0.10096153846153846
0 0.3233173076923077 0.15745192307692307 0.07211538461538461 0.09375
0 0.35096153846153844 0.11658653846153846 0.0625 0.0673076923076923
0 0.7932692307692307 0.7548076923076923 0.14903846153846154 0.125
0 0.8088942307692307 0.6935096153846154 0.10576923076923077 0.03365384615384615
0 0.9002403846153846 0.5697115384615384 0.11057692307692307 0.05048076923076923
0 0.8293269230769231 0.5649038461538461 0.055288461538461536 0.052884615384615384
0 0.8088942307692307 0.5372596153846154 0.038461538461538464 0.04326923076923077
0 0.8894230769230769 0.6129807692307693 0.1971153846153846 0.07932692307692307
0 0.8401442307692307 0.6069711538461539 0.10096153846153846 0.03365384615384615
0 0.9086538461538461 0.6430288461538461 0.13942307692307693 0.038461538461538464
0 0.8173076923076923 0.65625 0.07692307692307693 0.028846153846153848
0 0.8173076923076923 0.6814903846153846 0.10096153846153846 0.021634615384615384
0 0.8810096153846154 0.7235576923076923 0.14903846153846154 0.036057692307692304
0 0.8762019230769231 0.7451923076923077 0.20432692307692307 0.08653846153846154
0 0.7932692307692307 0.7451923076923077 0.12740384615384615 0.10817307692307693
0 0.8834134615384616 0.7980769230769231 0.10096153846153846 0.052884615384615384
0 0.8725961538461539 0.8209134615384616 0.10096153846153846 0.06490384615384616
0 0.7872596153846154 0.8365384615384616 0.0625 0.06971153846153846
0 0.7596153846153846 0.8401442307692307 0.07211538461538461 0.11778846153846154
0 0.7463942307692307 0.8762019230769231 0.0673076923076923 0.09134615384615384
0 0.7103365384615384 0.8533653846153846 0.07211538461538461 0.08653846153846154
0 0.6959134615384616 0.9086538461538461 0.055288461538461536 0.07692307692307693
0 0.6550480769230769 0.8834134615384616 0.0625 0.13221153846153846
0 0.7596153846153846 0.2512019230769231 0.0625 0.04326923076923077
0 0.8209134615384616 0.44591346153846156 0.10576923076923077 0.0673076923076923
0 0.7764423076923077 0.39783653846153844 0.0625 0.04326923076923077
0 0.7572115384615384 0.36899038461538464 0.055288461538461536 0.028846153846153848
0 0.47836538461538464 0.1935096153846154 0.19230769230769232 0.14903846153846154
0 0.6550480769230769 0.20552884615384615 0.07211538461538461 0.04807692307692308
0 0.7067307692307693 0.22355769230769232 0.03365384615384615 0.02403846153846154
0 0.6875 0.25240384615384615 0.08173076923076923 0.04807692307692308
0 0.7463942307692307 0.29086538461538464 0.0673076923076923 0.057692307692307696
0 0.7151442307692307 0.32572115384615385 0.04807692307692308 0.028846153846153848
0 0.6935096153846154 0.2920673076923077 0.0625 0.04807692307692308
0 0.6514423076923077 0.30288461538461536 0.04326923076923077 0.02403846153846154
0 0.6742788461538461 0.453125 0.04326923076923077 0.04807692307692308
0 0.6682692307692307 0.4855769230769231 0.055288461538461536 0.038461538461538464
0 0.6358173076923077 0.4675480769230769 0.055288461538461536 0.04807692307692308
0 0.5637019230769231 0.4891826923076923 0.13221153846153846 0.038461538461538464
0 0.5408653846153846 0.4699519230769231 0.055288461538461536 0.028846153846153848
0 0.5192307692307693 0.4519230769230769 0.0889423076923077 0.08653846153846154
0 0.4170673076923077 0.5108173076923077 0.10576923076923077 0.09134615384615384
0 0.40625 0.4519230769230769 0.12740384615384615 0.07932692307692307
0 0.41466346153846156 0.4387019230769231 0.07692307692307693 0.0625
0 0.4230769230769231 0.3894230769230769 0.08173076923076923 0.03365384615384615
0 0.5444711538461539 0.35336538461538464 0.15865384615384615 0.03365384615384615
0 0.5168269230769231 0.32572115384615385 0.09375 0.028846153846153848
0 0.5889423076923077 0.39663461538461536 0.09375 0.04807692307692308
0 0.6274038461538461 0.4026442307692308 0.09375 0.0673076923076923
0 0.6466346153846154 0.39663461538461536 0.055288461538461536 0.038461538461538464
0 0.6598557692307693 0.39783653846153844 0.09375 0.07932692307692307
0 0.5528846153846154 0.39663461538461536 0.1875 0.0625
0 0.5889423076923077 0.8762019230769231 0.08173076923076923 0.11057692307692307
0 0.5132211538461539 0.8978365384615384 0.0889423076923077 0.07692307692307693
0 0.4891826923076923 0.8185096153846154 0.12740384615384615 0.09134615384615384
0 0.45552884615384615 0.8713942307692307 0.13942307692307693 0.1346153846153846