0 0.5625 0.2644230769230769 0.27403846153846156 0.27884615384615385
0 0.6694711538461539 0.08052884615384616 0.25721153846153844 0.15384615384615385
0 0.8137019230769231 0.21754807692307693 0.19230769230769232 0.3701923076923077
0 0.6862980769230769 0.4879807692307692 0.3076923076923077 0.31009615384615385
0 0.8173076923076923 0.7644230769230769 0.18509615384615385 0.39903846153846156
0 0.6646634615384616 0.8629807692307693 0.28365384615384615 0.21875
0 0.5276442307692307 0.6646634615384616 0.25 0.2548076923076923
0 0.43149038461538464 0.46033653846153844 0.22596153846153846 0.22596153846153846
0 0.32572115384615385 0.3125 0.20673076923076922 0.20673076923076922
0 0.25961538461538464 0.15264423076923078 0.18509615384615385 0.19471153846153846
0 0.2127403846153846 0.30288461538461536 0.1346153846153846 0.16346153846153846
0 0.16706730769230768 0.43509615384615385 0.11057692307692307 0.15865384615384615
0 0.21033653846153846 0.5673076923076923 0.1201923076923077 0.16346153846153846
0 0.2764423076923077 0.4375 0.1346153846153846 0.18028846153846154
0 0.3329326923076923 0.5853365384615384 0.17548076923076922 0.21634615384615385
0 0.27283653846153844 0.6995192307692307 0.14903846153846154 0.17548076923076922
0 0.39903846153846156 0.7920673076923077 0.18028846153846154 0.2403846153846154
0 0.328125 0.8798076923076923 0.18509615384615385 0.18509615384615385
0 0.49158653846153844 0.9278846153846154 0.11538461538461539 0.09615384615384616