0 0.2247596153846154 0.6875 0.11057692307692307 0.6153846153846154
0 0.2932692307692308 0.7103365384615384 0.1201923076923077 0.5480769230769231
0 0.10096153846153846 0.8665865384615384 0.18990384615384615 0.25961538461538464
0 0.08774038461538461 0.6334134615384616 0.16346153846153846 0.24519230769230768
0 0.08774038461538461 0.4807692307692308 0.16346153846153846 0.3004807692307692
0 0.18028846153846154 0.3125 0.24278846153846154 0.20192307692307693
0 0.07091346153846154 0.18269230769230768 0.13221153846153846 0.36538461538461536
0 0.18509615384615385 0.12139423076923077 0.19230769230769232 0.23798076923076922
0 0.28846153846153844 0.15985576923076922 0.026442307692307692 0.019230769230769232
0 0.31490384615384615 0.0889423076923077 0.11057692307692307 0.11538461538461539
0 0.3701923076923077 0.18028846153846154 0.14903846153846154 0.1201923076923077
0 0.33653846153846156 0.24759615384615385 0.14423076923076922 0.14903846153846154
0 0.33052884615384615 0.3762019230769231 0.10096153846153846 0.22596153846153846
0 0.4074519230769231 0.3629807692307692 0.09615384615384616 0.08653846153846154
0 0.39903846153846156 0.48677884615384615 0.13221153846153846 0.1778846153846154
0 0.38100961538461536 0.6141826923076923 0.0625 0.07932692307692307
0 0.3629807692307692 0.7259615384615384 0.0673076923076923 0.12740384615384615
0 0.3389423076923077 0.8737980769230769 0.13701923076923078 0.24519230769230768
0 0.4387019230769231 0.9663461538461539 0.12740384615384615 0.06009615384615385
0 0.4387019230769231 0.8209134615384616 0.12740384615384615 0.22115384615384615
0 0.4579326923076923 0.640625 0.16346153846153846 0.1466346153846154
0 0.5612980769230769 0.5300480769230769 0.20192307692307693 0.14903846153846154
0 0.5444711538461539 0.5925480769230769 0.0625 0.057692307692307696
0 0.6009615384615384 0.65625 0.14423076923076922 0.10096153846153846
0 0.3125 0.014423076923076924 0.07692307692307693 0.02403846153846154
0 0.39783653846153844 0.056490384615384616 0.14182692307692307 0.10817307692307693
0 0.5132211538461539 0.20673076923076922 0.24278846153846154 0.1875
0 0.47836538461538464 0.11057692307692307 0.25 0.12980769230769232
0 0.47596153846153844 0.2704326923076923 0.23317307692307693 0.1875
0 0.6875 0.41346153846153844 0.3798076923076923 0.2403846153846154
0 0.6610576923076923 0.7560096153846154 0.2548076923076923 0.10576923076923077
0 0.5877403846153846 0.8894230769230769 0.18028846153846154 0.21394230769230768
0 0.6935096153846154 0.9603365384615384 0.18990384615384615 0.07211538461538461
0 0.7115384615384616 0.5997596153846154 0.14423076923076922 0.19951923076923078
0 0.46875 0.015625 0.07932692307692307 0.028846153846153848
0 0.5492788461538461 0.040865384615384616 0.15625 0.07692307692307693
0 0.6742788461538461 0.09735576923076923 0.21634615384615385 0.14423076923076922
0 0.6670673076923077 0.021634615384615384 0.10817307692307693 0.038461538461538464
0 0.6826923076923077 0.20673076923076922 0.16826923076923078 0.11298076923076923
0 0.7932692307692307 0.21033653846153846 0.10576923076923077 0.11298076923076923
0 0.7223557692307693 0.3076923076923077 0.17307692307692307 0.12740384615384615
0 0.8762019230769231 0.27283653846153844 0.13221153846153846 0.19230769230769232
0 0.8233173076923077 0.5 0.13221153846153846 0.24759615384615385
0 0.8125 0.7668269230769231 0.29086538461538464 0.3389423076923077