0 0.8990384615384616 0.46153846153846156 0.1971153846153846 0.3317307692307692
0 0.7139423076923077 0.5360576923076923 0.22596153846153846 0.3245192307692308
0 0.6526442307692307 0.34615384615384615 0.20192307692307693 0.2860576923076923
0 0.7932692307692307 0.23918269230769232 0.1875 0.24759615384615385
0 0.6033653846153846 0.15625 0.16346153846153846 0.22596153846153846
0 0.38100961538461536 0.16706730769230768 0.15865384615384615 0.18269230769230768
0 0.2247596153846154 0.20072115384615385 0.16826923076923078 0.23557692307692307
0 0.4543269230769231 0.23076923076923078 0.20673076923076922 0.1875
0 0.20673076923076922 0.39302884615384615 0.21153846153846154 0.19230769230769232
0 0.41346153846153844 0.390625 0.21153846153846154 0.14423076923076922
0 0.47115384615384615 0.5516826923076923 0.2548076923076923 0.27884615384615385
0 0.2403846153846154 0.5745192307692307 0.25721153846153844 0.25961538461538464
0 0.32211538461538464 0.8245192307692307 0.28846153846153844 0.34134615384615385
0 0.6634615384615384 0.7824519230769231 0.2692307692307692 0.36778846153846156