0 0.46274038461538464 0.41586538461538464 0.2668269230769231 0.2980769230769231
0 0.49278846153846156 0.6153846153846154 0.2668269230769231 0.1466346153846154
0 0.53125 0.7716346153846154 0.10096153846153846 0.16346153846153846
0 0.6538461538461539 0.6754807692307693 0.08173076923076923 0.20432692307692307
0 0.7331730769230769 0.6262019230769231 0.11538461538461539 0.11538461538461539
0 0.7271634615384616 0.5420673076923077 0.08413461538461539 0.1346153846153846
0 0.7043269230769231 0.2932692307692308 0.11057692307692307 0.09615384615384616
0 0.5516826923076923 0.17307692307692307 0.10576923076923077 0.11538461538461539
0 0.15504807692307693 0.484375 0.1778846153846154 0.052884615384615384
0 0.18269230769230768 0.4110576923076923 0.15144230769230768 0.0673076923076923
0 0.2692307692307692 0.37740384615384615 0.1466346153846154 0.11538461538461539
0 0.1778846153846154 0.27524038461538464 0.0889423076923077 0.0625
0 0.2644230769230769 0.2439903846153846 0.12980769230769232 0.0889423076923077
0 0.3641826923076923 0.2668269230769231 0.09615384615384616 0.08173076923076923
0 0.35096153846153844 0.1778846153846154 0.125 0.08173076923076923
0 0.44471153846153844 0.19110576923076922 0.11538461538461539 0.09615384615384616
0 0.46875 0.1310096153846154 0.057692307692307696 0.09375
0 0.5528846153846154 0.23557692307692307 0.10096153846153846 0.0889423076923077
0 0.5240384615384616 0.2932692307692308 0.10576923076923077 0.09615384615384616
0 0.6069711538461539 0.36177884615384615 0.13942307692307693 0.12980769230769232
0 0.7427884615384616 0.41346153846153844 0.10576923076923077 0.11538461538461539
0 0.8161057692307693 0.5072115384615384 0.0673076923076923 0.10576923076923077
0 0.7331730769230769 0.5492788461538461 0.0625 0.11057692307692307
0 0.36177884615384615 0.8329326923076923 0.07692307692307693 0.0673076923076923
0 0.42908653846153844 0.7692307692307693 0.12980769230769232 0.1346153846153846
0 0.3137019230769231 0.7668269230769231 0.1201923076923077 0.1201923076923077
0 0.14903846153846154 0.5649038461538461 0.08413461538461539 0.11538461538461539
0 0.3137019230769231 0.6153846153846154 0.24519230769230768 0.19951923076923078
0 0.4266826923076923 0.7067307692307693 0.10576923076923077 0.09615384615384616
0 0.21153846153846154 0.6778846153846154 0.10096153846153846 0.12980769230769232
0 0.22716346153846154 0.7331730769230769 0.052884615384615384 0.0625
0 0.453125 0.47596153846153844 0.7836538461538461 0.7908653846153846