0 0.1778846153846154 0.5408653846153846 0.1466346153846154 0.1971153846153846
0 0.12980769230769232 0.6310096153846154 0.10576923076923077 0.08653846153846154
0 0.20673076923076922 0.6935096153846154 0.38221153846153844 0.33653846153846156
0 0.33533653846153844 0.7091346153846154 0.15384615384615385 0.15865384615384615
0 0.28365384615384615 0.28846153846153844 0.41346153846153844 0.4855769230769231
0 0.5612980769230769 0.6983173076923077 0.875 0.44711538461538464
0 0.7584134615384616 0.2548076923076923 0.25961538461538464 0.21153846153846154
0 0.7283653846153846 0.36899038461538464 0.17307692307692307 0.10817307692307693
0 0.9050480769230769 0.3245192307692308 0.12740384615384615 0.18509615384615385
0 0.6177884615384616 0.30649038461538464 0.7596153846153846 0.6081730769230769
0 0.6081730769230769 0.515625 0.27403846153846156 0.4326923076923077
0 0.5 0.6646634615384616 0.18269230769230768 0.18509615384615385