0 0.3173076923076923 0.7788461538461539 0.19230769230769232 0.14182692307692307
0 0.45072115384615385 0.7548076923076923 0.14903846153846154 0.17307692307692307
0 0.3870192307692308 0.6911057692307693 0.1971153846153846 0.12259615384615384
0 0.5829326923076923 0.7692307692307693 0.18269230769230768 0.13701923076923078
0 0.6634615384615384 0.75 0.35336538461538464 0.25
0 0.8401442307692307 0.36899038461538464 0.14423076923076922 0.11057692307692307
0 0.78125 0.27884615384615385 0.19230769230769232 0.0673076923076923
0 0.5685096153846154 0.37259615384615385 0.2548076923076923 0.1971153846153846
0 0.45552884615384615 0.5444711538461539 0.25961538461538464 0.16826923076923078
0 0.5745192307692307 0.6370192307692307 0.1875 0.13701923076923078
0 0.2536057692307692 0.6117788461538461 0.2548076923076923 0.1875
0 0.1658653846153846 0.5120192307692307 0.21153846153846154 0.1778846153846154
0 0.24639423076923078 0.3737980769230769 0.2932692307692308 0.27403846153846156
0 0.32091346153846156 0.23798076923076922 0.1971153846153846 0.18028846153846154
0 0.3894230769230769 0.19591346153846154 0.17067307692307693 0.20673076923076922
0 0.49158653846153844 0.2127403846153846 0.0889423076923077 0.17307692307692307
0 0.48677884615384615 0.12980769230769232 0.10096153846153846 0.06490384615384616
0 0.4362980769230769 0.10576923076923077 0.0889423076923077 0.0673076923076923
0 0.6706730769230769 0.18028846153846154 0.30288461538461536 0.1875
0 0.5637019230769231 0.3762019230769231 0.24278846153846154 0.1971153846153846
0 0.46153846153846156 0.359375 0.12740384615384615 0.15865384615384615
0 0.3870192307692308 0.43149038461538464 0.0673076923076923 0.06490384615384616
0 0.5805288461538461 0.36658653846153844 0.1658653846153846 0.1875
0 0.71875 0.4951923076923077 0.3076923076923077 0.40625