0 0.9194711538461539 0.9302884615384616 0.10817307692307693 0.12980769230769232
0 0.9627403846153846 0.8762019230769231 0.0673076923076923 0.17548076923076922
0 0.9146634615384616 0.7524038461538461 0.12980769230769232 0.18509615384615385
0 0.9519230769230769 0.6754807692307693 0.0889423076923077 0.1346153846153846
0 0.9711538461538461 0.5949519230769231 0.05048076923076923 0.036057692307692304
0 0.9651442307692307 0.5564903846153846 0.0625 0.0625
0 0.984375 0.5132211538461539 0.02403846153846154 0.04807692307692308
0 0.9651442307692307 0.49278846153846156 0.038461538461538464 0.04807692307692308
0 0.9867788461538461 0.48197115384615385 0.019230769230769232 0.036057692307692304
0 0.9338942307692307 0.5288461538461539 0.052884615384615384 0.057692307692307696
0 0.9519230769230769 0.4411057692307692 0.0889423076923077 0.12980769230769232
0 0.8569711538461539 0.5516826923076923 0.038461538461538464 0.040865384615384616
0 0.8341346153846154 0.5925480769230769 0.038461538461538464 0.052884615384615384
0 0.9014423076923077 0.6033653846153846 0.11057692307692307 0.125
0 0.8112980769230769 0.6850961538461539 0.1466346153846154 0.1346153846153846
0 0.7331730769230769 0.7451923076923077 0.1466346153846154 0.13942307692307693
0 0.6298076923076923 0.8269230769230769 0.125 0.15865384615384615
0 0.703125 0.8942307692307693 0.125 0.17067307692307693
0 0.8064903846153846 0.9278846153846154 0.13942307692307693 0.1346153846153846
0 0.5264423076923077 0.8293269230769231 0.07451923076923077 0.10336538461538461
0 0.47475961538461536 0.7836538461538461 0.07692307692307693 0.11298076923076923
0 0.4170673076923077 0.75 0.06971153846153846 0.08653846153846154
0 0.3786057692307692 0.734375 0.052884615384615384 0.07692307692307693
0 0.5661057692307693 0.7295673076923077 0.1971153846153846 0.09615384615384616
0 0.6081730769230769 0.6670673076923077 0.17307692307692307 0.0673076923076923
0 0.6814903846153846 0.6394230769230769 0.1201923076923077 0.07211538461538461
0 0.7451923076923077 0.5949519230769231 0.12980769230769232 0.04807692307692308
0 0.8461538461538461 0.5432692307692307 0.10096153846153846 0.08653846153846154
0 0.45552884615384615 0.8942307692307693 0.02403846153846154 0.02403846153846154
0 0.46875 0.9206730769230769 0.01201923076923077 0.036057692307692304
0 0.4879807692307692 0.9278846153846154 0.026442307692307692 0.040865384615384616
0 0.515625 0.9411057692307693 0.019230769230769232 0.02403846153846154
0 0.5480769230769231 0.9639423076923077 0.038461538461538464 0.03125
0 0.5709134615384616 0.9771634615384616 0.02403846153846154 0.02403846153846154
0 0.5420673076923077 0.9867788461538461 0.03365384615384615 0.014423076923076924
0 0.5036057692307693 0.9795673076923077 0.03365384615384615 0.03125
0 0.5060096153846154 0.9663461538461539 0.04807692307692308 0.02403846153846154
0 0.45552884615384615 0.984375 0.038461538461538464 0.019230769230769232
0 0.4495192307692308 0.9591346153846154 0.026442307692307692 0.03125
0 0.47716346153846156 0.96875 0.026442307692307692 0.040865384615384616
0 0.44591346153846156 0.9170673076923077 0.026442307692307692 0.040865384615384616
0 0.4206730769230769 0.9146634615384616 0.014423076923076924 0.036057692307692304
0 0.4206730769230769 0.9591346153846154 0.03125 0.040865384615384616
0 0.3894230769230769 0.9411057692307693 0.02403846153846154 0.036057692307692304
0 0.375 0.9663461538461539 0.014423076923076924 0.02403846153846154
0 0.3942307692307692 0.9819711538461539 0.03125 0.02403846153846154
0 0.41947115384615385 0.984375 0.03365384615384615 0.019230769230769232
0 0.359375 0.9819711538461539 0.014423076923076924 0.014423076923076924
0 0.3401442307692308 0.9867788461538461 0.02403846153846154 0.014423076923076924
0 0.04807692307692308 0.984375 0.026442307692307692 0.019230769230769232
0 0.09615384615384616 0.9891826923076923 0.016826923076923076 0.009615384615384616
0 0.11538461538461539 0.9771634615384616 0.016826923076923076 0.036057692307692304
0 0.1346153846153846 0.9795673076923077 0.02403846153846154 0.03125
0 0.14423076923076922 0.953125 0.026442307692307692 0.03125
0 0.16466346153846154 0.9771634615384616 0.026442307692307692 0.036057692307692304
0 0.1875 0.9795673076923077 0.026442307692307692 0.03125
0 0.21033653846153846 0.984375 0.04326923076923077 0.019230769230769232
0 0.24519230769230768 0.9819711538461539 0.019230769230769232 0.02403846153846154
0 0.26802884615384615 0.984375 0.019230769230769232 0.019230769230769232
0 0.28725961538461536 0.9771634615384616 0.026442307692307692 0.036057692307692304
0 0.3112980769230769 0.9663461538461539 0.026442307692307692 0.036057692307692304
0 0.33052884615384615 0.9663461538461539 0.019230769230769232 0.036057692307692304
0 0.31490384615384615 0.9326923076923077 0.026442307692307692 0.03125
0 0.33533653846153844 0.9278846153846154 0.03125 0.040865384615384616
0 0.3605769230769231 0.9230769230769231 0.03365384615384615 0.040865384615384616
0 0.3401442307692308 0.8966346153846154 0.03125 0.040865384615384616
0 0.359375 0.9026442307692307 0.014423076923076924 0.03125
0 0.3762019230769231 0.9098557692307693 0.019230769230769232 0.04807692307692308
0 0.3894230769230769 0.8846153846153846 0.038461538461538464 0.036057692307692304
0 0.39903846153846156 0.8713942307692307 0.026442307692307692 0.03125
0 0.375 0.8557692307692307 0.03125 0.019230769230769232
0 0.34134615384615385 0.8377403846153846 0.019230769230769232 0.036057692307692304
0 0.32091346153846156 0.8629807692307693 0.03125 0.036057692307692304
0 0.2920673076923077 0.8473557692307693 0.036057692307692304 0.036057692307692304
0 0.2668269230769231 0.8653846153846154 0.03125 0.040865384615384616
0 0.24519230769230768 0.8942307692307693 0.03365384615384615 0.036057692307692304
0 0.21033653846153846 0.8990384615384616 0.026442307692307692 0.036057692307692304
0 0.171875 0.9206730769230769 0.036057692307692304 0.02403846153846154
0 0.18870192307692307 0.9326923076923077 0.014423076923076924 0.019230769230769232
0 0.19831730769230768 0.9567307692307693 0.04326923076923077 0.036057692307692304
0 0.22596153846153846 0.9435096153846154 0.05048076923076923 0.052884615384615384
0 0.2608173076923077 0.9170673076923077 0.036057692307692304 0.052884615384615384
0 0.9579326923076923 0.07211538461538461 0.07692307692307693 0.052884615384615384
0 0.9651442307692307 0.12139423076923077 0.0625 0.07692307692307693
0 0.9651442307692307 0.17067307692307693 0.0625 0.040865384615384616
0 0.9038461538461539 0.11057692307692307 0.09134615384615384 0.07692307692307693
0 0.9074519230769231 0.15504807692307693 0.06971153846153846 0.052884615384615384
0 0.8786057692307693 0.056490384615384616 0.1201923076923077 0.052884615384615384
0 0.828125 0.09735576923076923 0.07211538461538461 0.09134615384615384
0 0.7800480769230769 0.09254807692307693 0.07692307692307693 0.125
0 0.7043269230769231 0.039663461538461536 0.09134615384615384 0.07451923076923077
0 0.6189903846153846 0.037259615384615384 0.0985576923076923 0.06971153846153846
0 0.5420673076923077 0.03125 0.0673076923076923 0.0625
0 0.7956730769230769 0.016826923076923076 0.09134615384615384 0.028846153846153848
0 0.8834134615384616 0.04567307692307692 0.11298076923076923 0.08653846153846154
0 0.9615384615384616 0.04326923076923077 0.07211538461538461 0.08173076923076923
0 0.040865384615384616 0.07932692307692307 0.019230769230769232 0.014423076923076924
0 0.025240384615384616 0.08774038461538461 0.026442307692307692 0.040865384615384616
0 0.007211538461538462 0.08653846153846154 0.009615384615384616 0.03365384615384615
0 0.025240384615384616 0.11057692307692307 0.026442307692307692 0.02403846153846154
0 0.05048076923076923 0.10096153846153846 0.03125 0.036057692307692304
0 0.07572115384615384 0.11057692307692307 0.026442307692307692 0.036057692307692304
0 0.11057692307692307 0.11899038461538461 0.019230769230769232 0.019230769230769232
0 0.1310096153846154 0.12860576923076922 0.03125 0.03125
0 0.10576923076923077 0.15985576923076922 0.019230769230769232 0.03125
0 0.15625 0.13942307692307693 0.019230769230769232 0.009615384615384616
0 0.06610576923076923 0.16706730769230768 0.02403846153846154 0.036057692307692304
0 0.09014423076923077 0.1622596153846154 0.026442307692307692 0.036057692307692304
0 0.03125 0.13701923076923078 0.02403846153846154 0.014423076923076924
0 0.042067307692307696 0.14903846153846154 0.02403846153846154 0.052884615384615384
0 0.046875 0.1778846153846154 0.02403846153846154 0.036057692307692304
0 0.028846153846153848 0.1935096153846154 0.026442307692307692 0.02403846153846154
0 0.026442307692307692 0.16466346153846154 0.038461538461538464 0.052884615384615384
0 0.009615384615384616 0.20552884615384615 0.014423076923076924 0.04567307692307692
0 0.004807692307692308 0.16466346153846154 0.004807692307692308 0.021634615384615384
0 0.010817307692307692 0.1346153846153846 0.016826923076923076 0.052884615384615384
0 0.6442307692307693 0.07211538461538461 0.06971153846153846 0.040865384615384616
0 0.6790865384615384 0.08533653846153846 0.09134615384615384 0.014423076923076924
0 0.6538461538461539 0.09495192307692307 0.04326923076923077 0.02403846153846154
0 0.7139423076923077 0.09735576923076923 0.052884615384615384 0.0625
0 0.7103365384615384 0.14182692307692307 0.09134615384615384 0.02403846153846154
0 0.6682692307692307 0.11899038461538461 0.04807692307692308 0.040865384615384616
0 0.6237980769230769 0.12860576923076922 0.05048076923076923 0.03125
0 0.5889423076923077 0.15745192307692307 0.09615384615384616 0.036057692307692304
0 0.5757211538461539 0.17307692307692307 0.038461538461538464 0.02403846153846154
0 0.04567307692307692 0.8473557692307693 0.08653846153846154 0.20432692307692307
0 0.13701923076923078 0.8088942307692307 0.09615384615384616 0.18509615384615385
0 0.21394230769230768 0.7367788461538461 0.10576923076923077 0.09134615384615384
0 0.11778846153846154 0.6189903846153846 0.08173076923076923 0.10336538461538461
0 0.0733173076923077 0.6622596153846154 0.09375 0.11778846153846154
0 0.040865384615384616 0.6911057692307693 0.08173076923076923 0.11298076923076923
0 0.34615384615384615 0.703125 0.04326923076923077 0.0673076923076923
0 0.4014423076923077 0.6802884615384616 0.052884615384615384 0.08173076923076923
0 0.42427884615384615 0.6310096153846154 0.0625 0.0673076923076923
0 0.4675480769230769 0.6105769230769231 0.038461538461538464 0.057692307692307696
0 0.5060096153846154 0.5649038461538461 0.052884615384615384 0.0673076923076923
0 0.5228365384615384 0.53125 0.04326923076923077 0.07211538461538461
0 0.5600961538461539 0.48197115384615385 0.04807692307692308 0.0673076923076923
0 0.5733173076923077 0.4326923076923077 0.04326923076923077 0.052884615384615384
0 0.5252403846153846 0.43028846153846156 0.052884615384615384 0.0673076923076923
0 0.5036057692307693 0.4639423076923077 0.05048076923076923 0.0625
0 0.47115384615384615 0.5204326923076923 0.052884615384615384 0.08173076923076923
0 0.4206730769230769 0.5697115384615384 0.052884615384615384 0.04807692307692308
0 0.3786057692307692 0.5949519230769231 0.052884615384615384 0.07692307692307693
0 0.35096153846153844 0.6394230769230769 0.052884615384615384 0.052884615384615384
0 0.33413461538461536 0.5949519230769231 0.026442307692307692 0.04807692307692308
0 0.3701923076923077 0.5516826923076923 0.04807692307692308 0.040865384615384616
0 0.41466346153846156 0.5132211538461539 0.05048076923076923 0.0673076923076923
0 0.453125 0.4567307692307692 0.057692307692307696 0.057692307692307696
0 0.49759615384615385 0.38100961538461536 0.0625 0.07211538461538461
0 0.30528846153846156 0.6370192307692307 0.04807692307692308 0.0673076923076923
0 0.25841346153846156 0.6346153846153846 0.07692307692307693 0.08173076923076923
0 0.2800480769230769 0.5973557692307693 0.05048076923076923 0.03125
0 0.31850961538461536 0.5721153846153846 0.04326923076923077 0.03125
0 0.34134615384615385 0.5336538461538461 0.04326923076923077 0.04807692307692308
0 0.3798076923076923 0.49759615384615385 0.05048076923076923 0.04807692307692308
0 0.3954326923076923 0.4411057692307692 0.05048076923076923 0.057692307692307696
0 0.4387019230769231 0.4074519230769231 0.0673076923076923 0.07211538461538461
0 0.4495192307692308 0.36538461538461536 0.04326923076923077 0.03125
0 0.40384615384615385 0.3786057692307692 0.057692307692307696 0.0673076923076923
0 0.37259615384615385 0.3581730769230769 0.04326923076923077 0.04807692307692308
0 0.3557692307692308 0.41466346153846156 0.038461538461538464 0.0673076923076923
0 0.34615384615384615 0.4795673076923077 0.04326923076923077 0.052884615384615384
0 0.296875 0.515625 0.052884615384615384 0.0625
0 0.27163461538461536 0.5612980769230769 0.057692307692307696 0.0625
0 0.23798076923076922 0.6057692307692307 0.04326923076923077 0.02403846153846154
0 0.21394230769230768 0.5588942307692307 0.057692307692307696 0.07692307692307693
0 0.24879807692307693 0.5108173076923077 0.05048076923076923 0.0625
0 0.30649038461538464 0.45913461538461536 0.05048076923076923 0.0625
0 0.3245192307692308 0.4026442307692308 0.038461538461538464 0.052884615384615384
0 0.3473557692307692 0.3473557692307692 0.03125 0.057692307692307696
0 0.3016826923076923 0.4026442307692308 0.038461538461538464 0.052884615384615384
0 0.2608173076923077 0.453125 0.04326923076923077 0.052884615384615384
0 0.21754807692307693 0.47475961538461536 0.04326923076923077 0.040865384615384616
0 0.1778846153846154 0.5252403846153846 0.038461538461538464 0.040865384615384616
0 0.20793269230769232 0.5024038461538461 0.04807692307692308 0.057692307692307696
0 0.6117788461538461 0.484375 0.057692307692307696 0.052884615384615384
0 0.6141826923076923 0.4483173076923077 0.038461538461538464 0.019230769230769232
0 0.6586538461538461 0.46875 0.05048076923076923 0.052884615384615384
0 0.6875 0.4483173076923077 0.04807692307692308 0.0625
0 0.7163461538461539 0.44350961538461536 0.04326923076923077 0.052884615384615384
0 0.7331730769230769 0.4326923076923077 0.038461538461538464 0.0625
0 0.7572115384615384 0.41225961538461536 0.03125 0.0625
0 0.7740384615384616 0.41225961538461536 0.026442307692307692 0.052884615384615384
0 0.7956730769230769 0.4074519230769231 0.038461538461538464 0.0625
0 0.8112980769230769 0.3786057692307692 0.038461538461538464 0.04807692307692308
0 0.7764423076923077 0.3581730769230769 0.038461538461538464 0.036057692307692304
0 0.7427884615384616 0.3329326923076923 0.05048076923076923 0.036057692307692304
0 0.7391826923076923 0.3713942307692308 0.04326923076923077 0.03125
0 0.7103365384615384 0.3894230769230769 0.038461538461538464 0.04807692307692308
0 0.7103365384615384 0.33774038461538464 0.038461538461538464 0.036057692307692304
0 0.7007211538461539 0.296875 0.05048076923076923 0.04807692307692308
0 0.6778846153846154 0.3173076923076923 0.03365384615384615 0.02403846153846154
0 0.6754807692307693 0.3425480769230769 0.038461538461538464 0.02403846153846154
0 0.671875 0.3894230769230769 0.04807692307692308 0.0673076923076923
0 0.6298076923076923 0.4326923076923077 0.052884615384615384 0.052884615384615384
0 0.9230769230769231 0.20072115384615385 0.07692307692307693 0.03125
0 0.9423076923076923 0.22716346153846154 0.10096153846153846 0.052884615384615384
0 0.9651442307692307 0.24278846153846154 0.0625 0.07211538461538461
0 0.9711538461538461 0.27283653846153844 0.05048076923076923 0.040865384615384616
0 0.9735576923076923 0.29927884615384615 0.04807692307692308 0.03125
0 0.9651442307692307 0.33533653846153844 0.0625 0.040865384615384616
0 0.953125 0.3629807692307692 0.08653846153846154 0.04807692307692308
0 0.9242788461538461 0.3449519230769231 0.0673076923076923 0.0625
0 0.8882211538461539 0.3942307692307692 0.04807692307692308 0.036057692307692304
0 0.8725961538461539 0.3713942307692308 0.04807692307692308 0.03125
0 0.9014423076923077 0.3173076923076923 0.057692307692307696 0.0673076923076923
0 0.9038461538461539 0.29086538461538464 0.0625 0.057692307692307696
0 0.8377403846153846 0.35096153846153844 0.07692307692307693 0.052884615384615384
0 0.8473557692307693 0.30408653846153844 0.057692307692307696 0.040865384615384616
0 0.8762019230769231 0.265625 0.06971153846153846 0.036057692307692304
0 0.8569711538461539 0.23197115384615385 0.06971153846153846 0.040865384615384616
0 0.8185096153846154 0.27884615384615385 0.038461538461538464 0.040865384615384616
0 0.7920673076923077 0.30649038461538464 0.038461538461538464 0.04807692307692308
0 0.7644230769230769 0.29086538461538464 0.03125 0.036057692307692304
0 0.7355769230769231 0.296875 0.019230769230769232 0.014423076923076924
0 0.6346153846153846 0.3762019230769231 0.05048076923076923 0.0625
0 0.5901442307692307 0.3918269230769231 0.04807692307692308 0.052884615384615384
0 0.6009615384615384 0.36899038461538464 0.026442307692307692 0.014423076923076924
0 0.6117788461538461 0.3401442307692308 0.03365384615384615 0.040865384615384616
0 0.6394230769230769 0.3112980769230769 0.04326923076923077 0.02403846153846154
0 0.6538461538461539 0.29086538461538464 0.026442307692307692 0.02403846153846154
0 0.6298076923076923 0.296875 0.03125 0.02403846153846154
0 0.6213942307692307 0.265625 0.03125 0.02403846153846154
0 0.5961538461538461 0.29086538461538464 0.03365384615384615 0.036057692307692304
0 0.5865384615384616 0.32211538461538464 0.038461538461538464 0.02403846153846154
0 0.5793269230769231 0.30649038461538464 0.038461538461538464 0.02403846153846154
0 0.5516826923076923 0.3293269230769231 0.02403846153846154 0.019230769230769232
0 0.5697115384615384 0.3557692307692308 0.03365384615384615 0.03125
0 0.5444711538461539 0.3737980769230769 0.038461538461538464 0.057692307692307696
0 0.53125 0.3425480769230769 0.026442307692307692 0.036057692307692304
0 0.6310096153846154 0.2247596153846154 0.08173076923076923 0.07692307692307693
0 0.6838942307692307 0.21394230769230768 0.06971153846153846 0.04807692307692308
0 0.7259615384615384 0.17307692307692307 0.09134615384615384 0.02403846153846154
0 0.7680288461538461 0.18269230769230768 0.09134615384615384 0.0673076923076923
0 0.8377403846153846 0.17307692307692307 0.07692307692307693 0.057692307692307696
0 0.7824519230769231 0.20673076923076922 0.057692307692307696 0.03125
0 0.7584134615384616 0.2548076923076923 0.0673076923076923 0.04807692307692308
0 0.7199519230769231 0.23918269230769232 0.08173076923076923 0.04807692307692308
0 0.5661057692307693 0.27283653846153844 0.03365384615384615 0.052884615384615384
0 0.5408653846153846 0.27283653846153844 0.02403846153846154 0.03125
0 0.5504807692307693 0.3016826923076923 0.03365384615384615 0.036057692307692304
0 0.5252403846153846 0.31971153846153844 0.03125 0.040865384615384616
0 0.5096153846153846 0.29086538461538464 0.03125 0.02403846153846154
0 0.4963942307692308 0.3245192307692308 0.04326923076923077 0.052884615384615384
0 0.46875 0.32211538461538464 0.019230769230769232 0.02403846153846154
0 0.4519230769230769 0.3293269230769231 0.03125 0.03125
0 0.4170673076923077 0.3245192307692308 0.02403846153846154 0.03125
0 0.53125 0.10096153846153846 0.03365384615384615 0.07692307692307693
0 0.5697115384615384 0.11298076923076923 0.057692307692307696 0.040865384615384616
0 0.5 0.12379807692307693 0.03365384615384615 0.07211538461538461
0 0.484375 0.15504807692307693 0.03365384615384615 0.03125
0 0.5036057692307693 0.18028846153846154 0.026442307692307692 0.03125
0 0.5372596153846154 0.18870192307692307 0.02403846153846154 0.02403846153846154
0 0.5228365384615384 0.203125 0.026442307692307692 0.02403846153846154
0 0.5408653846153846 0.23677884615384615 0.02403846153846154 0.03125
0 0.5576923076923077 0.21875 0.026442307692307692 0.02403846153846154
0 0.5120192307692307 0.234375 0.026442307692307692 0.02403846153846154
0 0.5072115384615384 0.26802884615384615 0.04326923076923077 0.040865384615384616
0 0.47716346153846156 0.2932692307692308 0.026442307692307692 0.019230769230769232
0 0.4423076923076923 0.28365384615384615 0.03365384615384615 0.052884615384615384
0 0.4579326923076923 0.27283653846153844 0.05048076923076923 0.019230769230769232
0 0.47836538461538464 0.24519230769230768 0.038461538461538464 0.04807692307692308
0 0.4098557692307692 0.29086538461538464 0.03125 0.02403846153846154
0 0.38822115384615385 0.3173076923076923 0.03365384615384615 0.036057692307692304
0 0.3762019230769231 0.28365384615384615 0.03365384615384615 0.03125
0 0.4110576923076923 0.25240384615384615 0.04326923076923077 0.0625
0 0.4495192307692308 0.23677884615384615 0.03365384615384615 0.03125
0 0.4387019230769231 0.21153846153846154 0.036057692307692304 0.03125
0 0.46875 0.20072115384615385 0.05048076923076923 0.040865384615384616
0 0.4050480769230769 0.21153846153846154 0.055288461538461536 0.040865384615384616
0 0.3701923076923077 0.22115384615384615 0.02403846153846154 0.03125
0 0.3798076923076923 0.25 0.03365384615384615 0.036057692307692304
0 0.35336538461538464 0.25721153846153844 0.026442307692307692 0.040865384615384616
0 0.34975961538461536 0.29086538461538464 0.04326923076923077 0.036057692307692304
0 0.3125 0.29086538461538464 0.04807692307692308 0.04807692307692308
0 0.3317307692307692 0.25721153846153844 0.03125 0.03125
0 0.28725961538461536 0.3425480769230769 0.057692307692307696 0.0673076923076923
0 0.3317307692307692 0.3245192307692308 0.04807692307692308 0.040865384615384616
0 0.2512019230769231 0.3942307692307692 0.0625 0.0673076923076923
0 0.24278846153846154 0.3425480769230769 0.04807692307692308 0.057692307692307696
0 0.203125 0.4206730769230769 0.05048076923076923 0.0673076923076923
0 0.1622596153846154 0.5252403846153846 0.052884615384615384 0.07211538461538461
0 0.15985576923076922 0.43509615384615385 0.04326923076923077 0.057692307692307696
0 0.24879807692307693 0.3425480769230769 0.026442307692307692 0.02403846153846154
0 0.2548076923076923 0.30649038461538464 0.02403846153846154 0.02403846153846154
0 0.23798076923076922 0.3173076923076923 0.026442307692307692 0.036057692307692304
0 0.21634615384615385 0.3173076923076923 0.03125 0.036057692307692304
0 0.18509615384615385 0.31490384615384615 0.03125 0.040865384615384616
0 0.18870192307692307 0.3557692307692308 0.03125 0.019230769230769232
0 0.1658653846153846 0.3737980769230769 0.038461538461538464 0.036057692307692304
0 0.14423076923076922 0.3713942307692308 0.036057692307692304 0.03125
0 0.12139423076923077 0.3942307692307692 0.03365384615384615 0.04807692307692308
0 0.15865384615384615 0.41466346153846156 0.038461538461538464 0.02403846153846154
0 0.09615384615384616 0.41466346153846156 0.02403846153846154 0.04807692307692308
0 0.09615384615384616 0.4387019230769231 0.038461538461538464 0.03125
0 0.12379807692307693 0.4387019230769231 0.03125 0.019230769230769232
0 0.12379807692307693 0.47115384615384615 0.04807692307692308 0.04807692307692308
0 0.07091346153846154 0.4795673076923077 0.036057692307692304 0.03125
0 0.08052884615384616 0.5024038461538461 0.03125 0.04807692307692308
0 0.09615384615384616 0.5252403846153846 0.052884615384615384 0.040865384615384616
0 0.05048076923076923 0.45072115384615385 0.055288461538461536 0.04807692307692308
0 0.021634615384615384 0.3713942307692308 0.04326923076923077 0.0625
0 0.026442307692307692 0.3894230769230769 0.04807692307692308 0.04807692307692308
0 0.06610576923076923 0.4050480769230769 0.07692307692307693 0.0673076923076923
0 0.11177884615384616 0.3473557692307692 0.125 0.08653846153846154
0 0.12980769230769232 0.29086538461538464 0.08173076923076923 0.07692307692307693
0 0.019230769230769232 0.2439903846153846 0.03365384615384615 0.05048076923076923
0 0.03485576923076923 0.27403846153846156 0.06490384615384616 0.07211538461538461
0 0.051682692307692304 0.29927884615384615 0.0985576923076923 0.09375
0 0.08653846153846154 0.1935096153846154 0.07451923076923077 0.02403846153846154
0 0.06971153846153846 0.21634615384615385 0.052884615384615384 0.019230769230769232
0 0.06971153846153846 0.23918269230769232 0.06971153846153846 0.04807692307692308
0 0.125 0.22956730769230768 0.0673076923076923 0.036057692307692304
0 0.14903846153846154 0.2608173076923077 0.07211538461538461 0.036057692307692304
0 0.17908653846153846 0.2704326923076923 0.0673076923076923 0.02403846153846154
0 0.23798076923076922 0.2704326923076923 0.07211538461538461 0.036057692307692304
0 0.28966346153846156 0.24278846153846154 0.038461538461538464 0.040865384615384616
0 0.33774038461538464 0.2247596153846154 0.05048076923076923 0.02403846153846154
0 0.24759615384615385 0.10817307692307693 0.038461538461538464 0.03125
0 0.27163461538461536 0.10336538461538461 0.026442307692307692 0.03125
0 0.28966346153846156 0.08774038461538461 0.03125 0.03125
0 0.3245192307692308 0.04326923076923077 0.038461538461538464 0.036057692307692304
0 0.3557692307692308 0.04927884615384615 0.02403846153846154 0.02403846153846154
0 0.24278846153846154 0.06490384615384616 0.038461538461538464 0.036057692307692304
0 0.2776442307692308 0.040865384615384616 0.03125 0.03125
0 0.21394230769230768 0.09254807692307693 0.026442307692307692 0.040865384615384616
0 0.19831730769230768 0.10096153846153846 0.004807692307692308 0.02403846153846154
0 0.2512019230769231 0.265625 0.04807692307692308 0.036057692307692304
0 0.24879807692307693 0.234375 0.05048076923076923 0.036057692307692304
0 0.28365384615384615 0.21394230769230768 0.03365384615384615 0.036057692307692304
0 0.10817307692307693 0.19591346153846154 0.0625 0.019230769230769232
0 0.16947115384615385 0.18509615384615385 0.052884615384615384 0.03125
0 0.22596153846153846 0.18269230769230768 0.057692307692307696 0.04807692307692308
0 0.2776442307692308 0.19831730769230768 0.07692307692307693 0.04807692307692308
0 0.20793269230769232 0.2247596153846154 0.0625 0.057692307692307696
0 0.16466346153846154 0.21634615384615385 0.057692307692307696 0.040865384615384616
0 0.328125 0.1935096153846154 0.038461538461538464 0.02403846153846154
0 0.33413461538461536 0.15264423076923078 0.04326923076923077 0.036057692307692304
0 0.37259615384615385 0.13701923076923078 0.04326923076923077 0.04807692307692308
0 0.38822115384615385 0.1778846153846154 0.0673076923076923 0.04807692307692308
0 0.42427884615384615 0.14182692307692307 0.038461538461538464 0.04807692307692308
0 0.44350961538461536 0.1622596153846154 0.03125 0.04807692307692308
0 0.45552884615384615 0.12139423076923077 0.038461538461538464 0.04807692307692308
0 0.4014423076923077 0.10096153846153846 0.04807692307692308 0.0673076923076923
0 0.46274038461538464 0.0673076923076923 0.0625 0.052884615384615384
0 0.47115384615384615 0.03125 0.09134615384615384 0.040865384615384616
0 0.5408653846153846 0.040865384615384616 0.07692307692307693 0.0625
0 0.6237980769230769 0.036057692307692304 0.10576923076923077 0.052884615384615384
0 0.7199519230769231 0.04326923076923077 0.10576923076923077 0.057692307692307696
0 0.39783653846153844 0.040865384615384616 0.052884615384615384 0.0625
0 0.22956730769230768 0.04326923076923077 0.04326923076923077 0.04807692307692308
0 0.2127403846153846 0.025240384615384616 0.03125 0.021634615384615384
0 0.028846153846153848 0.5420673076923077 0.052884615384615384 0.12259615384615384
0 0.036057692307692304 0.5925480769230769 0.0673076923076923 0.12740384615384615
0 0.10096153846153846 0.5745192307692307 0.038461538461538464 0.036057692307692304
0 0.01201923076923077 0.5072115384615384 0.02403846153846154 0.036057692307692304
0 0.014423076923076924 0.45552884615384615 0.02403846153846154 0.06971153846153846