0 0.028846153846153848 0.84375 0.05048076923076923 0.19230769230769232
0 0.054086538461538464 0.9399038461538461 0.07211538461538461 0.11057692307692307
0 0.08533653846153846 0.8581730769230769 0.08413461538461539 0.1201923076923077
0 0.08533653846153846 0.7572115384615384 0.08413461538461539 0.10336538461538461
0 0.036057692307692304 0.6887019230769231 0.06490384615384616 0.12980769230769232
0 0.036057692307692304 0.5841346153846154 0.06490384615384616 0.16346153846153846
0 0.03125 0.45072115384615385 0.052884615384615384 0.11538461538461539
0 0.036057692307692304 0.34975961538461536 0.06490384615384616 0.1201923076923077
0 0.052884615384615384 0.21634615384615385 0.0985576923076923 0.15865384615384615
0 0.03125 0.09014423076923077 0.052884615384615384 0.10336538461538461
0 0.039663461538461536 0.014423076923076924 0.07451923076923077 0.028846153846153848
0 0.1346153846153846 0.003605769230769231 0.11538461538461539 0.007211538461538462
0 0.13221153846153846 0.109375 0.1201923076923077 0.16346153846153846
0 0.13581730769230768 0.21033653846153846 0.0625 0.07211538461538461
0 0.14182692307692307 0.3389423076923077 0.11538461538461539 0.07692307692307693
0 0.10216346153846154 0.3004807692307692 0.08653846153846154 0.11057692307692307
0 0.11778846153846154 0.5324519230769231 0.15625 0.36538461538461536
0 0.2127403846153846 0.6911057692307693 0.1201923076923077 0.20192307692307693
0 0.1658653846153846 0.7680288461538461 0.07692307692307693 0.09134615384615384
0 0.22235576923076922 0.8581730769230769 0.18269230769230768 0.1971153846153846
0 0.15865384615384615 0.9014423076923077 0.14182692307692307 0.1875
0 0.23076923076923078 0.9723557692307693 0.052884615384615384 0.04326923076923077
0 0.3161057692307692 0.9375 0.13942307692307693 0.11538461538461539
0 0.33774038461538464 0.8305288461538461 0.08653846153846154 0.0985576923076923
0 0.33653846153846156 0.6670673076923077 0.14903846153846154 0.25
0 0.3329326923076923 0.4567307692307692 0.1201923076923077 0.19230769230769232
0 0.22355769230769232 0.47836538461538464 0.14182692307692307 0.22355769230769232
0 0.2548076923076923 0.19951923076923078 0.1971153846153846 0.20192307692307693
0 0.30528846153846156 0.2764423076923077 0.18269230769230768 0.20192307692307693
0 0.36899038461538464 0.31971153846153844 0.14903846153846154 0.16826923076923078
0 0.4495192307692308 0.9615384615384616 0.11298076923076923 0.0673076923076923
0 0.3798076923076923 0.9038461538461539 0.0625 0.09134615384615384
0 0.46033653846153844 0.8473557692307693 0.14903846153846154 0.20673076923076922
0 0.4495192307692308 0.6418269230769231 0.14182692307692307 0.23557692307692307
0 0.5240384615384616 0.7043269230769231 0.06490384615384616 0.14182692307692307
0 0.5216346153846154 0.9483173076923077 0.038461538461538464 0.09134615384615384
0 0.5576923076923077 0.9783653846153846 0.052884615384615384 0.03365384615384615
0 0.5841346153846154 0.9266826923076923 0.038461538461538464 0.07211538461538461
0 0.6165865384615384 0.9615384615384616 0.04807692307692308 0.0673076923076923
0 0.6394230769230769 0.9290865384615384 0.057692307692307696 0.08653846153846154
0 0.7548076923076923 0.8689903846153846 0.19230769230769232 0.25
0 0.6995192307692307 0.9591346153846154 0.10576923076923077 0.07211538461538461
0 0.8377403846153846 0.9783653846153846 0.0625 0.03365384615384615
0 0.9278846153846154 0.9014423076923077 0.13942307692307693 0.1875
0 0.8473557692307693 0.7704326923076923 0.125 0.16346153846153846
0 0.7560096153846154 0.6610576923076923 0.125 0.16346153846153846
0 0.6706730769230769 0.6634615384615384 0.038461538461538464 0.09134615384615384
0 0.6346153846153846 0.6526442307692307 0.038461538461538464 0.09134615384615384
0 0.5997596153846154 0.765625 0.15384615384615385 0.25
0 0.5504807692307693 0.5841346153846154 0.11298076923076923 0.11057692307692307
0 0.5733173076923077 0.4338942307692308 0.1201923076923077 0.24519230769230768
0 0.4639423076923077 0.43149038461538464 0.11298076923076923 0.1875
0 0.3942307692307692 0.49158653846153844 0.0625 0.1201923076923077
0 0.4182692307692308 0.09014423076923077 0.15384615384615385 0.18028846153846154
0 0.35096153846153844 0.030048076923076924 0.08413461538461539 0.06009615384615385
0 0.2848557692307692 0.019230769230769232 0.04807692307692308 0.038461538461538464
0 0.44350961538461536 0.21033653846153846 0.09615384615384616 0.09134615384615384
0 0.38221153846153844 0.1935096153846154 0.05048076923076923 0.06009615384615385
0 0.48197115384615385 0.27283653846153844 0.07692307692307693 0.1201923076923077
0 0.43990384615384615 0.28966346153846156 0.057692307692307696 0.0673076923076923
0 0.5637019230769231 0.2403846153846154 0.11057692307692307 0.1971153846153846
0 0.5144230769230769 0.1201923076923077 0.11298076923076923 0.16346153846153846
0 0.6069711538461539 0.06850961538461539 0.09615384615384616 0.11538461538461539
0 0.5913461538461539 0.16105769230769232 0.08413461538461539 0.09134615384615384
0 0.6490384615384616 0.21033653846153846 0.09134615384615384 0.14903846153846154
0 0.6838942307692307 0.28365384615384615 0.057692307692307696 0.052884615384615384
0 0.6983173076923077 0.3329326923076923 0.06490384615384616 0.11057692307692307
0 0.6358173076923077 0.35216346153846156 0.08653846153846154 0.11538461538461539
0 0.6478365384615384 0.5060096153846154 0.07211538461538461 0.14903846153846154
0 0.6887019230769231 0.5817307692307693 0.10576923076923077 0.09134615384615384
0 0.7091346153846154 0.453125 0.125 0.15384615384615385
0 0.8088942307692307 0.5360576923076923 0.12740384615384615 0.16346153846153846
0 0.8581730769230769 0.6610576923076923 0.08653846153846154 0.1201923076923077
0 0.8966346153846154 0.6117788461538461 0.07692307692307693 0.08653846153846154
0 0.9603365384615384 0.7103365384615384 0.07451923076923077 0.24278846153846154
0 0.9110576923076923 0.7235576923076923 0.03365384615384615 0.04807692307692308
0 0.9314903846153846 0.5408653846153846 0.125 0.15384615384615385
0 0.8473557692307693 0.4375 0.08653846153846154 0.0985576923076923
0 0.8004807692307693 0.34375 0.12980769230769232 0.1875
0 0.9423076923076923 0.4098557692307692 0.11057692307692307 0.18990384615384615
0 0.9326923076923077 0.328125 0.1201923076923077 0.12980769230769232
0 0.8894230769230769 0.2704326923076923 0.08413461538461539 0.11538461538461539
0 0.8257211538461539 0.18870192307692307 0.11057692307692307 0.14903846153846154
0 0.7367788461538461 0.20432692307692307 0.09134615384615384 0.11538461538461539
0 0.6802884615384616 0.109375 0.057692307692307696 0.07692307692307693
0 0.6442307692307693 0.11177884615384616 0.04326923076923077 0.07211538461538461
0 0.7524038461538461 0.08173076923076923 0.09615384615384616 0.14182692307692307
0 0.8377403846153846 0.0733173076923077 0.07692307692307693 0.10336538461538461
0 0.796875 0.0625 0.021634615384615384 0.04807692307692308
0 0.8653846153846154 0.12620192307692307 0.05048076923076923 0.0673076923076923
0 0.9038461538461539 0.16947115384615385 0.052884615384615384 0.07692307692307693
0 0.9567307692307693 0.20432692307692307 0.08173076923076923 0.12980769230769232
0 0.9867788461538461 0.24639423076923078 0.02403846153846154 0.0985576923076923
0 0.9362980769230769 0.1141826923076923 0.052884615384615384 0.07692307692307693
0 0.9194711538461539 0.046875 0.08173076923076923 0.07211538461538461
0 0.9771634615384616 0.078125 0.040865384615384616 0.07932692307692307
0 0.9771634615384616 0.1201923076923077 0.040865384615384616 0.057692307692307696
0 0.9375 0.026442307692307692 0.1201923076923077 0.052884615384615384
0 0.7524038461538461 0.03365384615384615 0.1971153846153846 0.0673076923076923
0 0.5 0.4987980769230769 0.9951923076923077 0.9975961538461539