0 0.056490384615384616 0.8233173076923077 0.10576923076923077 0.18990384615384615
0 0.10576923076923077 0.9098557692307693 0.20673076923076922 0.16826923076923078
0 0.11177884615384616 0.9350961538461539 0.21634615384615385 0.1201923076923077
0 0.23076923076923078 0.9483173076923077 0.04567307692307692 0.09134615384615384
0 0.3004807692307692 0.9350961538461539 0.09615384615384616 0.1201923076923077
0 0.3425480769230769 0.9675480769230769 0.09134615384615384 0.052884615384615384
0 0.23076923076923078 0.7668269230769231 0.23557692307692307 0.2932692307692308
0 0.12620192307692307 0.6598557692307693 0.24519230769230768 0.5384615384615384
0 0.051682692307692304 0.5024038461538461 0.09615384615384616 0.10336538461538461
0 0.11778846153846154 0.2932692307692308 0.22115384615384615 0.3701923076923077
0 0.11177884615384616 0.0829326923076923 0.21875 0.16105769230769232
0 0.27283653846153844 0.11538461538461539 0.1466346153846154 0.22596153846153846
0 0.3173076923076923 0.3449519230769231 0.25961538461538464 0.35336538461538464
0 0.2247596153846154 0.4266826923076923 0.0985576923076923 0.1466346153846154
0 0.1502403846153846 0.5240384615384616 0.10096153846153846 0.15865384615384615
0 0.20673076923076922 0.6117788461538461 0.07692307692307693 0.1346153846153846
0 0.2932692307692308 0.6875 0.09615384615384616 0.15865384615384615
0 0.2860576923076923 0.5408653846153846 0.11057692307692307 0.1466346153846154
0 0.38461538461538464 0.6033653846153846 0.11057692307692307 0.1971153846153846
0 0.4338942307692308 0.7740384615384616 0.07692307692307693 0.18990384615384615
0 0.35336538461538464 0.75 0.11298076923076923 0.18509615384615385
0 0.4375 0.8100961538461539 0.12259615384615384 0.09615384615384616
0 0.38461538461538464 0.9050480769230769 0.07211538461538461 0.10336538461538461
0 0.4411057692307692 0.9290865384615384 0.08413461538461539 0.12980769230769232
0 0.4891826923076923 0.8774038461538461 0.04807692307692308 0.09134615384615384
0 0.5 0.9483173076923077 0.1201923076923077 0.09134615384615384
0 0.5661057692307693 0.8233173076923077 0.14423076923076922 0.20192307692307693
0 0.49399038461538464 0.6658653846153846 0.13221153846153846 0.20192307692307693
0 0.46875 0.5492788461538461 0.052884615384615384 0.07692307692307693
0 0.4411057692307692 0.48677884615384615 0.055288461538461536 0.09134615384615384
0 0.47596153846153844 0.3581730769230769 0.07211538461538461 0.20673076923076922
0 0.40625 0.24158653846153846 0.13221153846153846 0.15865384615384615
0 0.40384615384615385 0.0889423076923077 0.14903846153846154 0.17307692307692307
0 0.3629807692307692 0.01201923076923077 0.34615384615384615 0.019230769230769232
0 0.5745192307692307 0.1778846153846154 0.22115384615384615 0.35096153846153844
0 0.6153846153846154 0.36177884615384615 0.07211538461538461 0.10336538461538461
0 0.5733173076923077 0.39903846153846156 0.1346153846153846 0.1466346153846154
0 0.5528846153846154 0.5060096153846154 0.16105769230769232 0.1971153846153846
0 0.6009615384615384 0.6117788461538461 0.09615384615384616 0.22115384615384615
0 0.6262019230769231 0.9375 0.13221153846153846 0.11538461538461539
0 0.6610576923076923 0.8473557692307693 0.040865384615384616 0.052884615384615384
0 0.671875 0.7115384615384616 0.14423076923076922 0.1971153846153846
0 0.6634615384615384 0.43509615384615385 0.057692307692307696 0.3581730769230769
0 0.7175480769230769 0.4483173076923077 0.08173076923076923 0.34134615384615385
0 0.6959134615384616 0.2668269230769231 0.057692307692307696 0.27163461538461536
0 0.7596153846153846 0.2668269230769231 0.07692307692307693 0.18509615384615385
0 0.7824519230769231 0.4026442307692308 0.10576923076923077 0.3485576923076923
0 0.7584134615384616 0.6442307692307693 0.052884615384615384 0.08173076923076923
0 0.7415865384615384 0.6682692307692307 0.0625 0.10817307692307693
0 0.8052884615384616 0.7415865384615384 0.057692307692307696 0.08173076923076923
0 0.8425480769230769 0.7776442307692307 0.036057692307692304 0.052884615384615384
0 0.9302884615384616 0.8762019230769231 0.1346153846153846 0.24278846153846154
0 0.8016826923076923 0.8725961538461539 0.25 0.24519230769230768
0 0.8846153846153846 0.5805288461538461 0.22596153846153846 0.4014423076923077
0 0.8954326923076923 0.45072115384615385 0.20192307692307693 0.04326923076923077
0 0.8942307692307693 0.4891826923076923 0.11778846153846154 0.10817307692307693
0 0.8870192307692307 0.17427884615384615 0.22115384615384615 0.34375
0 0.9014423076923077 0.3581730769230769 0.19230769230769232 0.14423076923076922
0 0.7512019230769231 0.04807692307692308 0.11778846153846154 0.09134615384615384
0 0.7283653846153846 0.16826923076923078 0.10096153846153846 0.14182692307692307