0 0.07572115384615384 0.5853365384615384 0.14423076923076922 0.35336538461538464
0 0.057692307692307696 0.5108173076923077 0.10817307692307693 0.2692307692307692
0 0.1814903846153846 0.5360576923076923 0.07692307692307693 0.2980769230769231
0 0.08774038461538461 0.22355769230769232 0.04807692307692308 0.13942307692307693
0 0.07211538461538461 0.11658653846153846 0.028846153846153848 0.0889423076923077
0 0.026442307692307692 0.11658653846153846 0.04807692307692308 0.04326923076923077
0 0.04326923076923077 0.1875 0.07932692307692307 0.11057692307692307
0 0.12379807692307693 0.0889423076923077 0.07692307692307693 0.1658653846153846
0 0.13822115384615385 0.22115384615384615 0.052884615384615384 0.1971153846153846
0 0.37740384615384615 0.06370192307692307 0.07211538461538461 0.11538461538461539
0 0.32572115384615385 0.036057692307692304 0.04807692307692308 0.0625
0 0.4098557692307692 0.055288461538461536 0.07211538461538461 0.10096153846153846
0 0.453125 0.04927884615384615 0.06490384615384616 0.0889423076923077
0 0.5120192307692307 0.06610576923076923 0.04807692307692308 0.1201923076923077
0 0.5480769230769231 0.06129807692307692 0.02403846153846154 0.055288461538461536
0 0.5612980769230769 0.021634615384615384 0.036057692307692304 0.03365384615384615
0 0.6262019230769231 0.021634615384615384 0.06490384615384616 0.03365384615384615
0 0.24879807692307693 0.16826923076923078 0.21634615384615385 0.3269230769230769
0 0.2932692307692308 0.3293269230769231 0.1778846153846154 0.09375
0 0.3942307692307692 0.2536057692307692 0.0625 0.0889423076923077
0 0.43028846153846156 0.19591346153846154 0.0625 0.08173076923076923
0 0.265625 0.4362980769230769 0.028846153846153848 0.04326923076923077
0 0.22115384615384615 0.8425480769230769 0.20673076923076922 0.25961538461538464
0 0.17067307692307693 0.8834134615384616 0.22115384615384615 0.23076923076923078
0 0.04447115384615385 0.8401442307692307 0.08173076923076923 0.15384615384615385
0 0.02283653846153846 0.9603365384615384 0.040865384615384616 0.07451923076923077
0 0.06971153846153846 0.9543269230769231 0.0625 0.08653846153846154
0 0.30528846153846156 0.40625 0.021634615384615384 0.028846153846153848
0 0.2824519230769231 0.40625 0.019230769230769232 0.028846153846153848
0 0.2980769230769231 0.43149038461538464 0.021634615384615384 0.021634615384615384
0 0.3004807692307692 0.45913461538461536 0.019230769230769232 0.04326923076923077
0 0.2824519230769231 0.4699519230769231 0.019230769230769232 0.021634615384615384
0 0.28365384615384615 0.49399038461538464 0.014423076923076924 0.028846153846153848
0 0.265625 0.4807692307692308 0.014423076923076924 0.03365384615384615
0 0.2536057692307692 0.4639423076923077 0.019230769230769232 0.021634615384615384
0 0.33413461538461536 0.40865384615384615 0.021634615384615384 0.021634615384615384
0 0.3401442307692308 0.4387019230769231 0.03365384615384615 0.028846153846153848
0 0.35216346153846156 0.46634615384615385 0.021634615384615384 0.016826923076923076
0 0.46634615384615385 0.8954326923076923 0.04807692307692308 0.10096153846153846
0 0.33653846153846156 0.6766826923076923 0.03365384615384615 0.038461538461538464
0 0.31490384615384615 0.7067307692307693 0.019230769230769232 0.03365384615384615
0 0.49278846153846156 0.9387019230769231 0.028846153846153848 0.0673076923076923
0 0.4338942307692308 0.9471153846153846 0.0625 0.038461538461538464
0 0.5444711538461539 0.5528846153846154 0.13942307692307693 0.22115384615384615
0 0.42427884615384615 0.7403846153846154 0.15144230769230768 0.1778846153846154
0 0.41586538461538464 0.59375 0.16346153846153846 0.15865384615384615
0 0.5949519230769231 0.8485576923076923 0.0673076923076923 0.04807692307692308
0 0.6201923076923077 0.7596153846153846 0.02403846153846154 0.11538461538461539
0 0.5612980769230769 0.6983173076923077 0.11538461538461539 0.07211538461538461
0 0.5480769230769231 0.38100961538461536 0.02403846153846154 0.055288461538461536
0 0.5216346153846154 0.40384615384615385 0.028846153846153848 0.04326923076923077
0 0.5084134615384616 0.4423076923076923 0.038461538461538464 0.055288461538461536
0 0.4699519230769231 0.39783653846153844 0.04807692307692308 0.07692307692307693
0 0.5829326923076923 0.36177884615384615 0.036057692307692304 0.08173076923076923
0 0.5228365384615384 0.3701923076923077 0.15384615384615385 0.21153846153846154
0 0.6310096153846154 0.22956730769230768 0.0673076923076923 0.20432692307692307
0 0.6766826923076923 0.20673076923076922 0.07211538461538461 0.15865384615384615
0 0.7427884615384616 0.1875 0.0673076923076923 0.14423076923076922
0 0.8257211538461539 0.7848557692307693 0.09615384615384616 0.14423076923076922
0 0.9663461538461539 0.8846153846153846 0.0625 0.16826923076923078
0 0.9050480769230769 0.7259615384615384 0.07692307692307693 0.11538461538461539
0 0.8125 0.26802884615384615 0.036057692307692304 0.13942307692307693
0 0.8125 0.07692307692307693 0.036057692307692304 0.14423076923076922
0 0.9639423076923077 0.06850961538461539 0.028846153846153848 0.12740384615384615
0 0.9519230769230769 0.2512019230769231 0.02403846153846154 0.11538461538461539
0 0.9591346153846154 0.4519230769230769 0.07692307692307693 0.20673076923076922
0 0.9747596153846154 0.6009615384615384 0.04567307692307692 0.11057692307692307
0 0.7379807692307693 0.9338942307692307 0.12980769230769232 0.055288461538461536
0 0.6189903846153846 0.9170673076923077 0.07211538461538461 0.03365384615384615
0 0.5661057692307693 0.9254807692307693 0.0673076923076923 0.0625
0 0.640625 0.9507211538461539 0.021634615384615384 0.03365384615384615
0 0.6225961538461539 0.9699519230769231 0.04326923076923077 0.04807692307692308
0 0.5913461538461539 0.9663461538461539 0.019230769230769232 0.021634615384615384
0 0.6358173076923077 0.984375 0.05048076923076923 0.026442307692307692
0 0.5372596153846154 0.8557692307692307 0.052884615384615384 0.0673076923076923
0 0.5612980769230769 0.8978365384615384 0.05048076923076923 0.038461538461538464
0 0.6262019230769231 0.8870192307692307 0.057692307692307696 0.028846153846153848
0 0.6370192307692307 0.8449519230769231 0.021634615384615384 0.055288461538461536
0 0.8449519230769231 0.5336538461538461 0.15144230769230768 0.33653846153846156