0 0.5913461538461539 0.8822115384615384 0.1201923076923077 0.09134615384615384
0 0.43509615384615385 0.9735576923076923 0.0985576923076923 0.04567307692307692
0 0.49278846153846156 0.8341346153846154 0.11057692307692307 0.057692307692307696
0 0.5024038461538461 0.7956730769230769 0.11057692307692307 0.07211538461538461
0 0.6069711538461539 0.8173076923076923 0.11057692307692307 0.09134615384615384
0 0.5697115384615384 0.7379807692307693 0.0673076923076923 0.07211538461538461
0 0.484375 0.7367788461538461 0.125 0.07692307692307693
0 0.3858173076923077 0.8028846153846154 0.11538461538461539 0.0889423076923077
0 0.42427884615384615 0.7331730769230769 0.04807692307692308 0.0625
0 0.359375 0.7427884615384616 0.10576923076923077 0.09615384615384616
0 0.24519230769230768 0.7331730769230769 0.125 0.10096153846153846
0 0.3076923076923077 0.6598557692307693 0.10576923076923077 0.10096153846153846
0 0.40865384615384615 0.6730769230769231 0.0889423076923077 0.08653846153846154
0 0.5024038461538461 0.6586538461538461 0.1201923076923077 0.09615384615384616
0 0.5697115384615384 0.6165865384615384 0.07692307692307693 0.08653846153846154
0 0.6634615384615384 0.7103365384615384 0.16105769230769232 0.12259615384615384
0 0.734375 0.5853365384615384 0.15625 0.11778846153846154
0 0.6069711538461539 0.5396634615384616 0.16105769230769232 0.11778846153846154
0 0.49759615384615385 0.5516826923076923 0.1201923076923077 0.08653846153846154
0 0.38221153846153844 0.5420673076923077 0.0985576923076923 0.07692307692307693
0 0.390625 0.5997596153846154 0.09375 0.052884615384615384
0 0.2920673076923077 0.5817307692307693 0.11538461538461539 0.08653846153846154
0 0.21634615384615385 0.6502403846153846 0.1201923076923077 0.0889423076923077
0 0.14543269230769232 0.6466346153846154 0.052884615384615384 0.057692307692307696
0 0.0985576923076923 0.6069711538461539 0.125 0.08413461538461539
0 0.051682692307692304 0.5841346153846154 0.052884615384615384 0.052884615384615384
0 0.14302884615384615 0.5384615384615384 0.0889423076923077 0.07692307692307693
0 0.18990384615384615 0.5745192307692307 0.0889423076923077 0.08173076923076923
0 0.22596153846153846 0.5060096153846154 0.0889423076923077 0.057692307692307696
0 0.7608173076923077 0.5060096153846154 0.125 0.08653846153846154
0 0.7211538461538461 0.42788461538461536 0.12980769230769232 0.10096153846153846
0 0.6358173076923077 0.40865384615384615 0.1346153846153846 0.10096153846153846
0 0.5961538461538461 0.30528846153846156 0.0889423076923077 0.0625
0 0.5132211538461539 0.36778846153846156 0.0889423076923077 0.057692307692307696
0 0.40625 0.35336538461538464 0.14423076923076922 0.10336538461538461
0 0.33653846153846156 0.40865384615384615 0.11057692307692307 0.0673076923076923
0 0.3173076923076923 0.4675480769230769 0.04326923076923077 0.06490384615384616
0 0.3701923076923077 0.47115384615384615 0.09375 0.08173076923076923
0 0.42427884615384615 0.4375 0.07692307692307693 0.057692307692307696
0 0.4579326923076923 0.2536057692307692 0.125 0.10336538461538461
0 0.5 0.28846153846153844 0.09375 0.10336538461538461
0 0.5180288461538461 0.19110576923076922 0.0889423076923077 0.0673076923076923
0 0.48677884615384615 0.14302884615384615 0.11057692307692307 0.08653846153846154
0 0.41346153846153844 0.20192307692307693 0.0985576923076923 0.07692307692307693
0 0.31490384615384615 0.22956730769230768 0.0889423076923077 0.0673076923076923
0 0.25721153846153844 0.2956730769230769 0.12980769230769232 0.08173076923076923
0 0.171875 0.34134615384615385 0.08173076923076923 0.06490384615384616
0 0.26322115384615385 0.3545673076923077 0.07692307692307693 0.038461538461538464
0 0.18269230769230768 0.2920673076923077 0.04326923076923077 0.026442307692307692
0 0.22596153846153846 0.2439903846153846 0.0889423076923077 0.04567307692307692
0 0.203125 0.1971153846153846 0.08173076923076923 0.057692307692307696
0 0.171875 0.16466346153846154 0.0625 0.052884615384615384
0 0.23677884615384615 0.1658653846153846 0.07692307692307693 0.08173076923076923
0 0.1875 0.10096153846153846 0.0625 0.057692307692307696
0 0.25721153846153844 0.09735576923076923 0.07692307692307693 0.07211538461538461
0 0.013221153846153846 0.12980769230769232 0.026442307692307692 0.0625
0 0.046875 0.12740384615384615 0.07211538461538461 0.06490384615384616
0 0.11177884615384616 0.09735576923076923 0.0889423076923077 0.06490384615384616
0 0.04927884615384615 0.07211538461538461 0.0673076923076923 0.052884615384615384
0 0.09375 0.038461538461538464 0.07211538461538461 0.052884615384615384
0 0.038461538461538464 0.042067307692307696 0.07692307692307693 0.07932692307692307
0 0.11778846153846154 0.03365384615384615 0.14423076923076922 0.0625
0 0.09375 0.765625 0.1875 0.4375
0 0.16105769230769232 0.890625 0.1971153846153846 0.21153846153846154
0 0.3125 0.9603365384615384 0.1971153846153846 0.07211538461538461