0 0.09735576923076923 0.8798076923076923 0.1875 0.23076923076923078
0 0.046875 0.65625 0.08653846153846154 0.35096153846153844
0 0.028846153846153848 0.4014423076923077 0.05048076923076923 0.18028846153846154
0 0.06490384615384616 0.546875 0.09375 0.16346153846153846
0 0.11899038461538461 0.4182692307692308 0.12980769230769232 0.32211538461538464
0 0.07932692307692307 0.28125 0.15384615384615385 0.19230769230769232
0 0.08653846153846154 0.171875 0.12980769230769232 0.13701923076923078
0 0.054086538461538464 0.06009615384615385 0.10096153846153846 0.1201923076923077
0 0.016826923076923076 0.15625 0.02403846153846154 0.10336538461538461
0 0.18629807692307693 0.24639423076923078 0.08173076923076923 0.1201923076923077
0 0.20432692307692307 0.1045673076923077 0.17307692307692307 0.2091346153846154
0 0.12259615384615384 0.055288461538461536 0.038461538461538464 0.11057692307692307
0 0.2920673076923077 0.15264423076923078 0.052884615384615384 0.1201923076923077
0 0.2932692307692308 0.040865384615384616 0.07211538461538461 0.08173076923076923
0 0.38221153846153844 0.0985576923076923 0.17067307692307693 0.1971153846153846
0 0.36899038461538464 0.2536057692307692 0.11538461538461539 0.18028846153846154
0 0.3076923076923077 0.3557692307692308 0.21634615384615385 0.3173076923076923
0 0.23557692307692307 0.5300480769230769 0.15384615384615385 0.17307692307692307
0 0.20072115384615385 0.40384615384615385 0.03365384615384615 0.07692307692307693
0 0.39663461538461536 0.45913461538461536 0.0625 0.11057692307692307
0 0.46033653846153844 0.6177884615384616 0.21634615384615385 0.2956730769230769
0 0.36899038461538464 0.7956730769230769 0.40625 0.3894230769230769
0 0.4182692307692308 0.9182692307692307 0.1778846153846154 0.1201923076923077
0 0.3786057692307692 0.9038461538461539 0.22115384615384615 0.09134615384615384
0 0.38221153846153844 0.9615384615384616 0.19951923076923078 0.0673076923076923
0 0.17067307692307693 0.9230769230769231 0.2548076923076923 0.14182692307692307
0 0.6358173076923077 0.7163461538461539 0.14182692307692307 0.1201923076923077
0 0.546875 0.8137019230769231 0.07211538461538461 0.14182692307692307
0 0.5024038461538461 0.45913461538461536 0.1778846153846154 0.2403846153846154
0 0.46033653846153844 0.25961538461538464 0.07211538461538461 0.22355769230769232
0 0.5288461538461539 0.23197115384615385 0.12259615384615384 0.28846153846153844
0 0.5649038461538461 0.2980769230769231 0.06490384615384616 0.11538461538461539
0 0.6141826923076923 0.09615384615384616 0.15625 0.19230769230769232
0 0.5144230769230769 0.051682692307692304 0.11538461538461539 0.10336538461538461
0 0.453125 0.025240384615384616 0.06009615384615385 0.05048076923076923
0 0.7403846153846154 0.13701923076923078 0.11057692307692307 0.17307692307692307
0 0.6574519230769231 0.4014423076923077 0.19230769230769232 0.5625
0 0.7644230769230769 0.4266826923076923 0.17307692307692307 0.2403846153846154
0 0.7560096153846154 0.6418269230769231 0.2283653846153846 0.20192307692307693
0 0.8689903846153846 0.8389423076923077 0.25961538461538464 0.23557692307692307
0 0.6526442307692307 0.8473557692307693 0.21634615384615385 0.2956730769230769
0 0.6862980769230769 0.9639423076923077 0.14182692307692307 0.06009615384615385
0 0.8990384615384616 0.890625 0.18269230769230768 0.20673076923076922
0 0.7992788461538461 0.9182692307692307 0.11057692307692307 0.15384615384615385
0 0.9278846153846154 0.7319711538461539 0.13942307692307693 0.06971153846153846
0 0.9326923076923077 0.5853365384615384 0.12980769230769232 0.25721153846153844
0 0.8569711538461539 0.5024038461538461 0.07692307692307693 0.16346153846153846
0 0.9134615384615384 0.34134615384615385 0.16826923076923078 0.25
0 0.8173076923076923 0.30288461538461536 0.0625 0.09134615384615384
0 0.78125 0.234375 0.0625 0.14182692307692307
0 0.9026442307692307 0.20432692307692307 0.18990384615384615 0.23557692307692307
0 0.8677884615384616 0.109375 0.11057692307692307 0.11057692307692307
0 0.9591346153846154 0.057692307692307696 0.07692307692307693 0.11538461538461539
0 0.8149038461538461 0.06009615384615385 0.2692307692307692 0.1201923076923077
0 0.5 0.4987980769230769 0.9951923076923077 0.9975961538461539