0 0.24879807692307693 0.5769230769230769 0.25721153846153844 0.32211538461538464
0 0.3557692307692308 0.6766826923076923 0.0673076923076923 0.057692307692307696
0 0.32211538461538464 0.734375 0.0985576923076923 0.057692307692307696
0 0.39302884615384615 0.6742788461538461 0.0985576923076923 0.1201923076923077
0 0.39903846153846156 0.6165865384615384 0.052884615384615384 0.07692307692307693
0 0.42908653846153844 0.5961538461538461 0.04807692307692308 0.04326923076923077
0 0.45913461538461536 0.6514423076923077 0.04326923076923077 0.11057692307692307
0 0.44591346153846156 0.7331730769230769 0.11538461538461539 0.07692307692307693
0 0.5168269230769231 0.7055288461538461 0.07211538461538461 0.05048076923076923
0 0.5060096153846154 0.6550480769230769 0.08173076923076923 0.07211538461538461
0 0.5168269230769231 0.6141826923076923 0.08173076923076923 0.028846153846153848
0 0.5192307692307693 0.5817307692307693 0.0985576923076923 0.08173076923076923
0 0.4423076923076923 0.5637019230769231 0.07692307692307693 0.057692307692307696
0 0.546875 0.5396634615384616 0.21875 0.08413461538461539
0 0.6201923076923077 0.5997596153846154 0.19230769230769232 0.13942307692307693
0 0.5841346153846154 0.6959134615384616 0.0673076923076923 0.04807692307692308
0 0.5733173076923077 0.6598557692307693 0.04326923076923077 0.038461538461538464
0 0.609375 0.6622596153846154 0.07211538461538461 0.057692307692307696
0 0.6694711538461539 0.6875 0.04807692307692308 0.028846153846153848
0 0.7463942307692307 0.6875 0.13701923076923078 0.13942307692307693
0 0.7403846153846154 0.5673076923076923 0.125 0.10096153846153846
0 0.7980769230769231 0.6442307692307693 0.1201923076923077 0.08653846153846154
0 0.8497596153846154 0.6033653846153846 0.125 0.09615384615384616
0 0.6995192307692307 0.7848557692307693 0.1201923076923077 0.08653846153846154
0 0.6526442307692307 0.7223557692307693 0.11538461538461539 0.08413461538461539
0 0.5985576923076923 0.7620192307692307 0.09134615384615384 0.08413461538461539
0 0.6694711538461539 0.8305288461538461 0.11538461538461539 0.0625
0 0.5769230769230769 0.8052884615384616 0.07211538461538461 0.038461538461538464
0 0.6286057692307693 0.875 0.14182692307692307 0.0985576923076923
0 0.78125 0.9314903846153846 0.0985576923076923 0.057692307692307696
0 0.7620192307692307 0.8894230769230769 0.08173076923076923 0.038461538461538464
0 0.8389423076923077 0.8641826923076923 0.04807692307692308 0.02403846153846154
0 0.84375 0.8449519230769231 0.038461538461538464 0.016826923076923076
0 0.8521634615384616 0.8197115384615384 0.052884615384615384 0.03365384615384615
0 0.8473557692307693 0.7560096153846154 0.04326923076923077 0.021634615384615384
0 0.8581730769230769 0.7307692307692307 0.04326923076923077 0.028846153846153848
0 0.8798076923076923 0.6875 0.04326923076923077 0.028846153846153848
0 0.8882211538461539 0.6586538461538461 0.04807692307692308 0.021634615384615384
0 0.8004807692307693 0.8413461538461539 0.06009615384615385 0.040865384615384616
0 0.7596153846153846 0.8125 0.1201923076923077 0.1346153846153846
0 0.3737980769230769 0.5637019230769231 0.09134615384615384 0.07211538461538461
0 0.3581730769230769 0.49038461538461536 0.04807692307692308 0.07211538461538461
0 0.4182692307692308 0.4423076923076923 0.09134615384615384 0.17067307692307693
0 0.3557692307692308 0.421875 0.0673076923076923 0.06490384615384616
0 0.36658653846153844 0.2692307692307692 0.16346153846153846 0.22596153846153846
0 0.5600961538461539 0.14182692307692307 0.22355769230769232 0.14423076923076922
0 0.4699519230769231 0.2692307692307692 0.15384615384615385 0.15865384615384615
0 0.5132211538461539 0.41466346153846156 0.14182692307692307 0.11538461538461539
0 0.5132211538461539 0.4795673076923077 0.16346153846153846 0.04326923076923077
0 0.6502403846153846 0.44711538461538464 0.16346153846153846 0.15865384615384615
0 0.7427884615384616 0.5036057692307693 0.052884615384615384 0.03365384615384615
0 0.7271634615384616 0.4639423076923077 0.0673076923076923 0.038461538461538464
0 0.6742788461538461 0.4326923076923077 0.07211538461538461 0.04326923076923077
0 0.6394230769230769 0.39783653846153844 0.0673076923076923 0.052884615384615384
0 0.6225961538461539 0.37259615384615385 0.0673076923076923 0.02403846153846154
0 0.5961538461538461 0.35096153846153844 0.0673076923076923 0.03365384615384615
0 0.5492788461538461 0.3401442307692308 0.04807692307692308 0.0625
0 0.5841346153846154 0.31850961538461536 0.0673076923076923 0.03365384615384615
0 0.5685096153846154 0.2932692307692308 0.052884615384615384 0.03365384615384615
0 0.6502403846153846 0.34134615384615385 0.04326923076923077 0.021634615384615384
0 0.6370192307692307 0.3112980769230769 0.04807692307692308 0.038461538461538464
0 0.6069711538461539 0.28725961538461536 0.052884615384615384 0.036057692307692304
0 0.5985576923076923 0.25600961538461536 0.04807692307692308 0.02403846153846154
0 0.5769230769230769 0.234375 0.038461538461538464 0.02403846153846154
0 0.5540865384615384 0.25841346153846156 0.04807692307692308 0.05048076923076923
0 0.5685096153846154 0.2091346153846154 0.052884615384615384 0.038461538461538464
0 0.6069711538461539 0.1778846153846154 0.0673076923076923 0.036057692307692304
0 0.5901442307692307 0.15625 0.0673076923076923 0.028846153846153848
0 0.6802884615384616 0.31850961538461536 0.04807692307692308 0.03365384615384615
0 0.6418269230769231 0.265625 0.028846153846153848 0.036057692307692304
0 0.6394230769230769 0.21634615384615385 0.0673076923076923 0.0625
0 0.7079326923076923 0.18509615384615385 0.10336538461538461 0.06490384615384616
0 0.6802884615384616 0.14423076923076922 0.11538461538461539 0.0673076923076923
0 0.7764423076923077 0.1310096153846154 0.11057692307692307 0.04326923076923077
0 0.8473557692307693 0.11298076923076923 0.052884615384615384 0.036057692307692304
0 0.8389423076923077 0.08774038461538461 0.06009615384615385 0.036057692307692304
0 0.7680288461538461 0.08413461538461539 0.09134615384615384 0.06490384615384616
0 0.828125 0.046875 0.04807692307692308 0.036057692307692304
0 0.7379807692307693 0.052884615384615384 0.08653846153846154 0.052884615384615384
0 0.7127403846153846 0.09254807692307693 0.07211538461538461 0.04807692307692308
0 0.5084134615384616 0.29447115384615385 0.0673076923076923 0.036057692307692304
0 0.5276442307692307 0.2403846153846154 0.04807692307692308 0.04326923076923077
0 0.5 0.2091346153846154 0.04807692307692308 0.038461538461538464
0 0.453125 0.30408653846153844 0.04326923076923077 0.038461538461538464
0 0.4338942307692308 0.2776442307692308 0.04807692307692308 0.02403846153846154
0 0.44591346153846156 0.2548076923076923 0.06009615384615385 0.028846153846153848
0 0.45913461538461536 0.22956730769230768 0.03365384615384615 0.021634615384615384
0 0.41225961538461536 0.30528846153846156 0.028846153846153848 0.021634615384615384
0 0.43990384615384615 0.33413461538461536 0.04807692307692308 0.021634615384615384
0 0.8004807692307693 0.16947115384615385 0.09134615384615384 0.0673076923076923
0 0.8605769230769231 0.1658653846153846 0.04807692307692308 0.04807692307692308
0 0.8822115384615384 0.19471153846153846 0.06009615384615385 0.038461538461538464
0 0.8413461538461539 0.22355769230769232 0.12980769230769232 0.07692307692307693
0 0.734375 0.23076923076923078 0.10336538461538461 0.07692307692307693
0 0.6334134615384616 0.21514423076923078 0.0673076923076923 0.06490384615384616
0 0.7043269230769231 0.27283653846153844 0.0985576923076923 0.07211538461538461
0 0.7403846153846154 0.3112980769230769 0.10336538461538461 0.0625
0 0.8521634615384616 0.2980769230769231 0.14182692307692307 0.08173076923076923
0 0.7896634615384616 0.3449519230769231 0.10336538461538461 0.07211538461538461
0 0.7103365384615384 0.37259615384615385 0.11057692307692307 0.0625
0 0.7536057692307693 0.40865384615384615 0.08653846153846154 0.052884615384615384
0 0.8822115384615384 0.3605769230769231 0.10336538461538461 0.06490384615384616
0 0.8257211538461539 0.5096153846153846 0.0673076923076923 0.125
0 0.8257211538461539 0.49278846153846156 0.1201923076923077 0.10576923076923077
0 0.8028846153846154 0.5072115384615384 0.03365384615384615 0.11298076923076923
0 0.7980769230769231 0.40865384615384615 0.04326923076923077 0.0673076923076923
0 0.8413461538461539 0.421875 0.052884615384615384 0.04326923076923077
0 0.8737980769230769 0.4254807692307692 0.03365384615384615 0.04326923076923077
0 0.9074519230769231 0.47475961538461536 0.03365384615384615 0.14903846153846154