0 0.4254807692307692 0.2824519230769231 0.31009615384615385 0.43509615384615385
0 0.21153846153846154 0.3125 0.34375 0.2932692307692308
0 0.1935096153846154 0.5084134615384616 0.16826923076923078 0.35096153846153844
0 0.8269230769230769 0.7704326923076923 0.22596153846153846 0.17307692307692307
0 0.6838942307692307 0.625 0.21153846153846154 0.2620192307692308
0 0.7403846153846154 0.41947115384615385 0.22115384615384615 0.44711538461538464
0 0.7896634615384616 0.4519230769230769 0.23317307692307693 0.5120192307692307
0 0.8533653846153846 0.44591346153846156 0.25961538461538464 0.40625
0 0.375 0.7704326923076923 0.25 0.30288461538461536
0 0.43149038461538464 0.7944711538461539 0.25721153846153844 0.2548076923076923
0 0.59375 0.7620192307692307 0.09375 0.16826923076923078
0 0.53125 0.6959134615384616 0.09615384615384616 0.08173076923076923
0 0.4879807692307692 0.5889423076923077 0.10336538461538461 0.1201923076923077
0 0.36658653846153844 0.5384615384615384 0.1875 0.14903846153846154
0 0.71875 0.625 0.28846153846153844 0.23798076923076922