0 0.7728365384615384 0.25240384615384615 0.3701923076923077 0.2980769230769231
0 0.6394230769230769 0.42427884615384615 0.40384615384615385 0.3942307692307692
0 0.7608173076923077 0.5444711538461539 0.14903846153846154 0.1466346153846154
0 0.6850961538461539 0.6935096153846154 0.22596153846153846 0.25
0 0.5588942307692307 0.8377403846153846 0.2932692307692308 0.18509615384615385
0 0.5360576923076923 0.9615384615384616 0.20673076923076922 0.06971153846153846
0 0.22716346153846154 0.8882211538461539 0.4326923076923077 0.21634615384615385
0 0.12139423076923077 0.7800480769230769 0.23076923076923078 0.38461538461538464
0 0.20072115384615385 0.5961538461538461 0.3918269230769231 0.35096153846153844
0 0.42788461538461536 0.6850961538461539 0.3605769230769231 0.3605769230769231
0 0.31490384615384615 0.30288461538461536 0.3076923076923077 0.3125
0 0.13701923076923078 0.23798076923076922 0.2644230769230769 0.3894230769230769
0 0.046875 0.37259615384615385 0.08173076923076923 0.32211538461538464
0 0.41225961538461536 0.15865384615384615 0.3605769230769231 0.21634615384615385
0 0.6490384615384616 0.12379807692307693 0.15384615384615385 0.1466346153846154