0 0.8798076923076923 0.9615384615384616 0.23076923076923078 0.06971153846153846
0 0.9399038461538461 0.8798076923076923 0.11057692307692307 0.16826923076923078
0 0.8665865384615384 0.8930288461538461 0.09134615384615384 0.0985576923076923
0 0.6634615384615384 0.96875 0.20192307692307693 0.055288461538461536
0 0.8930288461538461 0.7596153846153846 0.20192307692307693 0.14423076923076922
0 0.8197115384615384 0.8233173076923077 0.16346153846153846 0.12740384615384615
0 0.7235576923076923 0.8798076923076923 0.20192307692307693 0.1466346153846154
0 0.5661057692307693 0.9567307692307693 0.125 0.08173076923076923
0 0.5192307692307693 0.8197115384615384 0.2403846153846154 0.20673076923076922
0 0.43990384615384615 0.8786057692307693 0.14903846153846154 0.15625
0 0.4807692307692308 0.9675480769230769 0.11057692307692307 0.057692307692307696
0 0.3473557692307692 0.9507211538461539 0.15865384615384615 0.09134615384615384
0 0.26802884615384615 0.953125 0.0985576923076923 0.08653846153846154
0 0.171875 0.9723557692307693 0.09134615384615384 0.04807692307692308
0 0.28725961538461536 0.8605769230769231 0.14903846153846154 0.10576923076923077
0 0.16947115384615385 0.8942307692307693 0.12980769230769232 0.11778846153846154
0 0.10336538461538461 0.9543269230769231 0.16346153846153846 0.08413461538461539
0 0.021634615384615384 0.9675480769230769 0.04326923076923077 0.057692307692307696
0 0.016826923076923076 0.9146634615384616 0.03365384615384615 0.052884615384615384
0 0.051682692307692304 0.8653846153846154 0.10336538461538461 0.10096153846153846
0 0.1935096153846154 0.8052884615384616 0.19230769230769232 0.09134615384615384
0 0.30288461538461536 0.7271634615384616 0.15865384615384615 0.125
0 0.9314903846153846 0.5985576923076923 0.125 0.14903846153846154
0 0.9675480769230769 0.6887019230769231 0.052884615384615384 0.052884615384615384
0 0.8173076923076923 0.6526442307692307 0.25721153846153844 0.22115384615384615
0 0.6742788461538461 0.7451923076923077 0.19230769230769232 0.125
0 0.6778846153846154 0.6358173076923077 0.07692307692307693 0.06490384615384616
0 0.5985576923076923 0.6911057692307693 0.13701923076923078 0.11057692307692307
0 0.4375 0.6911057692307693 0.16346153846153846 0.13942307692307693
0 0.31971153846153844 0.6129807692307693 0.18028846153846154 0.14903846153846154
0 0.16706730769230768 0.7067307692307693 0.15865384615384615 0.1201923076923077
0 0.16105769230769232 0.6550480769230769 0.14903846153846154 0.10336538461538461
0 0.09014423076923077 0.7127403846153846 0.07211538461538461 0.08173076923076923
0 0.055288461538461536 0.78125 0.11057692307692307 0.08173076923076923
0 0.036057692307692304 0.703125 0.07211538461538461 0.06971153846153846
0 0.051682692307692304 0.6201923076923077 0.10336538461538461 0.10576923076923077
0 0.12860576923076922 0.5709134615384616 0.13701923076923078 0.11057692307692307
0 0.24879807692307693 0.5204326923076923 0.18028846153846154 0.10096153846153846
0 0.3581730769230769 0.49038461538461536 0.11538461538461539 0.10096153846153846
0 0.4182692307692308 0.5348557692307693 0.06009615384615385 0.08653846153846154
0 0.42908653846153844 0.5925480769230769 0.038461538461538464 0.036057692307692304
0 0.5108173076923077 0.5853365384615384 0.16826923076923078 0.15384615384615385
0 0.6370192307692307 0.5252403846153846 0.16826923076923078 0.20673076923076922
0 0.8665865384615384 0.45072115384615385 0.25721153846153844 0.1971153846153846
0 0.7764423076923077 0.40024038461538464 0.21875 0.13942307692307693
0 0.9158653846153846 0.3293269230769231 0.15865384615384615 0.09134615384615384
0 0.9759615384615384 0.4423076923076923 0.038461538461538464 0.17067307692307693
0 0.7728365384615384 0.24759615384615385 0.19230769230769232 0.18269230769230768
0 0.5709134615384616 0.3293269230769231 0.22355769230769232 0.21634615384615385
0 0.4266826923076923 0.41466346153846156 0.12980769230769232 0.125
0 0.31971153846153844 0.375 0.15865384615384615 0.11538461538461539
0 0.27884615384615385 0.40384615384615385 0.15384615384615385 0.11538461538461539
0 0.15865384615384615 0.44350961538461536 0.1971153846153846 0.11057692307692307
0 0.06370192307692307 0.46875 0.12740384615384615 0.125
0 0.025240384615384616 0.5600961538461539 0.05048076923076923 0.07692307692307693
0 0.051682692307692304 0.3557692307692308 0.10336538461538461 0.11057692307692307
0 0.11177884615384616 0.3016826923076923 0.19230769230769232 0.15865384615384615
0 0.9158653846153846 0.22355769230769232 0.15865384615384615 0.16346153846153846
0 0.9314903846153846 0.07211538461538461 0.12740384615384615 0.13942307692307693
0 0.8473557692307693 0.030048076923076924 0.04567307692307692 0.055288461538461536
0 0.8822115384615384 0.109375 0.125 0.12980769230769232
0 0.7319711538461539 0.09254807692307693 0.1971153846153846 0.14903846153846154
0 0.6478365384615384 0.20192307692307693 0.125 0.0985576923076923
0 0.5132211538461539 0.1778846153846154 0.14182692307692307 0.125
0 0.5540865384615384 0.11778846153846154 0.15865384615384615 0.12740384615384615
0 0.609375 0.027644230769230768 0.13701923076923078 0.052884615384615384
0 0.7211538461538461 0.009615384615384616 0.1875 0.019230769230769232
0 0.4723557692307692 0.054086538461538464 0.15144230769230768 0.10336538461538461
0 0.3798076923076923 0.15144230769230768 0.14903846153846154 0.1201923076923077
0 0.39302884615384615 0.23677884615384615 0.12980769230769232 0.08653846153846154
0 0.45072115384615385 0.30528846153846156 0.09134615384615384 0.125
0 0.3557692307692308 0.29447115384615385 0.0985576923076923 0.09615384615384616
0 0.22355769230769232 0.2932692307692308 0.1875 0.0985576923076923
0 0.20793269230769232 0.18509615384615385 0.2403846153846154 0.15865384615384615
0 0.051682692307692304 0.19110576923076922 0.10336538461538461 0.10576923076923077
0 0.016826923076923076 0.25841346153846156 0.03365384615384615 0.09615384615384616
0 0.04927884615384615 0.14783653846153846 0.0985576923076923 0.15625
0 0.1502403846153846 0.057692307692307696 0.23798076923076922 0.11057692307692307
0 0.24278846153846154 0.08413461538461539 0.11538461538461539 0.057692307692307696
0 0.3329326923076923 0.09975961538461539 0.1201923076923077 0.07692307692307693
0 0.37740384615384615 0.03365384615384615 0.10096153846153846 0.0625
0 0.2956730769230769 0.03365384615384615 0.11057692307692307 0.0625
0 0.021634615384615384 0.03485576923076923 0.04326923076923077 0.0673076923076923