0 0.43028846153846156 0.8942307692307693 0.10096153846153846 0.0625
0 0.515625 0.8990384615384616 0.06009615384615385 0.0625
0 0.7259615384615384 0.8918269230769231 0.07692307692307693 0.0673076923076923
0 0.7764423076923077 0.8918269230769231 0.040865384615384616 0.0673076923076923
0 0.8209134615384616 0.8786057692307693 0.0625 0.08413461538461539
0 0.890625 0.8762019230769231 0.06009615384615385 0.09134615384615384
0 0.9326923076923077 0.8569711538461539 0.08173076923076923 0.12740384615384615
0 0.9795673076923077 0.8521634615384616 0.03365384615384615 0.07451923076923077
0 0.984375 0.9050480769230769 0.02403846153846154 0.04326923076923077
0 0.9471153846153846 0.7620192307692307 0.09615384615384616 0.13701923076923078
0 0.9110576923076923 0.7668269230769231 0.07211538461538461 0.0625
0 0.8701923076923077 0.8305288461538461 0.057692307692307696 0.0625
0 0.7740384615384616 0.7884615384615384 0.09134615384615384 0.052884615384615384
0 0.42427884615384615 0.7728365384615384 0.07692307692307693 0.11538461538461539
0 0.45072115384615385 0.703125 0.02403846153846154 0.03125
0 0.3798076923076923 0.84375 0.0673076923076923 0.1201923076923077
0 0.3004807692307692 0.8629807692307693 0.06009615384615385 0.11538461538461539
0 0.21995192307692307 0.8413461538461539 0.10096153846153846 0.16826923076923078
0 0.12620192307692307 0.7800480769230769 0.10096153846153846 0.11057692307692307
0 0.12379807692307693 0.8810096153846154 0.0985576923076923 0.09134615384615384
0 0.039663461538461536 0.8221153846153846 0.07451923076923077 0.14903846153846154
0 0.010817307692307692 0.7980769230769231 0.016826923076923076 0.12980769230769232
0 0.0625 0.7115384615384616 0.10096153846153846 0.11057692307692307
0 0.03485576923076923 0.6081730769230769 0.06490384615384616 0.12980769230769232
0 0.09975961538461539 0.6033653846153846 0.057692307692307696 0.09375
0 0.1658653846153846 0.6298076923076923 0.08413461538461539 0.09375
0 0.18629807692307693 0.5769230769230769 0.07932692307692307 0.052884615384615384
0 0.24278846153846154 0.5817307692307693 0.07211538461538461 0.08413461538461539
0 0.3004807692307692 0.6057692307692307 0.1346153846153846 0.11057692307692307
0 0.34615384615384615 0.5288461538461539 0.052884615384615384 0.052884615384615384
0 0.35096153846153844 0.45552884615384615 0.0625 0.07451923076923077
0 0.3329326923076923 0.38100961538461536 0.04807692307692308 0.11538461538461539
0 0.36899038461538464 0.296875 0.08173076923076923 0.11538461538461539
0 0.34615384615384615 0.22716346153846154 0.052884615384615384 0.09615384615384616
0 0.33413461538461536 0.16346153846153846 0.038461538461538464 0.10576923076923077
0 0.25240384615384615 0.07451923076923077 0.07692307692307693 0.07451923076923077
0 0.2776442307692308 0.14302884615384615 0.08173076923076923 0.11538461538461539
0 0.2860576923076923 0.24278846153846154 0.08413461538461539 0.08413461538461539
0 0.30288461538461536 0.31971153846153844 0.06490384615384616 0.0673076923076923
0 0.2704326923076923 0.3858173076923077 0.08413461538461539 0.10576923076923077
0 0.19230769230769232 0.3894230769230769 0.08413461538461539 0.10096153846153846
0 0.23076923076923078 0.28365384615384615 0.08653846153846154 0.12259615384615384
0 0.1971153846153846 0.2091346153846154 0.10096153846153846 0.13221153846153846
0 0.19951923076923078 0.12139423076923077 0.07692307692307693 0.10576923076923077
0 0.140625 0.10817307692307693 0.06490384615384616 0.0673076923076923
0 0.12740384615384615 0.2091346153846154 0.09134615384615384 0.1201923076923077
0 0.09735576923076923 0.27283653846153844 0.04567307692307692 0.057692307692307696
0 0.14903846153846154 0.31971153846153844 0.08653846153846154 0.1201923076923077
0 0.09735576923076923 0.34615384615384615 0.052884615384615384 0.09134615384615384
0 0.09975961538461539 0.46274038461538464 0.057692307692307696 0.1201923076923077
0 0.13341346153846154 0.41225961538461536 0.05048076923076923 0.0625
0 0.014423076923076924 0.20673076923076922 0.02403846153846154 0.12980769230769232
0 0.3701923076923077 0.021634615384615384 0.057692307692307696 0.04326923076923077
0 0.4675480769230769 0.06129807692307692 0.0625 0.057692307692307696
0 0.18389423076923078 0.016826923076923076 0.06971153846153846 0.028846153846153848
0 0.9134615384615384 0.6634615384615384 0.0673076923076923 0.0673076923076923
0 0.9459134615384616 0.6165865384615384 0.08653846153846154 0.07932692307692307
0 0.9495192307692307 0.5552884615384616 0.057692307692307696 0.04326923076923077
0 0.8401442307692307 0.6346153846153846 0.057692307692307696 0.07451923076923077
0 0.8834134615384616 0.5817307692307693 0.0673076923076923 0.07451923076923077
0 0.8810096153846154 0.5420673076923077 0.057692307692307696 0.057692307692307696
0 0.8197115384615384 0.5552884615384616 0.07692307692307693 0.10576923076923077
0 0.7800480769230769 0.6298076923076923 0.0625 0.06490384615384616
0 0.765625 0.5709134615384616 0.03365384615384615 0.052884615384615384
0 0.7307692307692307 0.6081730769230769 0.040865384615384616 0.08413461538461539
0 0.6694711538461539 0.5661057692307693 0.09615384615384616 0.09615384615384616
0 0.6334134615384616 0.5024038461538461 0.11538461538461539 0.13701923076923078
0 0.7103365384615384 0.53125 0.08173076923076923 0.0673076923076923
0 0.765625 0.49759615384615385 0.0625 0.09615384615384616
0 0.8257211538461539 0.4651442307692308 0.0625 0.10576923076923077
0 0.8737980769230769 0.4735576923076923 0.040865384615384616 0.0673076923076923
0 0.9206730769230769 0.5108173076923077 0.04567307692307692 0.07932692307692307
0 0.9507211538461539 0.4951923076923077 0.028846153846153848 0.07932692307692307
0 0.9423076923076923 0.4074519230769231 0.04807692307692308 0.09615384615384616
0 0.9074519230769231 0.41225961538461536 0.0625 0.13701923076923078
0 0.859375 0.38341346153846156 0.0625 0.11057692307692307
0 0.8064903846153846 0.36538461538461536 0.04807692307692308 0.0625
0 0.7836538461538461 0.4074519230769231 0.04807692307692308 0.10576923076923077
0 0.7367788461538461 0.4050480769230769 0.04567307692307692 0.10096153846153846
0 0.6971153846153846 0.4651442307692308 0.04807692307692308 0.052884615384615384
0 0.6862980769230769 0.3942307692307692 0.07932692307692307 0.10096153846153846
0 0.6057692307692307 0.37259615384615385 0.09134615384615384 0.1201923076923077
0 0.5576923076923077 0.46274038461538464 0.0625 0.10096153846153846
0 0.5096153846153846 0.3942307692307692 0.10096153846153846 0.11057692307692307
0 0.45913461538461536 0.48197115384615385 0.08173076923076923 0.18990384615384615
0 0.5276442307692307 0.29927884615384615 0.11538461538461539 0.11057692307692307
0 0.5829326923076923 0.2536057692307692 0.09134615384615384 0.12740384615384615
0 0.6141826923076923 0.21153846153846154 0.057692307692307696 0.0625
0 0.6598557692307693 0.23798076923076922 0.11057692307692307 0.12740384615384615
0 0.6502403846153846 0.33653846153846156 0.04567307692307692 0.057692307692307696
0 0.7067307692307693 0.30649038461538464 0.09615384615384616 0.08413461538461539
0 0.7367788461538461 0.23557692307692307 0.07692307692307693 0.10096153846153846
0 0.7740384615384616 0.29927884615384615 0.0673076923076923 0.10096153846153846
0 0.8257211538461539 0.2860576923076923 0.03365384615384615 0.09615384615384616
0 0.859375 0.296875 0.057692307692307696 0.08413461538461539
0 0.9098557692307693 0.296875 0.0673076923076923 0.09615384615384616
0 0.9399038461538461 0.2620192307692308 0.06009615384615385 0.0673076923076923
0 0.9759615384615384 0.21995192307692307 0.040865384615384616 0.07932692307692307
0 0.9759615384615384 0.28365384615384615 0.040865384615384616 0.038461538461538464
0 0.9735576923076923 0.33653846153846156 0.04567307692307692 0.057692307692307696
0 0.9795673076923077 0.4098557692307692 0.03365384615384615 0.09134615384615384
0 0.9831730769230769 0.49759615384615385 0.026442307692307692 0.052884615384615384
0 0.9507211538461539 0.05048076923076923 0.0673076923076923 0.07932692307692307
0 0.9230769230769231 0.038461538461538464 0.0625 0.07211538461538461
0 0.8509615384615384 0.040865384615384616 0.09615384615384616 0.07692307692307693
0 0.7824519230769231 0.040865384615384616 0.0889423076923077 0.07692307692307693
0 0.7103365384615384 0.05048076923076923 0.07692307692307693 0.07932692307692307
0 0.7632211538461539 0.09735576923076923 0.08173076923076923 0.09134615384615384
0 0.8064903846153846 0.12139423076923077 0.0625 0.08413461538461539
0 0.6923076923076923 0.11899038461538461 0.07692307692307693 0.09134615384615384
0 0.6201923076923077 0.038461538461538464 0.07692307692307693 0.07211538461538461
0 0.640625 0.07932692307692307 0.057692307692307696 0.08413461538461539
0 0.5805288461538461 0.12980769230769232 0.08653846153846154 0.13221153846153846
0 0.5240384615384616 0.140625 0.04807692307692308 0.057692307692307696
0 0.5132211538461539 0.20673076923076922 0.07932692307692307 0.09615384615384616
0 0.6370192307692307 0.14543269230769232 0.057692307692307696 0.04807692307692308
0 0.7427884615384616 0.15384615384615385 0.0625 0.08413461538461539
0 0.8401442307692307 0.16706730769230768 0.057692307692307696 0.09134615384615384
0 0.8341346153846154 0.22956730769230768 0.052884615384615384 0.04807692307692308
0 0.7860576923076923 0.2091346153846154 0.04567307692307692 0.07932692307692307
0 0.9423076923076923 0.18028846153846154 0.04807692307692308 0.08413461538461539
0 0.890625 0.20673076923076922 0.06009615384615385 0.07451923076923077
0 0.9098557692307693 0.12379807692307693 0.038461538461538464 0.057692307692307696
1 0.6971153846153846 0.7776442307692307 0.47596153846153844 0.16826923076923078
1 0.9663461538461539 0.6875 0.052884615384615384 0.04326923076923077
1 0.5372596153846154 0.6322115384615384 0.1658653846153846 0.1201923076923077
1 0.6634615384615384 0.6478365384615384 0.07932692307692307 0.07932692307692307
1 0.7391826923076923 0.671875 0.07211538461538461 0.04326923076923077
1 0.8064903846153846 0.6826923076923077 0.0625 0.021634615384615384
1 0.8509615384615384 0.6875 0.026442307692307692 0.009615384615384616
1 0.515625 0.5240384615384616 0.028846153846153848 0.10576923076923077
1 0.5504807692307693 0.5420673076923077 0.040865384615384616 0.057692307692307696
1 0.5865384615384616 0.5576923076923077 0.028846153846153848 0.014423076923076924
1 0.49038461538461536 0.5576923076923077 0.019230769230769232 0.026442307692307692