0 0.6790865384615384 0.13221153846153846 0.06009615384615385 0.038461538461538464
0 0.12259615384615384 0.03485576923076923 0.06490384615384616 0.038461538461538464
0 0.039663461538461536 0.19471153846153846 0.07451923076923077 0.052884615384615384
0 0.042067307692307696 0.24879807692307693 0.08173076923076923 0.057692307692307696
0 0.06009615384615385 0.17548076923076922 0.07211538461538461 0.02403846153846154
0 0.36658653846153844 0.03125 0.10096153846153846 0.057692307692307696
0 0.2824519230769231 0.6730769230769231 0.5288461538461539 0.16826923076923078
0 0.23197115384615385 0.5480769230769231 0.31009615384615385 0.09134615384615384
0 0.4254807692307692 0.5745192307692307 0.0889423076923077 0.05048076923076923
0 0.5600961538461539 0.5805288461538461 0.15384615384615385 0.026442307692307692
0 0.6730769230769231 0.5216346153846154 0.04807692307692308 0.04326923076923077
0 0.7764423076923077 0.49278846153846156 0.07692307692307693 0.04807692307692308
0 0.8425480769230769 0.46153846153846156 0.07692307692307693 0.04326923076923077
0 0.12259615384615384 0.43990384615384615 0.22115384615384615 0.11298076923076923
0 0.3125 0.4266826923076923 0.23076923076923078 0.08653846153846154
0 0.43149038461538464 0.3894230769230769 0.16105769230769232 0.10096153846153846
3 0.46153846153846156 0.5733173076923077 0.06490384615384616 0.08653846153846154