0 0.2848557692307692 0.40384615384615385 0.1875 0.1875
0 0.15384615384615385 0.38341346153846156 0.07451923076923077 0.07692307692307693
0 0.43028846153846156 0.45552884615384615 0.15865384615384615 0.16346153846153846
0 0.4795673076923077 0.32572115384615385 0.24759615384615385 0.25
0 0.5817307692307693 0.3786057692307692 0.125 0.16346153846153846
0 0.5721153846153846 0.21875 0.19230769230769232 0.22596153846153846
0 0.4951923076923077 0.12740384615384615 0.16826923076923078 0.14423076923076922
0 0.6358173076923077 0.23557692307692307 0.10336538461538461 0.15865384615384615
0 0.36658653846153844 0.6802884615384616 0.07932692307692307 0.09375
0 0.025240384615384616 0.46634615384615385 0.04326923076923077 0.0889423076923077
0 0.38341346153846156 0.7536057692307693 0.057692307692307696 0.05048076923076923
0 0.296875 0.7319711538461539 0.11538461538461539 0.11057692307692307
0 0.21514423076923078 0.6550480769230769 0.057692307692307696 0.06009615384615385
0 0.4951923076923077 0.6850961538461539 0.12980769230769232 0.1346153846153846
0 0.49759615384615385 0.5889423076923077 0.02403846153846154 0.028846153846153848
0 0.5793269230769231 0.7211538461538461 0.12980769230769232 0.22596153846153846
0 0.5372596153846154 0.8233173076923077 0.11057692307692307 0.14903846153846154
0 0.4411057692307692 0.8377403846153846 0.15384615384615385 0.1778846153846154
0 0.28725961538461536 0.7680288461538461 0.11538461538461539 0.24278846153846154
0 0.18028846153846154 0.71875 0.27403846153846156 0.1971153846153846
0 0.6887019230769231 0.9122596153846154 0.1346153846153846 0.14903846153846154
0 0.6310096153846154 0.9543269230769231 0.15144230769230768 0.08653846153846154
0 0.4651442307692308 0.9519230769230769 0.13701923076923078 0.09134615384615384
0 0.75 0.8870192307692307 0.11538461538461539 0.13221153846153846
0 0.7944711538461539 0.6706730769230769 0.07451923076923077 0.09615384615384616
0 0.8617788461538461 0.5973557692307693 0.11538461538461539 0.10576923076923077
0 0.9158653846153846 0.5913461538461539 0.07451923076923077 0.10096153846153846
0 0.9675480769230769 0.4987980769230769 0.06009615384615385 0.12259615384615384
0 0.8485576923076923 0.48677884615384615 0.0889423076923077 0.0889423076923077
0 0.8713942307692307 0.3762019230769231 0.10576923076923077 0.09615384615384616
0 0.9230769230769231 0.33413461538461536 0.0625 0.04807692307692308
0 0.9014423076923077 0.2536057692307692 0.08413461538461539 0.0625
0 0.8545673076923077 0.3088942307692308 0.06490384615384616 0.055288461538461536
0 0.8112980769230769 0.2824519230769231 0.04326923076923077 0.028846153846153848