0 0.16346153846153846 0.6225961538461539 0.2548076923076923 0.44711538461538464
0 0.3894230769230769 0.671875 0.29086538461538464 0.47115384615384615
0 0.5949519230769231 0.7235576923076923 0.28846153846153844 0.5192307692307693
0 0.8617788461538461 0.6634615384615384 0.2692307692307692 0.4879807692307692
0 0.8125 0.20793269230769232 0.23076923076923078 0.2403846153846154
0 0.7475961538461539 0.4074519230769231 0.3317307692307692 0.39903846153846156
0 0.9110576923076923 0.15625 0.17067307692307693 0.3125
0 0.4266826923076923 0.2620192307692308 0.36778846153846156 0.44711538461538464
0 0.11298076923076923 0.421875 0.22115384615384615 0.3389423076923077
0 0.2403846153846154 0.24278846153846154 0.11778846153846154 0.27884615384615385
0 0.1310096153846154 0.17427884615384615 0.17307692307692307 0.1971153846153846
0 0.026442307692307692 0.21634615384615385 0.04807692307692308 0.11538461538461539
0 0.11778846153846154 0.06610576923076923 0.19230769230769232 0.12980769230769232
0 0.2848557692307692 0.057692307692307696 0.23557692307692307 0.11538461538461539
0 0.6033653846153846 0.11057692307692307 0.375 0.21634615384615385
0 0.8329326923076923 0.046875 0.11538461538461539 0.09375
1 0.02283653846153846 0.7319711538461539 0.040865384615384616 0.3293269230769231
1 0.13581730769230768 0.9122596153846154 0.2668269230769231 0.1658653846153846
1 0.39663461538461536 0.9459134615384616 0.3485576923076923 0.0985576923076923
1 0.8088942307692307 0.9507211538461539 0.19230769230769232 0.08653846153846154
1 0.9543269230769231 0.3858173076923077 0.08413461538461539 0.15865384615384615