0 0.6911057692307693 0.8064903846153846 0.46634615384615385 0.19230769230769232
0 0.3004807692307692 0.6550480769230769 0.43990384615384615 0.1466346153846154
0 0.4074519230769231 0.8894230769230769 0.5120192307692307 0.21634615384615385
0 0.41466346153846156 0.9879807692307693 0.0985576923076923 0.019230769230769232
0 0.11778846153846154 0.8485576923076923 0.22596153846153846 0.1971153846153846
0 0.0889423076923077 0.6706730769230769 0.16826923076923078 0.10817307692307693
0 0.9435096153846154 0.5072115384615384 0.10817307692307693 0.08653846153846154
0 0.9411057692307693 0.44591346153846156 0.11298076923076923 0.06009615384615385
0 0.7439903846153846 0.28725961538461536 0.4567307692307692 0.19951923076923078
0 0.3605769230769231 0.16466346153846154 0.5240384615384616 0.16826923076923078
0 0.40024038461538464 0.04447115384615385 0.14182692307692307 0.0625
0 0.4110576923076923 0.3641826923076923 0.4230769230769231 0.10576923076923077
0 0.5180288461538461 0.47596153846153844 0.47596153846153844 0.125
0 0.4338942307692308 0.5372596153846154 0.46634615384615385 0.21153846153846154