0 0.43149038461538464 0.4891826923076923 0.23557692307692307 0.3557692307692308
0 0.6177884615384616 0.2704326923076923 0.20432692307692307 0.32211538461538464
0 0.8581730769230769 0.4014423076923077 0.18269230769230768 0.25721153846153844
0 0.9399038461538461 0.6634615384615384 0.11298076923076923 0.4543269230769231
0 0.78125 0.6141826923076923 0.12980769230769232 0.2692307692307692
0 0.9795673076923077 0.7163461538461539 0.03365384615384615 0.16346153846153846
0 0.8137019230769231 0.8617788461538461 0.10817307692307693 0.27163461538461536
0 0.8088942307692307 0.6899038461538461 0.3485576923076923 0.6153846153846154
0 0.4254807692307692 0.15865384615384615 0.0889423076923077 0.3076923076923077
0 0.5144230769230769 0.10697115384615384 0.07692307692307693 0.20192307692307693
0 0.7163461538461539 0.15865384615384615 0.21875 0.3076923076923077
0 0.578125 0.6394230769230769 0.14423076923076922 0.3389423076923077
0 0.6141826923076923 0.8894230769230769 0.18028846153846154 0.21634615384615385
0 0.6490384615384616 0.9795673076923077 0.11538461538461539 0.036057692307692304
0 0.4326923076923077 0.8185096153846154 0.20192307692307693 0.3581730769230769
3 0.6189903846153846 0.5012019230769231 0.7572115384615384 0.9927884615384616