0 0.18990384615384615 0.5685096153846154 0.07932692307692307 0.2548076923076923
0 0.15264423076923078 0.5793269230769231 0.03365384615384615 0.052884615384615384
0 0.17427884615384615 0.6310096153846154 0.016826923076923076 0.06490384615384616
0 0.15144230769230768 0.4338942307692308 0.036057692307692304 0.038461538461538464
0 0.20192307692307693 0.42427884615384615 0.028846153846153848 0.04567307692307692
0 0.20192307692307693 0.49399038461538464 0.036057692307692304 0.09134615384615384
0 0.23557692307692307 0.5 0.028846153846153848 0.07932692307692307
0 0.2536057692307692 0.5793269230769231 0.028846153846153848 0.052884615384615384
0 0.21995192307692307 0.5949519230769231 0.036057692307692304 0.07211538461538461
0 0.040865384615384616 0.3389423076923077 0.07692307692307693 0.2956730769230769
0 0.140625 0.1971153846153846 0.09375 0.25
0 0.2824519230769231 0.13822115384615385 0.15384615384615385 0.2644230769230769
0 0.3425480769230769 0.3581730769230769 0.15384615384615385 0.3485576923076923
0 0.4543269230769231 0.27283653846153844 0.10096153846153846 0.21634615384615385
0 0.5048076923076923 0.08173076923076923 0.08413461538461539 0.15144230769230768
0 0.5949519230769231 0.25 0.09615384615384616 0.23557692307692307
0 0.6117788461538461 0.0625 0.09375 0.11057692307692307
0 0.5012019230769231 0.4567307692307692 0.1346153846153846 0.9014423076923077
0 0.5564903846153846 0.4206730769230769 0.036057692307692304 0.14423076923076922
0 0.5012019230769231 0.6117788461538461 0.04807692307692308 0.15865384615384615
0 0.3629807692307692 0.6742788461538461 0.02403846153846154 0.04567307692307692
0 0.5865384615384616 0.5889423076923077 0.019230769230769232 0.04567307692307692
0 0.6358173076923077 0.5625 0.028846153846153848 0.11057692307692307
0 0.6153846153846154 0.5564903846153846 0.028846153846153848 0.125
0 0.6574519230769231 0.5432692307692307 0.014423076923076924 0.04567307692307692
0 0.6165865384615384 0.38822115384615385 0.02403846153846154 0.052884615384615384
0 0.5997596153846154 0.4182692307692308 0.009615384615384616 0.019230769230769232
0 0.7548076923076923 0.36177884615384615 0.21634615384615385 0.5144230769230769
0 0.6983173076923077 0.07211538461538461 0.08413461538461539 0.12980769230769232
0 0.7836538461538461 0.11538461538461539 0.10096153846153846 0.20432692307692307
0 0.8509615384615384 0.2536057692307692 0.08173076923076923 0.19230769230769232
0 0.9182692307692307 0.14423076923076922 0.1201923076923077 0.17067307692307693
0 0.9170673076923077 0.2932692307692308 0.057692307692307696 0.1778846153846154
0 0.8689903846153846 0.47716346153846156 0.0625 0.2548076923076923
0 0.9170673076923077 0.4411057692307692 0.07692307692307693 0.14423076923076922
0 0.9723557692307693 0.30649038461538464 0.052884615384615384 0.15144230769230768
0 0.9879807692307693 0.14783653846153846 0.019230769230769232 0.18028846153846154
0 0.9290865384615384 0.039663461538461536 0.10576923076923077 0.0673076923076923
2 0.05889423076923077 0.3581730769230769 0.11298076923076923 0.4423076923076923
2 0.06610576923076923 0.08173076923076923 0.12740384615384615 0.15144230769230768
2 0.4170673076923077 0.09254807692307693 0.09615384615384616 0.17067307692307693