0 0.13942307692307693 0.6466346153846154 0.06971153846153846 0.09615384615384616
0 0.18389423076923078 0.5108173076923077 0.15865384615384615 0.1971153846153846
0 0.24879807692307693 0.23918269230769232 0.25961538461538464 0.39663461538461536
0 0.39903846153846156 0.15745192307692307 0.20432692307692307 0.28365384615384615
0 0.4387019230769231 0.08774038461538461 0.14903846153846154 0.17548076923076922
0 0.3401442307692308 0.32211538461538464 0.10817307692307693 0.12980769230769232
0 0.3088942307692308 0.39663461538461536 0.09134615384615384 0.125
0 0.3112980769230769 0.5228365384615384 0.10576923076923077 0.13942307692307693
0 0.25240384615384615 0.43509615384615385 0.026442307692307692 0.0673076923076923
0 0.20673076923076922 0.6622596153846154 0.057692307692307696 0.09615384615384616
0 0.18509615384615385 0.7391826923076923 0.08653846153846154 0.09615384615384616
0 0.2644230769230769 0.6706730769230769 0.0673076923076923 0.125
0 0.3088942307692308 0.6394230769230769 0.10096153846153846 0.10336538461538461
0 0.2932692307692308 0.7572115384615384 0.08653846153846154 0.11298076923076923
0 0.2668269230769231 0.8377403846153846 0.10817307692307693 0.13942307692307693
0 0.35336538461538464 0.8149038461538461 0.08173076923076923 0.09134615384615384
0 0.3629807692307692 0.7367788461538461 0.09134615384615384 0.125
0 0.3942307692307692 0.6213942307692307 0.08653846153846154 0.1201923076923077
0 0.4266826923076923 0.4639423076923077 0.14423076923076922 0.27884615384615385
0 0.48677884615384615 0.3112980769230769 0.1466346153846154 0.20192307692307693
0 0.5324519230769231 0.13701923076923078 0.052884615384615384 0.21153846153846154
0 0.6141826923076923 0.15264423076923078 0.125 0.30288461538461536
0 0.6586538461538461 0.13701923076923078 0.09615384615384616 0.19230769230769232
0 0.7283653846153846 0.13942307692307693 0.0673076923076923 0.07211538461538461
0 0.7704326923076923 0.15264423076923078 0.05048076923076923 0.014423076923076924
0 0.7620192307692307 0.234375 0.17307692307692307 0.13942307692307693
0 0.7103365384615384 0.3557692307692308 0.15384615384615385 0.1971153846153846
0 0.8689903846153846 0.3894230769230769 0.16826923076923078 0.23076923076923078
0 0.7860576923076923 0.49759615384615385 0.1346153846153846 0.17067307692307693
0 0.8762019230769231 0.5973557692307693 0.11538461538461539 0.16346153846153846
0 0.8028846153846154 0.7115384615384616 0.19230769230769232 0.25721153846153844
0 0.6442307692307693 0.8329326923076923 0.16826923076923078 0.24278846153846154
0 0.5516826923076923 0.9435096153846154 0.07692307692307693 0.10336538461538461
0 0.47115384615384615 0.9278846153846154 0.08653846153846154 0.1346153846153846
0 0.44350961538461536 0.796875 0.125 0.12980769230769232
0 0.44350961538461536 0.6826923076923077 0.06971153846153846 0.09615384615384616
0 0.5060096153846154 0.7007211538461539 0.06971153846153846 0.09134615384615384
0 0.546875 0.7524038461538461 0.07211538461538461 0.10336538461538461
0 0.5348557692307693 0.8473557692307693 0.0673076923076923 0.08653846153846154
0 0.6081730769230769 0.6959134615384616 0.07211538461538461 0.0625
0 0.5697115384615384 0.6418269230769231 0.0673076923076923 0.08653846153846154
0 0.6778846153846154 0.6646634615384616 0.07211538461538461 0.08173076923076923
0 0.7283653846153846 0.5949519230769231 0.04326923076923077 0.057692307692307696
0 0.640625 0.6129807692307693 0.07692307692307693 0.11298076923076923
0 0.5961538461538461 0.5649038461538461 0.07211538461538461 0.057692307692307696
0 0.5096153846153846 0.6213942307692307 0.04807692307692308 0.057692307692307696
0 0.48677884615384615 0.5721153846153846 0.04807692307692308 0.052884615384615384
0 0.5324519230769231 0.5649038461538461 0.04807692307692308 0.04807692307692308
0 0.703125 0.5432692307692307 0.038461538461538464 0.04807692307692308
0 0.6971153846153846 0.47475961538461536 0.04326923076923077 0.052884615384615384
0 0.6646634615384616 0.515625 0.0625 0.052884615384615384
0 0.6394230769230769 0.47475961538461536 0.05048076923076923 0.040865384615384616
0 0.6117788461538461 0.4639423076923077 0.03365384615384615 0.040865384615384616
0 0.5865384615384616 0.3870192307692308 0.052884615384615384 0.08173076923076923
0 0.5697115384615384 0.4483173076923077 0.04326923076923077 0.040865384615384616
0 0.5252403846153846 0.43028846153846156 0.0625 0.09615384615384616
0 0.5612980769230769 0.4951923076923077 0.057692307692307696 0.040865384615384616
0 0.5072115384615384 0.515625 0.05048076923076923 0.052884615384615384
0 0.6081730769230769 0.5228365384615384 0.05048076923076923 0.036057692307692304
0 0.5949519230769231 0.3088942307692308 0.052884615384615384 0.07211538461538461