0 0.13701923076923078 0.7295673076923077 0.2620192307692308 0.08413461538461539
0 0.1971153846153846 0.7632211538461539 0.25 0.11538461538461539
0 0.38221153846153844 0.7151442307692307 0.04326923076923077 0.03365384615384615
0 0.34975961538461536 0.6875 0.052884615384615384 0.028846153846153848
0 0.34375 0.6622596153846154 0.04326923076923077 0.036057692307692304
0 0.40384615384615385 0.6778846153846154 0.052884615384615384 0.04807692307692308
0 0.3858173076923077 0.6394230769230769 0.06009615384615385 0.036057692307692304
0 0.34134615384615385 0.6213942307692307 0.038461538461538464 0.036057692307692304
0 0.44591346153846156 0.6442307692307693 0.07211538461538461 0.036057692307692304
0 0.4639423076923077 0.6658653846153846 0.052884615384615384 0.028846153846153848
0 0.4338942307692308 0.6165865384615384 0.04807692307692308 0.02403846153846154
0 0.38221153846153844 0.6021634615384616 0.0673076923076923 0.03365384615384615
0 0.42908653846153844 0.5889423076923077 0.04807692307692308 0.036057692307692304
0 0.5108173076923077 0.6310096153846154 0.06009615384615385 0.03365384615384615
0 0.48677884615384615 0.5961538461538461 0.0673076923076923 0.04326923076923077
0 0.5492788461538461 0.6021634615384616 0.07211538461538461 0.038461538461538464
0 0.5324519230769231 0.5492788461538461 0.06009615384615385 0.057692307692307696
0 0.47836538461538464 0.5528846153846154 0.04807692307692308 0.04326923076923077
0 0.5733173076923077 0.5637019230769231 0.052884615384615384 0.04326923076923077
0 0.41225961538461536 0.5709134615384616 0.10336538461538461 0.06490384615384616
0 0.39302884615384615 0.5564903846153846 0.0985576923076923 0.06490384615384616
0 0.36899038461538464 0.5564903846153846 0.08173076923076923 0.08173076923076923
0 0.23197115384615385 0.5673076923076923 0.27884615384615385 0.09615384615384616
0 0.20793269230769232 0.5180288461538461 0.0673076923076923 0.09134615384615384
0 0.0985576923076923 0.5456730769230769 0.16346153846153846 0.08653846153846154
0 0.12620192307692307 0.5 0.052884615384615384 0.02403846153846154
0 0.027644230769230768 0.47115384615384615 0.04326923076923077 0.038461538461538464
0 0.02403846153846154 0.4387019230769231 0.038461538461538464 0.04807692307692308
0 0.016826923076923076 0.39783653846153844 0.021634615384615384 0.02403846153846154
0 0.0733173076923077 0.44350961538461536 0.04807692307692308 0.014423076923076924
0 0.07091346153846154 0.4230769230769231 0.052884615384615384 0.019230769230769232
0 0.04326923076923077 0.40865384615384615 0.0673076923076923 0.02403846153846154
0 0.34375 0.43509615384615385 0.25 0.11298076923076923
0 0.14423076923076922 0.4495192307692308 0.18028846153846154 0.03365384615384615
0 0.12860576923076922 0.41225961538461536 0.08173076923076923 0.02403846153846154
0 0.21875 0.4230769230769231 0.0673076923076923 0.019230769230769232
0 0.21634615384615385 0.39783653846153844 0.06009615384615385 0.02403846153846154
0 0.06850961538461539 0.3641826923076923 0.125 0.06490384615384616
0 0.171875 0.3485576923076923 0.125 0.057692307692307696
0 0.2536057692307692 0.33052884615384615 0.13701923076923078 0.04326923076923077
0 0.30649038461538464 0.27403846153846156 0.1875 0.0985576923076923
0 0.19110576923076922 0.24519230769230768 0.0985576923076923 0.04807692307692308
0 0.1935096153846154 0.28365384615384615 0.06009615384615385 0.036057692307692304
0 0.13942307692307693 0.29447115384615385 0.07211538461538461 0.036057692307692304
0 0.06610576923076923 0.2800480769230769 0.0673076923076923 0.04326923076923077
0 0.06850961538461539 0.3088942307692308 0.07211538461538461 0.028846153846153848
0 0.019230769230769232 0.3004807692307692 0.028846153846153848 0.0625
0 0.027644230769230768 0.25841346153846156 0.04326923076923077 0.05048076923076923
0 0.07091346153846154 0.24158653846153846 0.07692307692307693 0.03365384615384615
0 0.11177884615384616 0.265625 0.09134615384615384 0.028846153846153848
0 0.13701923076923078 0.22235576923076922 0.08653846153846154 0.04326923076923077
0 0.057692307692307696 0.19471153846153846 0.10336538461538461 0.08413461538461539
0 0.3173076923076923 0.17427884615384615 0.3942307692307692 0.11538461538461539
0 0.051682692307692304 0.06850961538461539 0.09134615384615384 0.12980769230769232
0 0.2127403846153846 0.0673076923076923 0.21875 0.12740384615384615
0 0.4206730769230769 0.07451923076923077 0.23076923076923078 0.14182692307692307
0 0.6033653846153846 0.21033653846153846 0.24519230769230768 0.13942307692307693
0 0.8569711538461539 0.21033653846153846 0.28125 0.16105769230769232
0 0.7632211538461539 0.07572115384615384 0.46875 0.1466346153846154
0 0.8173076923076923 0.6706730769230769 0.22355769230769232 0.03365384615384615
0 0.7788461538461539 0.6394230769230769 0.28846153846153844 0.04326923076923077
0 0.7872596153846154 0.6274038461538461 0.2956730769230769 0.04807692307692308
0 0.7764423076923077 0.6021634615384616 0.3076923076923077 0.052884615384615384
0 0.6177884615384616 0.6141826923076923 0.0673076923076923 0.021634615384615384
0 0.7680288461538461 0.296875 0.11538461538461539 0.038461538461538464
0 0.7427884615384616 0.265625 0.0985576923076923 0.04326923076923077
0 0.7872596153846154 0.31971153846153844 0.08653846153846154 0.036057692307692304
0 0.8822115384615384 0.33052884615384615 0.09134615384615384 0.04326923076923077
0 0.8713942307692307 0.3016826923076923 0.08173076923076923 0.04326923076923077
0 0.9651442307692307 0.3161057692307692 0.06490384615384616 0.04567307692307692
0 0.9615384615384616 0.2776442307692308 0.0673076923076923 0.052884615384615384
0 0.9579326923076923 0.35216346153846156 0.07932692307692307 0.06009615384615385
0 0.8629807692307693 0.375 0.11057692307692307 0.07211538461538461
0 0.9423076923076923 0.40865384615384615 0.08173076923076923 0.052884615384615384
0 0.9158653846153846 0.453125 0.15865384615384615 0.09134615384615384
0 0.6262019230769231 0.46153846153846156 0.15865384615384615 0.05048076923076923
0 0.5841346153846154 0.4579326923076923 0.15384615384615385 0.05048076923076923
0 0.5877403846153846 0.3449519230769231 0.15865384615384615 0.05048076923076923
0 0.5408653846153846 0.32211538461538464 0.15384615384615385 0.03365384615384615
0 0.5576923076923077 0.3894230769230769 0.1201923076923077 0.05048076923076923
0 0.6177884615384616 0.4963942307692308 0.2403846153846154 0.07692307692307693
0 0.7463942307692307 0.4050480769230769 0.125 0.09134615384615384
0 0.7704326923076923 0.4182692307692308 0.0985576923076923 0.07211538461538461
0 0.7872596153846154 0.43990384615384615 0.0985576923076923 0.06490384615384616
0 0.7836538461538461 0.45072115384615385 0.13701923076923078 0.05048076923076923
0 0.6887019230769231 0.3858173076923077 0.16346153846153846 0.11057692307692307
0 0.7427884615384616 0.48677884615384615 0.07692307692307693 0.036057692307692304
0 0.6826923076923077 0.5204326923076923 0.0673076923076923 0.04326923076923077
0 0.7487980769230769 0.5348557692307693 0.07692307692307693 0.04326923076923077
0 0.8028846153846154 0.5492788461538461 0.052884615384615384 0.04326923076923077
0 0.8004807692307693 0.5036057692307693 0.06009615384615385 0.04807692307692308
0 0.8990384615384616 0.53125 0.16826923076923078 0.08653846153846154
0 0.7295673076923077 0.5805288461538461 0.07211538461538461 0.03365384615384615
0 0.7980769230769231 0.5769230769230769 0.04326923076923077 0.02403846153846154
0 0.8365384615384616 0.5925480769230769 0.0673076923076923 0.021634615384615384
0 0.8930288461538461 0.5889423076923077 0.07211538461538461 0.028846153846153848
0 0.6586538461538461 0.5540865384615384 0.04807692307692308 0.03365384615384615