0 0.6117788461538461 0.31971153846153844 0.3894230769230769 0.4951923076923077
0 0.8978365384615384 0.3762019230769231 0.1971153846153846 0.21634615384615385
0 0.8569711538461539 0.15264423076923078 0.27884615384615385 0.2932692307692308
0 0.5372596153846154 0.04326923076923077 0.2403846153846154 0.07692307692307693
0 0.2704326923076923 0.18269230769230768 0.3317307692307692 0.3557692307692308
0 0.3401442307692308 0.46634615384615385 0.19230769230769232 0.2644230769230769
0 0.5661057692307693 0.6394230769230769 0.15865384615384615 0.18509615384615385
0 0.796875 0.5769230769230769 0.34375 0.27884615384615385
0 0.8665865384615384 0.7860576923076923 0.1658653846153846 0.23076923076923078
0 0.7235576923076923 0.9170673076923077 0.17307692307692307 0.16346153846153846
0 0.6790865384615384 0.765625 0.12980769230769232 0.18028846153846154
0 0.7548076923076923 0.7908653846153846 0.0889423076923077 0.14903846153846154
0 0.6057692307692307 0.8581730769230769 0.12980769230769232 0.1201923076923077
0 0.5480769230769231 0.7608173076923077 0.11538461538461539 0.1201923076923077
0 0.46274038461538464 0.7884615384615384 0.10817307692307693 0.16346153846153846
0 0.5036057692307693 0.8473557692307693 0.057692307692307696 0.09615384615384616
0 0.5420673076923077 0.8737980769230769 0.04326923076923077 0.057692307692307696
0 0.4423076923076923 0.8942307692307693 0.08173076923076923 0.07692307692307693
0 0.359375 0.8016826923076923 0.10096153846153846 0.12980769230769232
0 0.3605769230769231 0.8762019230769231 0.08173076923076923 0.052884615384615384
0 0.19110576923076922 0.7295673076923077 0.1346153846153846 0.10817307692307693
0 0.28966346153846156 0.6033653846153846 0.40865384615384615 0.2980769230769231
0 0.140625 0.43028846153846156 0.22115384615384615 0.3245192307692308
0 0.06009615384615385 0.41225961538461536 0.1201923076923077 0.25721153846153844
0 0.07211538461538461 0.18028846153846154 0.14423076923076922 0.32211538461538464