0 0.84375 0.45913461538461536 0.22596153846153846 0.3605769230769231
0 0.703125 0.47596153846153844 0.20673076923076922 0.44711538461538464
0 0.5769230769230769 0.328125 0.32211538461538464 0.3269230769230769
0 0.37259615384615385 0.2920673076923077 0.375 0.18028846153846154
0 0.14543269230769232 0.5192307692307693 0.15384615384615385 0.41586538461538464
0 0.2548076923076923 0.45913461538461536 0.13942307692307693 0.20673076923076922
0 0.30408653846153844 0.6141826923076923 0.25 0.20192307692307693
0 0.390625 0.4567307692307692 0.1346153846153846 0.22355769230769232
0 0.4831730769230769 0.5985576923076923 0.10096153846153846 0.24519230769230768
0 0.41466346153846156 0.8088942307692307 0.11057692307692307 0.28365384615384615
0 0.5216346153846154 0.7512019230769231 0.11298076923076923 0.2692307692307692
0 0.6959134615384616 0.7896634615384616 0.1346153846153846 0.28846153846153844
0 0.8545673076923077 0.6526442307692307 0.15384615384615385 0.5288461538461539