0 0.16947115384615385 0.8689903846153846 0.14903846153846154 0.22115384615384615
0 0.15625 0.6370192307692307 0.16826923076923078 0.22115384615384615
0 0.1875 0.44711538461538464 0.14423076923076922 0.18990384615384615
0 0.20432692307692307 0.25 0.13942307692307693 0.20673076923076922
0 0.33653846153846156 0.6610576923076923 0.1466346153846154 0.20673076923076922
0 0.3269230769230769 0.8713942307692307 0.14423076923076922 0.20673076923076922
0 0.34975961538461536 0.46634615384615385 0.1346153846153846 0.19471153846153846
0 0.3557692307692308 0.26322115384615385 0.12980769230769232 0.18990384615384615
0 0.3641826923076923 0.08774038461538461 0.1466346153846154 0.17548076923076922
0 0.4891826923076923 0.8689903846153846 0.14903846153846154 0.23076923076923078
0 0.4963942307692308 0.6610576923076923 0.14423076923076922 0.20673076923076922
0 0.5 0.46634615384615385 0.1346153846153846 0.18269230769230768
0 0.5036057692307693 0.26802884615384615 0.12740384615384615 0.18990384615384615
0 0.5072115384615384 0.08173076923076923 0.1346153846153846 0.16346153846153846
0 0.6502403846153846 0.09254807692307693 0.12740384615384615 0.17307692307692307
0 0.6526442307692307 0.265625 0.13942307692307693 0.18269230769230768
0 0.6502403846153846 0.46033653846153844 0.14903846153846154 0.20673076923076922
0 0.6574519230769231 0.6742788461538461 0.14423076923076922 0.21153846153846154
0 0.6598557692307693 0.8762019230769231 0.15384615384615385 0.21634615384615385
0 0.8257211538461539 0.8810096153846154 0.15384615384615385 0.22596153846153846
0 0.8137019230769231 0.6682692307692307 0.15384615384615385 0.21153846153846154
0 0.8064903846153846 0.46033653846153844 0.15384615384615385 0.20673076923076922
0 0.8004807692307693 0.26802884615384615 0.1346153846153846 0.16826923076923078
0 0.8004807692307693 0.09495192307692307 0.14423076923076922 0.18990384615384615