0 0.5949519230769231 0.8737980769230769 0.23798076923076922 0.14903846153846154
0 0.3713942307692308 0.9242788461538461 0.19471153846153846 0.10817307692307693
0 0.32572115384615385 0.7740384615384616 0.1778846153846154 0.09375
0 0.052884615384615384 0.8581730769230769 0.10096153846153846 0.09134615384615384
0 0.13701923076923078 0.9206730769230769 0.15384615384615385 0.05048076923076923
0 0.04927884615384615 0.9675480769230769 0.09615384615384616 0.06009615384615385
0 0.10817307692307693 0.90625 0.21153846153846154 0.18269230769230768
0 0.20432692307692307 0.8161057692307693 0.16346153846153846 0.055288461538461536
0 0.21394230769230768 0.875 0.17067307692307693 0.0889423076923077
0 0.25961538461538464 0.6935096153846154 0.22596153846153846 0.1466346153846154
0 0.07451923076923077 0.6478365384615384 0.14423076923076922 0.13221153846153846
0 0.04927884615384615 0.7331730769230769 0.09615384615384616 0.07692307692307693
0 0.18269230769230768 0.6514423076923077 0.1466346153846154 0.11538461538461539
0 0.2776442307692308 0.5600961538461539 0.22596153846153846 0.125
0 0.08413461538461539 0.5144230769230769 0.16346153846153846 0.12980769230769232
0 0.22596153846153846 0.43990384615384615 0.23076923076923078 0.1201923076923077
0 0.17427884615384615 0.3641826923076923 0.20192307692307693 0.07692307692307693
0 0.08653846153846154 0.375 0.16826923076923078 0.1346153846153846
0 0.9086538461538461 0.44591346153846156 0.17067307692307693 0.1346153846153846
0 0.6646634615384616 0.36658653846153844 0.2692307692307692 0.11538461538461539
0 0.9387019230769231 0.24519230769230768 0.11057692307692307 0.15865384615384615
0 0.8533653846153846 0.12620192307692307 0.27884615384615385 0.22596153846153846
0 0.9567307692307693 0.09375 0.07211538461538461 0.11538461538461539
0 0.6706730769230769 0.037259615384615384 0.3798076923076923 0.07451923076923077
0 0.6742788461538461 0.07572115384615384 0.1875 0.08173076923076923
0 0.6033653846153846 0.0733173076923077 0.22115384615384615 0.1346153846153846
0 0.39302884615384615 0.03245192307692308 0.25 0.06490384615384616
0 0.21394230769230768 0.014423076923076924 0.11057692307692307 0.028846153846153848
0 0.38100961538461536 0.078125 0.23798076923076922 0.09615384615384616
0 0.390625 0.17548076923076922 0.22115384615384615 0.12980769230769232
0 0.3870192307692308 0.24519230769230768 0.11538461538461539 0.028846153846153848
0 0.31971153846153844 0.3293269230769231 0.27403846153846156 0.1346153846153846
0 0.19230769230769232 0.23076923076923078 0.23798076923076922 0.125
0 0.08653846153846154 0.13341346153846154 0.16826923076923078 0.15144230769230768
0 0.5757211538461539 0.16706730769230768 0.16346153846153846 0.10096153846153846
0 0.7067307692307693 0.23317307692307693 0.23076923076923078 0.11057692307692307
0 0.515625 0.2764423076923077 0.20192307692307693 0.10336538461538461
0 0.15264423076923078 0.07932692307692307 0.24519230769230768 0.15865384615384615
0 0.08052884615384616 0.2548076923076923 0.15625 0.11057692307692307
0 0.019230769230769232 0.03125 0.03365384615384615 0.0625