0 0.7283653846153846 0.6310096153846154 0.11538461538461539 0.21394230769230768
0 0.5913461538461539 0.5745192307692307 0.15625 0.16105769230769232
0 0.46274038461538464 0.5540865384615384 0.10096153846153846 0.25
0 0.4411057692307692 0.6610576923076923 0.0625 0.20192307692307693
0 0.5432692307692307 0.7584134615384616 0.1346153846153846 0.20673076923076922
0 0.33774038461538464 0.5444711538461539 0.11538461538461539 0.17307692307692307
0 0.3545673076923077 0.39903846153846156 0.04326923076923077 0.14423076923076922
0 0.30288461538461536 0.38341346153846156 0.08173076923076923 0.24519230769230768
0 0.09495192307692307 0.11298076923076923 0.07692307692307693 0.21394230769230768
0 0.04447115384615385 0.15504807692307693 0.08173076923076923 0.21394230769230768
0 0.04807692307692308 0.2920673076923077 0.09134615384615384 0.15384615384615385
0 0.19471153846153846 0.48197115384615385 0.21153846153846154 0.22596153846153846
0 0.375 0.48197115384615385 0.7427884615384616 0.9519230769230769
0 0.47475961538461536 0.4519230769230769 0.7572115384615384 0.8942307692307693
0 0.6189903846153846 0.4014423076923077 0.7572115384615384 0.7932692307692307