0 0.09134615384615384 0.11778846153846154 0.1778846153846154 0.23076923076923078
0 0.265625 0.1141826923076923 0.2403846153846154 0.2283653846153846
0 0.4495192307692308 0.11778846153846154 0.23557692307692307 0.23076923076923078
0 0.6514423076923077 0.1201923076923077 0.2403846153846154 0.23557692307692307
0 0.8149038461538461 0.11298076923076923 0.17307692307692307 0.22115384615384615
0 0.9302884615384616 0.11778846153846154 0.1346153846153846 0.23076923076923078
0 0.36538461538461536 0.43149038461538464 0.09375 0.0673076923076923
0 0.46274038461538464 0.48677884615384615 0.11538461538461539 0.11538461538461539
0 0.36177884615384615 0.49158653846153844 0.09375 0.08413461538461539
0 0.328125 0.5048076923076923 0.11538461538461539 0.1201923076923077
0 0.4567307692307692 0.5877403846153846 0.10576923076923077 0.12740384615384615
0 0.2247596153846154 0.6586538461538461 0.08413461538461539 0.0673076923076923
0 0.18870192307692307 0.6959134615384616 0.1466346153846154 0.057692307692307696
0 0.3088942307692308 0.6742788461538461 0.07692307692307693 0.057692307692307696
0 0.34975961538461536 0.6826923076923077 0.0625 0.09615384615384616
0 0.3112980769230769 0.6237980769230769 0.07451923076923077 0.09615384615384616
0 0.5528846153846154 0.7536057692307693 0.07932692307692307 0.07932692307692307
0 0.7139423076923077 0.8762019230769231 0.057692307692307696 0.0673076923076923
0 0.7860576923076923 0.9074519230769231 0.07451923076923077 0.04807692307692308
0 0.7007211538461539 0.9122596153846154 0.08173076923076923 0.038461538461538464
0 0.4723557692307692 0.9026442307692307 0.06009615384615385 0.057692307692307696
0 0.3389423076923077 0.8762019230769231 0.19951923076923078 0.10096153846153846
0 0.3894230769230769 0.9074519230769231 0.09134615384615384 0.038461538461538464
0 0.4639423076923077 0.8257211538461539 0.09134615384615384 0.11538461538461539
0 0.5408653846153846 0.7403846153846154 0.10096153846153846 0.10576923076923077
0 0.5973557692307693 0.7355769230769231 0.057692307692307696 0.10576923076923077
0 0.5973557692307693 0.6983173076923077 0.09375 0.12740384615384615
0 0.6466346153846154 0.6826923076923077 0.11538461538461539 0.052884615384615384
0 0.47596153846153844 0.6899038461538461 0.04326923076923077 0.10096153846153846
0 0.4326923076923077 0.6935096153846154 0.040865384615384616 0.11538461538461539
0 0.3954326923076923 0.6802884615384616 0.04807692307692308 0.10096153846153846
0 0.40625 0.7668269230769231 0.08653846153846154 0.08413461538461539
0 0.35216346153846156 0.828125 0.11298076923076923 0.057692307692307696
0 0.3125 0.7884615384615384 0.07211538461538461 0.07451923076923077
0 0.3557692307692308 0.7620192307692307 0.0673076923076923 0.07451923076923077
0 0.17548076923076922 0.7427884615384616 0.06009615384615385 0.026442307692307692
0 0.2247596153846154 0.7536057692307693 0.07451923076923077 0.057692307692307696
0 0.25841346153846156 0.7908653846153846 0.07451923076923077 0.0673076923076923
0 0.20072115384615385 0.8257211538461539 0.09375 0.10576923076923077
0 0.2439903846153846 0.8894230769230769 0.17307692307692307 0.09615384615384616
0 0.13822115384615385 0.9182692307692307 0.19471153846153846 0.038461538461538464
0 0.06009615384615385 0.8725961538461539 0.11538461538461539 0.11057692307692307
0 0.0829326923076923 0.8305288461538461 0.0985576923076923 0.0625
0 0.1466346153846154 0.7992788461538461 0.09134615384615384 0.11538461538461539
0 0.46875 0.1141826923076923 0.9375 0.2283653846153846