0 0.9002403846153846 0.7836538461538461 0.1346153846153846 0.3125
0 0.8269230769230769 0.5084134615384616 0.25961538461538464 0.44711538461538464
0 0.8713942307692307 0.1935096153846154 0.038461538461538464 0.15865384615384615
0 0.7908653846153846 0.17427884615384615 0.04807692307692308 0.20673076923076922
0 0.7199519230769231 0.171875 0.05048076923076923 0.22355769230769232
0 0.6141826923076923 0.21033653846153846 0.09615384615384616 0.13701923076923078
0 0.6105769230769231 0.4014423076923077 0.11057692307692307 0.125
0 0.46153846153846156 0.48677884615384615 0.036057692307692304 0.04326923076923077
0 0.4579326923076923 0.5432692307692307 0.04326923076923077 0.038461538461538464
0 0.45072115384615385 0.5817307692307693 0.021634615384615384 0.038461538461538464
0 0.41466346153846156 0.4567307692307692 0.021634615384615384 0.04807692307692308
0 0.39302884615384615 0.5 0.028846153846153848 0.04807692307692308
0 0.41466346153846156 0.5216346153846154 0.036057692307692304 0.04807692307692308
0 0.41225961538461536 0.5709134615384616 0.038461538461538464 0.038461538461538464
0 0.4254807692307692 0.6141826923076923 0.04326923076923077 0.06009615384615385
0 0.6213942307692307 0.6310096153846154 0.11057692307692307 0.16826923076923078
0 0.6778846153846154 0.7704326923076923 0.11298076923076923 0.15384615384615385
0 0.5637019230769231 0.7620192307692307 0.10096153846153846 0.15865384615384615
0 0.41466346153846156 0.7788461538461539 0.10096153846153846 0.13701923076923078
0 0.42908653846153844 0.2512019230769231 0.1971153846153846 0.2620192307692308
0 0.29447115384615385 0.7079326923076923 0.12980769230769232 0.4639423076923077
0 0.11298076923076923 0.8329326923076923 0.028846153846153848 0.32211538461538464
0 0.12860576923076922 0.8858173076923077 0.02403846153846154 0.21875
0 0.15144230769230768 0.8665865384615384 0.02403846153846154 0.25721153846153844
0 0.17067307692307693 0.8822115384615384 0.036057692307692304 0.22355769230769232
0 0.19110576923076922 0.8737980769230769 0.03365384615384615 0.2403846153846154
0 0.078125 0.8665865384615384 0.038461538461538464 0.25721153846153844
0 0.16346153846153846 0.39903846153846156 0.3269230769230769 0.7980769230769231