0 0.5 0.39783653846153844 0.9951923076923077 0.5456730769230769
0 0.3112980769230769 0.7872596153846154 0.6153846153846154 0.23076923076923078
0 0.2704326923076923 0.9290865384615384 0.5336538461538461 0.12980769230769232
0 0.6370192307692307 0.9278846153846154 0.7211538461538461 0.13942307692307693
0 0.8305288461538461 0.8257211538461539 0.33653846153846156 0.27403846153846156
0 0.7800480769230769 0.6778846153846154 0.39663461538461536 0.3293269230769231
0 0.9435096153846154 0.6129807692307693 0.10817307692307693 0.21153846153846154
0 0.8209134615384616 0.4831730769230769 0.35336538461538464 0.4230769230769231
0 0.6838942307692307 0.38221153846153844 0.24759615384615385 0.0985576923076923
0 0.6057692307692307 0.18629807692307693 0.3894230769230769 0.37259615384615385
0 0.4230769230769231 0.2403846153846154 0.4110576923076923 0.3389423076923077
0 0.3076923076923077 0.28125 0.22355769230769232 0.2692307692307692
0 0.3485576923076923 0.11778846153846154 0.30528846153846156 0.23557692307692307
0 0.15504807692307693 0.0829326923076923 0.30528846153846156 0.16105769230769232
0 0.15504807692307693 0.27283653846153844 0.30288461538461536 0.2091346153846154
0 0.09975961538461539 0.4266826923076923 0.19230769230769232 0.16346153846153846
0 0.8930288461538461 0.0625 0.2091346153846154 0.1201923076923077
0 0.7980769230769231 0.2247596153846154 0.39903846153846156 0.21394230769230768