0 0.06971153846153846 0.22596153846153846 0.12980769230769232 0.12740384615384615
0 0.1346153846153846 0.3076923076923077 0.15865384615384615 0.16346153846153846
0 0.09254807692307693 0.11778846153846154 0.17307692307692307 0.23076923076923078
0 0.04807692307692308 0.3161057692307692 0.08413461538461539 0.0673076923076923
0 0.1971153846153846 0.5 0.38221153846153844 0.36538461538461536
0 0.1971153846153846 0.5745192307692307 0.38221153846153844 0.3701923076923077
0 0.4074519230769231 0.8665865384615384 0.45913461538461536 0.2620192307692308
0 0.12980769230769232 0.7848557692307693 0.19230769230769232 0.2403846153846154
0 0.28725961538461536 0.9459134615384616 0.2620192307692308 0.10336538461538461
0 0.0733173076923077 0.8377403846153846 0.13701923076923078 0.31971153846153844
0 0.18389423076923078 0.9543269230769231 0.23317307692307693 0.08653846153846154
0 0.5144230769230769 0.8762019230769231 0.36538461538461536 0.1346153846153846
0 0.38822115384615385 0.7740384615384616 0.2932692307692308 0.14903846153846154
0 0.4855769230769231 0.7560096153846154 0.21875 0.22596153846153846
0 0.41586538461538464 0.8161057692307693 0.7692307692307693 0.3629807692307692
0 0.7475961538461539 0.7884615384615384 0.19230769230769232 0.1201923076923077
0 0.6911057692307693 0.7079326923076923 0.1466346153846154 0.0673076923076923
0 0.6766826923076923 0.6382211538461539 0.13942307692307693 0.07451923076923077
0 0.6634615384615384 0.5612980769230769 0.18028846153846154 0.08653846153846154
0 0.7944711538461539 0.6310096153846154 0.11778846153846154 0.07451923076923077
0 0.828125 0.7512019230769231 0.12980769230769232 0.11778846153846154
0 0.8798076923076923 0.7283653846153846 0.09615384615384616 0.07692307692307693
0 0.8882211538461539 0.6394230769230769 0.10096153846153846 0.0985576923076923
0 0.9615384615384616 0.640625 0.07211538461538461 0.0985576923076923
0 0.9615384615384616 0.5420673076923077 0.07211538461538461 0.10336538461538461
0 0.828125 0.4879807692307692 0.2403846153846154 0.20673076923076922
0 0.4519230769230769 0.5949519230769231 0.20673076923076922 0.10096153846153846
0 0.5697115384615384 0.5709134615384616 0.0625 0.09615384615384616
0 0.5360576923076923 0.671875 0.15144230769230768 0.1346153846153846
0 0.3317307692307692 0.5 0.16826923076923078 0.08653846153846154
0 0.24759615384615385 0.3942307692307692 0.19230769230769232 0.13942307692307693
0 0.22716346153846154 0.125 0.17307692307692307 0.13942307692307693
0 0.16826923076923078 0.028846153846153848 0.10096153846153846 0.04807692307692308
0 0.28365384615384615 0.18870192307692307 0.20673076923076922 0.14423076923076922
0 0.359375 0.055288461538461536 0.30288461538461536 0.10096153846153846
0 0.4831730769230769 0.11298076923076923 0.28125 0.1201923076923077
0 0.5925480769230769 0.07572115384615384 0.21875 0.10096153846153846
0 0.609375 0.015625 0.21875 0.02403846153846154
0 0.8149038461538461 0.10817307692307693 0.2692307692307692 0.18028846153846154
0 0.8449519230769231 0.038461538461538464 0.25240384615384615 0.07211538461538461
0 0.9507211538461539 0.12139423076923077 0.09375 0.13221153846153846
0 0.9675480769230769 0.039663461538461536 0.06009615384615385 0.07451923076923077
0 0.90625 0.25841346153846156 0.18269230769230768 0.18028846153846154
0 0.8701923076923077 0.3581730769230769 0.21394230769230768 0.11057692307692307
0 0.9507211538461539 0.42427884615384615 0.09375 0.15625
0 0.9651442307692307 0.2644230769230769 0.06490384615384616 0.1778846153846154
0 0.5925480769230769 0.40625 0.34134615384615385 0.22596153846153846
0 0.5564903846153846 0.28125 0.21394230769230768 0.12980769230769232
0 0.4074519230769231 0.2668269230769231 0.23076923076923078 0.17307692307692307
0 0.33653846153846156 0.375 0.2692307692307692 0.1778846153846154
0 0.5168269230769231 0.46875 0.21394230769230768 0.12980769230769232
0 0.6346153846153846 0.47716346153846156 0.18028846153846154 0.08653846153846154
0 0.5024038461538461 0.5036057692307693 0.15144230769230768 0.08653846153846154
0 0.8617788461538461 0.40865384615384615 0.09615384615384616 0.0673076923076923
0 0.8173076923076923 0.6322115384615384 0.10576923076923077 0.11298076923076923
0 0.9314903846153846 0.7548076923076923 0.13221153846153846 0.15384615384615385
0 0.8257211538461539 0.8689903846153846 0.07692307692307693 0.08653846153846154
0 0.8701923076923077 0.8713942307692307 0.25961538461538464 0.25240384615384615