0 0.44711538461538464 0.5024038461538461 0.8846153846153846 0.9423076923076923
0 0.6105769230769231 0.2776442307692308 0.5432692307692307 0.49038461538461536
0 0.46875 0.37740384615384615 0.5865384615384616 0.5456730769230769
0 0.3894230769230769 0.5264423076923077 0.6081730769230769 0.5721153846153846
0 0.265625 0.640625 0.5264423076923077 0.5841346153846154
0 0.22596153846153846 0.71875 0.44711538461538464 0.5288461538461539
1 0.6875 0.9567307692307693 0.4807692307692308 0.08173076923076923
1 0.7223557692307693 0.8473557692307693 0.40865384615384615 0.13942307692307693
1 0.7992788461538461 0.7139423076923077 0.2644230769230769 0.1201923076923077
1 0.8040865384615384 0.6237980769230769 0.24278846153846154 0.052884615384615384
1 0.8461538461538461 0.5456730769230769 0.16826923076923078 0.09615384615384616
1 0.8725961538461539 0.4807692307692308 0.10576923076923077 0.02403846153846154
1 0.9026442307692307 0.23076923076923078 0.04807692307692308 0.4543269230769231
1 0.7752403846153846 0.10096153846153846 0.20673076923076922 0.1971153846153846
1 0.8413461538461539 0.23076923076923078 0.07451923076923077 0.0625
1 0.7800480769230769 0.21754807692307693 0.04807692307692308 0.038461538461538464
1 0.8653846153846154 0.2860576923076923 0.026442307692307692 0.04567307692307692
1 0.8389423076923077 0.27283653846153844 0.026442307692307692 0.019230769230769232
1 0.8725961538461539 0.3137019230769231 0.009615384615384616 0.009615384615384616
1 0.7992788461538461 0.24278846153846154 0.021634615384615384 0.019230769230769232
1 0.7463942307692307 0.21033653846153846 0.021634615384615384 0.02403846153846154
1 0.6298076923076923 0.036057692307692304 0.08413461538461539 0.0625
1 0.2920673076923077 0.015625 0.5793269230769231 0.026442307692307692
1 0.078125 0.12379807692307693 0.15144230769230768 0.24278846153846154
1 0.24879807692307693 0.052884615384615384 0.18028846153846154 0.09615384615384616
1 0.040865384615384616 0.30288461538461536 0.07692307692307693 0.1201923076923077
1 0.038461538461538464 0.8161057692307693 0.07211538461538461 0.3629807692307692
1 0.25721153846153844 0.9891826923076923 0.3798076923076923 0.016826923076923076
1 0.14783653846153846 0.9158653846153846 0.13701923076923078 0.125
1 0.11658653846153846 0.7908653846153846 0.07451923076923077 0.11778846153846154
1 0.09254807692307693 0.7127403846153846 0.038461538461538464 0.040865384615384616
1 0.17427884615384615 0.8305288461538461 0.03125 0.04567307692307692
1 0.24278846153846154 0.9507211538461539 0.052884615384615384 0.052884615384615384