0 0.019230769230769232 0.04447115384615385 0.028846153846153848 0.07692307692307693
0 0.055288461538461536 0.12740384615384615 0.10096153846153846 0.0985576923076923
0 0.13822115384615385 0.140625 0.11057692307692307 0.15625
0 0.08774038461538461 0.042067307692307696 0.09134615384615384 0.07211538461538461
0 0.17548076923076922 0.057692307692307696 0.0985576923076923 0.08173076923076923
0 0.2283653846153846 0.14903846153846154 0.07692307692307693 0.13942307692307693
0 0.296875 0.10096153846153846 0.07692307692307693 0.0985576923076923
0 0.25841346153846156 0.03365384615384615 0.09134615384615384 0.057692307692307696
0 0.3173076923076923 0.026442307692307692 0.057692307692307696 0.04326923076923077
0 0.3894230769230769 0.036057692307692304 0.08653846153846154 0.0625
0 0.02283653846153846 0.2764423076923077 0.038461538461538464 0.08173076923076923
0 0.015625 0.36177884615384615 0.02403846153846154 0.0889423076923077
0 0.013221153846153846 0.45552884615384615 0.019230769230769232 0.0673076923076923
0 0.140625 0.5336538461538461 0.0985576923076923 0.1201923076923077
0 0.07091346153846154 0.6045673076923077 0.1346153846153846 0.125
0 0.036057692307692304 0.7211538461538461 0.06490384615384616 0.15144230769230768
0 0.1466346153846154 0.7319711538461539 0.14903846153846154 0.17307692307692307
0 0.08413461538461539 0.8365384615384616 0.15384615384615385 0.17307692307692307
0 0.2283653846153846 0.625 0.14423076923076922 0.16826923076923078
0 0.3245192307692308 0.6983173076923077 0.11057692307692307 0.14423076923076922
0 0.3269230769230769 0.8100961538461539 0.10576923076923077 0.11057692307692307
0 0.21995192307692307 0.8052884615384616 0.1201923076923077 0.17307692307692307
0 0.17307692307692307 0.9423076923076923 0.14903846153846154 0.10576923076923077
0 0.3004807692307692 0.359375 0.13701923076923078 0.14423076923076922
0 0.3112980769230769 0.484375 0.10576923076923077 0.125
0 0.3858173076923077 0.5180288461538461 0.07932692307692307 0.0985576923076923
0 0.4483173076923077 0.5697115384615384 0.09134615384615384 0.11057692307692307
0 0.5108173076923077 0.6069711538461539 0.07932692307692307 0.0889423076923077
0 0.5396634615384616 0.5360576923076923 0.0985576923076923 0.125
0 0.47475961538461536 0.5204326923076923 0.038461538461538464 0.019230769230769232
0 0.46634615384615385 0.46153846153846156 0.07932692307692307 0.11057692307692307
0 0.39903846153846156 0.46875 0.0625 0.08173076923076923
0 0.375 0.39903846153846156 0.07211538461538461 0.0985576923076923
0 0.43509615384615385 0.3485576923076923 0.11778846153846154 0.14423076923076922
0 0.3786057692307692 0.2704326923076923 0.07932692307692307 0.10576923076923077
0 0.44711538461538464 0.21875 0.125 0.14423076923076922
0 0.5036057692307693 0.23677884615384615 0.07932692307692307 0.12980769230769232
0 0.5324519230769231 0.10096153846153846 0.10576923076923077 0.11057692307692307
0 0.5396634615384616 0.12980769230769232 0.15384615384615385 0.11538461538461539
0 0.6069711538461539 0.22596153846153846 0.125 0.15144230769230768
0 0.5420673076923077 0.37259615384615385 0.09615384615384616 0.1201923076923077
0 0.5096153846153846 0.4375 0.10576923076923077 0.07211538461538461
0 0.6177884615384616 0.4375 0.10096153846153846 0.1346153846153846
0 0.6237980769230769 0.5336538461538461 0.07692307692307693 0.0889423076923077
0 0.7163461538461539 0.4375 0.10096153846153846 0.125
0 0.7223557692307693 0.3125 0.08413461538461539 0.11538461538461539
0 0.6310096153846154 0.31009615384615385 0.0985576923076923 0.1201923076923077
0 0.6694711538461539 0.234375 0.0625 0.0625
0 0.7487980769230769 0.3545673076923077 0.0625 0.07211538461538461
0 0.7055288461538461 0.0733173076923077 0.1346153846153846 0.1346153846153846
0 0.796875 0.171875 0.125 0.1875
0 0.875 0.21394230769230768 0.0985576923076923 0.14423076923076922
0 0.8822115384615384 0.09615384615384616 0.13701923076923078 0.11057692307692307
0 0.8533653846153846 0.038461538461538464 0.17067307692307693 0.0673076923076923
0 0.9675480769230769 0.10096153846153846 0.06009615384615385 0.1971153846153846
0 0.9242788461538461 0.4170673076923077 0.07692307692307693 0.09375
0 0.90625 0.3641826923076923 0.04326923076923077 0.04326923076923077
0 0.9627403846153846 0.359375 0.06971153846153846 0.11778846153846154
0 0.9891826923076923 0.3016826923076923 0.016826923076923076 0.055288461538461536
0 0.9663461538461539 0.45913461538461536 0.0625 0.09615384615384616
0 0.7980769230769231 0.49759615384615385 0.0985576923076923 0.12980769230769232
0 0.7247596153846154 0.5733173076923077 0.08653846153846154 0.09375
0 0.6526442307692307 0.6382211538461539 0.11057692307692307 0.0985576923076923
0 0.5985576923076923 0.7163461538461539 0.13942307692307693 0.0889423076923077
0 0.6430288461538461 0.765625 0.1201923076923077 0.14423076923076922
0 0.65625 0.8485576923076923 0.04807692307692308 0.04326923076923077
0 0.7319711538461539 0.8521634615384616 0.11778846153846154 0.0985576923076923
0 0.734375 0.7572115384615384 0.09134615384615384 0.0889423076923077
0 0.7163461538461539 0.671875 0.08653846153846154 0.09375
0 0.8076923076923077 0.6430288461538461 0.10096153846153846 0.16105769230769232
0 0.8918269230769231 0.734375 0.11778846153846154 0.14423076923076922
0 0.8497596153846154 0.5420673076923077 0.11778846153846154 0.125
0 0.9050480769230769 0.5985576923076923 0.10576923076923077 0.125
0 0.9579326923076923 0.640625 0.052884615384615384 0.09375
0 0.4411057692307692 0.8173076923076923 0.09134615384615384 0.07211538461538461
0 0.35216346153846156 0.9302884615384616 0.10096153846153846 0.11057692307692307
0 0.25961538461538464 0.9747596153846154 0.08653846153846154 0.04567307692307692
0 0.3329326923076923 0.9831730769230769 0.0889423076923077 0.028846153846153848
0 0.3942307692307692 0.9591346153846154 0.052884615384615384 0.07692307692307693
0 0.44471153846153844 0.9038461538461539 0.09134615384615384 0.0889423076923077
0 0.44471153846153844 0.9699519230769231 0.07211538461538461 0.055288461538461536
0 0.5180288461538461 0.9747596153846154 0.07932692307692307 0.04567307692307692
0 0.5288461538461539 0.9014423076923077 0.08413461538461539 0.09375
0 0.5 0.8545673076923077 0.057692307692307696 0.0625
0 0.5913461538461539 0.9194711538461539 0.04807692307692308 0.057692307692307696
0 0.5769230769230769 0.9699519230769231 0.0673076923076923 0.055288461538461536
0 0.6370192307692307 0.9675480769230769 0.057692307692307696 0.06009615384615385
0 0.8209134615384616 0.9615384615384616 0.07692307692307693 0.057692307692307696
0 0.9014423076923077 0.9651442307692307 0.10096153846153846 0.06490384615384616
0 0.8653846153846154 0.9134615384615384 0.09615384615384616 0.07692307692307693
0 0.9375 0.859375 0.06490384615384616 0.04326923076923077
0 0.9507211538461539 0.9242788461538461 0.0625 0.0889423076923077
0 0.9735576923076923 0.9771634615384616 0.04807692307692308 0.040865384615384616
0 0.9819711538461539 0.9038461538461539 0.03125 0.10096153846153846
0 0.9747596153846154 0.8173076923076923 0.04807692307692308 0.0625