0 0.08533653846153846 0.056490384615384616 0.15865384615384615 0.10576923076923077
0 0.23076923076923078 0.05048076923076923 0.13221153846153846 0.09375
0 0.4014423076923077 0.04326923076923077 0.1201923076923077 0.07932692307692307
0 0.359375 0.06129807692307692 0.06009615384615385 0.04326923076923077
0 0.5637019230769231 0.042067307692307696 0.17067307692307693 0.07692307692307693
0 0.4483173076923077 0.07211538461538461 0.07211538461538461 0.036057692307692304
0 0.3786057692307692 0.09735576923076923 0.0673076923076923 0.028846153846153848
0 0.31850961538461536 0.0829326923076923 0.04326923076923077 0.05048076923076923
0 0.27163461538461536 0.09014423076923077 0.028846153846153848 0.028846153846153848
0 0.29927884615384615 0.140625 0.04807692307692308 0.036057692307692304
0 0.19471153846153846 0.1502403846153846 0.18269230769230768 0.09615384615384616
0 0.15384615384615385 0.21875 0.17548076923076922 0.1201923076923077
0 0.6814903846153846 0.02403846153846154 0.0673076923076923 0.038461538461538464
0 0.8293269230769231 0.06129807692307692 0.3173076923076923 0.11538461538461539
0 0.6622596153846154 0.08173076923076923 0.08173076923076923 0.0673076923076923
0 0.5961538461538461 0.09735576923076923 0.08173076923076923 0.057692307692307696
0 0.6478365384615384 0.12620192307692307 0.07692307692307693 0.04326923076923077
0 0.5961538461538461 0.17307692307692307 0.07211538461538461 0.10096153846153846
0 0.5793269230769231 0.1875 0.038461538461538464 0.036057692307692304
0 0.5084134615384616 0.21634615384615385 0.15865384615384615 0.12259615384615384
0 0.43990384615384615 0.13341346153846154 0.07692307692307693 0.06490384615384616
0 0.5132211538461539 0.10697115384615384 0.07211538461538461 0.0625
0 0.39302884615384615 0.14302884615384615 0.08173076923076923 0.052884615384615384
0 0.4014423076923077 0.18990384615384615 0.0673076923076923 0.04807692307692308
0 0.3245192307692308 0.15745192307692307 0.07692307692307693 0.11057692307692307
0 0.7199519230769231 0.18028846153846154 0.23076923076923078 0.15865384615384615
0 0.8485576923076923 0.15745192307692307 0.08173076923076923 0.07692307692307693
0 0.9038461538461539 0.15504807692307693 0.11538461538461539 0.12980769230769232
0 0.8762019230769231 0.2512019230769231 0.09375 0.07692307692307693
0 0.9483173076923077 0.24759615384615385 0.04807692307692308 0.038461538461538464
0 0.9627403846153846 0.25721153846153844 0.06971153846153846 0.038461538461538464
0 0.9939903846153846 0.21995192307692307 0.009615384615384616 0.036057692307692304
0 0.9266826923076923 0.11899038461538461 0.14182692307692307 0.23317307692307693
0 0.7475961538461539 0.26322115384615385 0.0673076923076923 0.05048076923076923
0 0.796875 0.234375 0.055288461538461536 0.036057692307692304
0 0.7223557692307693 0.27403846153846156 0.15865384615384615 0.09375
0 0.609375 0.25961538461538464 0.07692307692307693 0.05048076923076923
0 0.5769230769230769 0.3245192307692308 0.2091346153846154 0.10096153846153846
0 0.6622596153846154 0.35336538461538464 0.06009615384615385 0.04326923076923077
0 0.5516826923076923 0.3449519230769231 0.04807692307692308 0.038461538461538464
0 0.5600961538461539 0.40024038461538464 0.0985576923076923 0.07211538461538461
0 0.47475961538461536 0.40625 0.10576923076923077 0.0673076923076923
0 0.4206730769230769 0.33774038461538464 0.125 0.09134615384615384
0 0.36538461538461536 0.29927884615384615 0.06009615384615385 0.036057692307692304
0 0.35697115384615385 0.3713942307692308 0.0673076923076923 0.04326923076923077
0 0.32091346153846156 0.3389423076923077 0.07211538461538461 0.04326923076923077
0 0.39783653846153844 0.4110576923076923 0.11538461538461539 0.057692307692307696
0 0.2283653846153846 0.34615384615384615 0.10576923076923077 0.07932692307692307
0 0.7560096153846154 0.40024038461538464 0.11538461538461539 0.14423076923076922
0 0.703125 0.4855769230769231 0.04326923076923077 0.038461538461538464
0 0.7367788461538461 0.4891826923076923 0.021634615384615384 0.03365384615384615
0 0.7223557692307693 0.5108173076923077 0.028846153846153848 0.02403846153846154
0 0.8713942307692307 0.39302884615384615 0.20192307692307693 0.12980769230769232
0 0.7884615384615384 0.3016826923076923 0.13701923076923078 0.07692307692307693
0 0.8293269230769231 0.49759615384615385 0.16346153846153846 0.10096153846153846
0 0.796875 0.6394230769230769 0.35096153846153844 0.25240384615384615
0 0.9507211538461539 0.5685096153846154 0.07692307692307693 0.09615384615384616
0 0.9555288461538461 0.5072115384615384 0.08653846153846154 0.08173076923076923
0 0.9567307692307693 0.45552884615384615 0.08173076923076923 0.040865384615384616
0 0.9795673076923077 0.4014423076923077 0.036057692307692304 0.08173076923076923
0 0.9362980769230769 0.2956730769230769 0.125 0.12259615384615384
0 0.9819711538461539 0.6189903846153846 0.03125 0.09375
0 0.9326923076923077 0.7764423076923077 0.12980769230769232 0.2403846153846154
0 0.8581730769230769 0.8882211538461539 0.27884615384615385 0.21875
0 0.7692307692307693 0.9206730769230769 0.21153846153846154 0.15384615384615385
0 0.7403846153846154 0.9855769230769231 0.17307692307692307 0.02403846153846154
0 0.5276442307692307 0.9639423076923077 0.24278846153846154 0.0673076923076923
0 0.6430288461538461 0.8990384615384616 0.2860576923076923 0.12980769230769232
0 0.7992788461538461 0.8930288461538461 0.14903846153846154 0.11298076923076923
0 0.59375 0.7740384615384616 0.1201923076923077 0.10576923076923077
0 0.5360576923076923 0.8269230769230769 0.13701923076923078 0.057692307692307696
0 0.4723557692307692 0.7271634615384616 0.1201923076923077 0.13942307692307693
0 0.5324519230769231 0.6899038461538461 0.17548076923076922 0.12980769230769232
0 0.6646634615384616 0.7764423076923077 0.1201923076923077 0.13701923076923078
0 0.7475961538461539 0.7848557692307693 0.0985576923076923 0.08413461538461539
0 0.28846153846153844 0.7560096153846154 0.3798076923076923 0.2980769230769231
0 0.1346153846153846 0.7163461538461539 0.15865384615384615 0.13221153846153846
0 0.2692307692307692 0.7872596153846154 0.08653846153846154 0.057692307692307696
0 0.26322115384615385 0.8701923076923077 0.25240384615384615 0.18028846153846154
0 0.04927884615384615 0.8533653846153846 0.08653846153846154 0.09134615384615384
0 0.021634615384615384 0.6899038461538461 0.03365384615384615 0.09375
0 0.14302884615384615 0.578125 0.0985576923076923 0.07211538461538461
0 0.39302884615384615 0.25600961538461536 0.22596153846153846 0.09375
0 0.15384615384615385 0.3485576923076923 0.2980769230769231 0.5096153846153846
0 0.04927884615384615 0.5600961538461539 0.08653846153846154 0.19471153846153846
0 0.4483173076923077 0.9855769230769231 0.07451923076923077 0.02403846153846154
0 0.18509615384615385 0.9699519230769231 0.36538461538461536 0.055288461538461536
0 0.11778846153846154 0.9038461538461539 0.22596153846153846 0.1201923076923077