0 0.42908653846153844 0.3737980769230769 0.6947115384615384 0.7163461538461539
0 0.5228365384615384 0.14903846153846154 0.4206730769230769 0.28846153846153844
0 0.38221153846153844 0.7860576923076923 0.20192307692307693 0.07692307692307693
0 0.6995192307692307 0.8822115384615384 0.47596153846153844 0.23076923076923078
0 0.009615384615384616 0.8329326923076923 0.019230769230769232 0.15865384615384615
0 0.10096153846153846 0.6466346153846154 0.20192307692307693 0.2932692307692308
0 0.07211538461538461 0.32211538461538464 0.14423076923076922 0.39903846153846156
0 0.054086538461538464 0.9699519230769231 0.10817307692307693 0.055288461538461536
4 0.8257211538461539 0.46153846153846156 0.34134615384615385 0.9134615384615384
4 0.3389423076923077 0.8641826923076923 0.6394230769230769 0.2668269230769231
4 0.3894230769230769 0.7091346153846154 0.2932692307692308 0.07692307692307693
4 0.07211538461538461 0.06971153846153846 0.14423076923076922 0.12980769230769232