0 0.8209134615384616 0.27884615384615385 0.28846153846153844 0.3004807692307692
0 0.8858173076923077 0.6262019230769231 0.22115384615384615 0.39663461538461536
0 0.6213942307692307 0.5925480769230769 0.34134615384615385 0.40384615384615385
0 0.7704326923076923 0.8329326923076923 0.20432692307692307 0.22115384615384615
0 0.4362980769230769 0.7680288461538461 0.15384615384615385 0.20673076923076922
0 0.5336538461538461 0.8665865384615384 0.3557692307692308 0.2620192307692308
0 0.41346153846153844 0.44591346153846156 0.18509615384615385 0.27403846153846156
0 0.546875 0.21153846153846154 0.27403846153846156 0.3918269230769231
0 0.28966346153846156 0.25721153846153844 0.2403846153846154 0.34134615384615385
0 0.32091346153846156 0.07211538461538461 0.27884615384615385 0.1346153846153846
0 0.24158653846153846 0.5288461538461539 0.36538461538461536 0.49038461538461536
0 0.08413461538461539 0.4987980769230769 0.16346153846153846 0.9975961538461539
0 0.2932692307692308 0.8942307692307693 0.13221153846153846 0.20192307692307693
0 0.36899038461538464 0.953125 0.1201923076923077 0.09134615384615384
0 0.4362980769230769 0.9891826923076923 0.0625 0.019230769230769232
0 0.2127403846153846 0.8040865384615384 0.125 0.15384615384615385
0 0.1141826923076923 0.71875 0.1201923076923077 0.18028846153846154
0 0.07572115384615384 0.6646634615384616 0.057692307692307696 0.17548076923076922
0 0.04927884615384615 0.8269230769230769 0.09375 0.1201923076923077
0 0.11778846153846154 0.9122596153846154 0.1201923076923077 0.09134615384615384
0 0.22355769230769232 0.9783653846153846 0.09134615384615384 0.038461538461538464