0 0.2776442307692308 0.7872596153846154 0.4855769230769231 0.4182692307692308
0 0.3737980769230769 0.30288461538461536 0.43028846153846156 0.6057692307692307
0 0.5997596153846154 0.7644230769230769 0.3125 0.46153846153846156
0 0.7980769230769231 0.8930288461538461 0.19230769230769232 0.20432692307692307
0 0.9254807692307693 0.9122596153846154 0.14423076923076922 0.17067307692307693
0 0.9483173076923077 0.7884615384615384 0.10096153846153846 0.21875
0 0.7247596153846154 0.3954326923076923 0.44471153846153844 0.7908653846153846
0 0.6838942307692307 0.22716346153846154 0.36538461538461536 0.3894230769230769
0 0.890625 0.28846153846153844 0.21634615384615385 0.2932692307692308
0 0.9290865384615384 0.34615384615384615 0.13701923076923078 0.6923076923076923
0 0.9002403846153846 0.0733173076923077 0.19471153846153846 0.1466346153846154
0 0.6778846153846154 0.036057692307692304 0.22596153846153846 0.0625
0 0.3485576923076923 0.10216346153846154 0.37740384615384615 0.20432692307692307