0 0.07451923076923077 0.17908653846153846 0.13942307692307693 0.1346153846153846
0 0.19831730769230768 0.2920673076923077 0.23076923076923078 0.18269230769230768
0 0.12860576923076922 0.7680288461538461 0.24759615384615385 0.24759615384615385
0 0.2860576923076923 0.11057692307692307 0.10817307692307693 0.0889423076923077
0 0.3629807692307692 0.07091346153846154 0.10817307692307693 0.0889423076923077
0 0.2932692307692308 0.03245192307692308 0.23557692307692307 0.057692307692307696
0 0.18509615384615385 0.021634615384615384 0.16346153846153846 0.03365384615384615
0 0.36538461538461536 0.17548076923076922 0.10336538461538461 0.0889423076923077
0 0.36538461538461536 0.12379807692307693 0.052884615384615384 0.02403846153846154
0 0.44350961538461536 0.1310096153846154 0.10336538461538461 0.08653846153846154
0 0.44350961538461536 0.054086538461538464 0.09134615384615384 0.0625
0 0.5793269230769231 0.07091346153846154 0.22115384615384615 0.1346153846153846
0 0.4411057692307692 0.021634615384615384 0.057692307692307696 0.03365384615384615
0 0.5288461538461539 0.10576923076923077 0.0673076923076923 0.0673076923076923
0 0.5180288461538461 0.16826923076923078 0.1201923076923077 0.0673076923076923
0 0.4170673076923077 0.22596153846153846 0.08173076923076923 0.05048076923076923
0 0.6213942307692307 0.1658653846153846 0.09615384615384616 0.10096153846153846
0 0.7884615384615384 0.12980769230769232 0.35096153846153844 0.25
0 0.8629807692307693 0.14423076923076922 0.20192307692307693 0.09615384615384616
0 0.4230769230769231 0.7487980769230769 0.23557692307692307 0.19230769230769232
0 0.3737980769230769 0.5661057692307693 0.12980769230769232 0.08173076923076923
0 0.3557692307692308 0.5 0.08173076923076923 0.07211538461538461
0 0.5228365384615384 0.3317307692307692 0.42788461538461536 0.2692307692307692
0 0.43028846153846156 0.5348557692307693 0.10817307692307693 0.0889423076923077
0 0.44591346153846156 0.4651442307692308 0.07692307692307693 0.04326923076923077
0 0.3425480769230769 0.625 0.07692307692307693 0.04807692307692308
0 0.4326923076923077 0.6213942307692307 0.10336538461538461 0.06971153846153846
0 0.5204326923076923 0.5060096153846154 0.1346153846153846 0.07692307692307693
0 0.5408653846153846 0.4651442307692308 0.10336538461538461 0.0673076923076923
0 0.5 0.5793269230769231 0.11298076923076923 0.07692307692307693
0 0.5252403846153846 0.6310096153846154 0.09134615384615384 0.0673076923076923
0 0.6081730769230769 0.5576923076923077 0.10336538461538461 0.08173076923076923
0 0.6442307692307693 0.4807692307692308 0.10336538461538461 0.07211538461538461
0 0.6526442307692307 0.47836538461538464 0.1201923076923077 0.10817307692307693
0 0.7091346153846154 0.5408653846153846 0.09615384615384616 0.11538461538461539
0 0.6466346153846154 0.6201923076923077 0.14903846153846154 0.057692307692307696
0 0.6105769230769231 0.7043269230769231 0.21153846153846154 0.1346153846153846
0 0.6466346153846154 0.9146634615384616 0.10817307692307693 0.08653846153846154
0 0.546875 0.8028846153846154 0.08173076923076923 0.06971153846153846
0 0.35096153846153844 0.9867788461538461 0.10576923076923077 0.021634615384615384
0 0.8040865384615384 0.4879807692307692 0.14423076923076922 0.057692307692307696
0 0.7295673076923077 0.4206730769230769 0.27403846153846156 0.10817307692307693
0 0.7728365384615384 0.5408653846153846 0.10336538461538461 0.038461538461538464
0 0.9086538461538461 0.39903846153846156 0.1778846153846154 0.2644230769230769
0 0.8978365384615384 0.6021634615384616 0.19951923076923078 0.17067307692307693
0 0.8557692307692307 0.7007211538461539 0.15384615384615385 0.17548076923076922
0 0.7475961538461539 0.6045673076923077 0.125 0.0889423076923077
0 0.7475961538461539 0.6838942307692307 0.15384615384615385 0.13942307692307693
0 0.8064903846153846 0.8257211538461539 0.18028846153846154 0.16346153846153846
0 0.7824519230769231 0.9459134615384616 0.19951923076923078 0.10336538461538461
0 0.6298076923076923 0.9771634615384616 0.10576923076923077 0.040865384615384616
0 0.7067307692307693 0.8894230769230769 0.09134615384615384 0.09615384615384616
0 0.71875 0.8125 0.057692307692307696 0.1201923076923077
0 0.6754807692307693 0.8209134615384616 0.09134615384615384 0.09615384615384616
0 0.6153846153846154 0.8185096153846154 0.07692307692307693 0.10096153846153846
0 0.5829326923076923 0.8028846153846154 0.08173076923076923 0.07692307692307693
0 0.5372596153846154 0.9771634615384616 0.1658653846153846 0.040865384615384616
0 0.5649038461538461 0.8942307692307693 0.0673076923076923 0.1201923076923077
0 0.4951923076923077 0.8954326923076923 0.07211538461538461 0.125
0 0.4411057692307692 0.921875 0.0889423076923077 0.15144230769230768
0 0.35336538461538464 0.9579326923076923 0.1201923076923077 0.0625
0 0.36538461538461536 0.8822115384615384 0.1346153846153846 0.0889423076923077