0 0.7632211538461539 0.359375 0.1971153846153846 0.18509615384615385
0 0.8365384615384616 0.5264423076923077 0.18028846153846154 0.18269230769230768
0 0.6610576923076923 0.6298076923076923 0.22596153846153846 0.20673076923076922
0 0.71875 0.47596153846153844 0.11057692307692307 0.09134615384615384
0 0.5673076923076923 0.45072115384615385 0.19230769230769232 0.2283653846153846
0 0.47475961538461536 0.5060096153846154 0.1658653846153846 0.18509615384615385
0 0.4170673076923077 0.3125 0.22596153846153846 0.22115384615384615
0 0.17307692307692307 0.3557692307692308 0.22596153846153846 0.19230769230769232
0 0.3112980769230769 0.5 0.14423076923076922 0.15384615384615385
0 0.35216346153846156 0.6057692307692307 0.20673076923076922 0.20192307692307693
0 0.1935096153846154 0.6766826923076923 0.20192307692307693 0.16346153846153846
0 0.16346153846153846 0.5108173076923077 0.17067307692307693 0.1778846153846154
0 0.06971153846153846 0.5564903846153846 0.13942307692307693 0.22355769230769232