0 0.7716346153846154 0.7716346153846154 0.2091346153846154 0.1346153846153846
0 0.6213942307692307 0.8942307692307693 0.40625 0.20432692307692307
0 0.3449519230769231 0.8786057692307693 0.18028846153846154 0.13701923076923078
0 0.47115384615384615 0.8978365384615384 0.1971153846153846 0.10576923076923077
0 0.5504807692307693 0.6370192307692307 0.7067307692307693 0.34615384615384615
0 0.9014423076923077 0.7379807692307693 0.07211538461538461 0.04567307692307692
0 0.9038461538461539 0.5492788461538461 0.1466346153846154 0.125
0 0.9014423076923077 0.46274038461538464 0.09615384615384616 0.08653846153846154
0 0.828125 0.40024038461538464 0.12980769230769232 0.08173076923076923
0 0.6670673076923077 0.41225961538461536 0.11298076923076923 0.0625
0 0.6778846153846154 0.40625 0.22596153846153846 0.125
0 0.4266826923076923 0.5084134615384616 0.2980769230769231 0.1658653846153846
0 0.21754807692307693 0.7836538461538461 0.09615384615384616 0.07451923076923077
0 0.1778846153846154 0.5528846153846154 0.2644230769230769 0.14903846153846154
0 0.03485576923076923 0.5540865384615384 0.06490384615384616 0.11298076923076923
0 0.08533653846153846 0.45913461538461536 0.03365384615384615 0.08173076923076923
0 0.203125 0.41947115384615385 0.23557692307692307 0.13942307692307693
0 0.44350961538461536 0.35697115384615385 0.2644230769230769 0.17307692307692307
0 0.6129807692307693 0.2980769230769231 0.1201923076923077 0.09615384615384616
0 0.7548076923076923 0.2848557692307692 0.1875 0.13942307692307693
0 0.7596153846153846 0.19591346153846154 0.09615384615384616 0.038461538461538464
0 0.4182692307692308 0.20432692307692307 0.5649038461538461 0.20432692307692307
0 0.22596153846153846 0.3173076923076923 0.1466346153846154 0.07211538461538461
0 0.4579326923076923 0.0985576923076923 0.09134615384615384 0.07211538461538461
0 0.5228365384615384 0.09495192307692307 0.08653846153846154 0.03365384615384615
0 0.3016826923076923 0.13581730769230768 0.1875 0.10096153846153846
0 0.2283653846153846 0.15865384615384615 0.16346153846153846 0.10576923076923077
0 0.1778846153846154 0.18629807692307693 0.17548076923076922 0.10576923076923077
0 0.1466346153846154 0.23557692307692307 0.15865384615384615 0.07692307692307693
0 0.12740384615384615 0.2764423076923077 0.14182692307692307 0.052884615384615384