0 0.18509615384615385 0.6346153846153846 0.3629807692307692 0.5576923076923077
0 0.05048076923076923 0.9050480769230769 0.09134615384615384 0.18028846153846154
0 0.34375 0.9050480769230769 0.38461538461538464 0.18028846153846154
0 0.6105769230769231 0.7271634615384616 0.3557692307692308 0.4639423076923077
0 0.7319711538461539 0.9567307692307693 0.28846153846153844 0.07692307692307693
0 0.8882211538461539 0.7608173076923077 0.21875 0.4495192307692308
0 0.8329326923076923 0.375 0.3293269230769231 0.46153846153846156
0 0.9086538461538461 0.11778846153846154 0.1778846153846154 0.23557692307692307
0 0.6682692307692307 0.12620192307692307 0.30288461538461536 0.25240384615384615
0 0.45552884615384615 0.33533653846153844 0.3942307692307692 0.5144230769230769
0 0.1466346153846154 0.19831730769230768 0.27884615384615385 0.3870192307692308
0 0.359375 0.078125 0.27163461538461536 0.15625