0 0.8930288461538461 0.11298076923076923 0.20192307692307693 0.11057692307692307
0 0.7596153846153846 0.06370192307692307 0.17307692307692307 0.1201923076923077
0 0.6141826923076923 0.056490384615384616 0.18028846153846154 0.10576923076923077
0 0.5432692307692307 0.11057692307692307 0.19230769230769232 0.14903846153846154
0 0.36658653846153844 0.09134615384615384 0.15384615384615385 0.12980769230769232
0 0.16706730769230768 0.08533653846153846 0.21153846153846154 0.1346153846153846
0 0.12620192307692307 0.1658653846153846 0.14182692307692307 0.07692307692307693
0 0.15625 0.24519230769230768 0.23557692307692307 0.14903846153846154
0 0.2764423076923077 0.19951923076923078 0.15865384615384615 0.13942307692307693
0 0.45913461538461536 0.203125 0.1971153846153846 0.12980769230769232
0 0.5901442307692307 0.2512019230769231 0.20673076923076922 0.15865384615384615
0 0.6971153846153846 0.18028846153846154 0.15865384615384615 0.1346153846153846
0 0.8473557692307693 0.19591346153846154 0.1971153846153846 0.14423076923076922
0 0.9639423076923077 0.25841346153846156 0.06009615384615385 0.11057692307692307
0 0.8822115384615384 0.3269230769230769 0.15865384615384615 0.13942307692307693
0 0.9699519230769231 0.3641826923076923 0.04807692307692308 0.125
0 0.890625 0.4639423076923077 0.20673076923076922 0.12740384615384615
0 0.9399038461538461 0.6586538461538461 0.11057692307692307 0.13942307692307693
0 0.953125 0.6021634615384616 0.08173076923076923 0.0673076923076923
0 0.9314903846153846 0.5528846153846154 0.125 0.07211538461538461
0 0.953125 0.78125 0.08173076923076923 0.14423076923076922
0 0.8822115384615384 0.9002403846153846 0.22355769230769232 0.14182692307692307
0 0.6069711538461539 0.9639423076923077 0.2091346153846154 0.0673076923076923
0 0.6502403846153846 0.8786057692307693 0.23076923076923078 0.1346153846153846
0 0.8064903846153846 0.7896634615384616 0.22355769230769232 0.13942307692307693
0 0.6610576923076923 0.7524038461538461 0.17307692307692307 0.125
0 0.5216346153846154 0.7451923076923077 0.21153846153846154 0.14423076923076922
0 0.4206730769230769 0.8401442307692307 0.20673076923076922 0.15384615384615385
0 0.4699519230769231 0.9254807692307693 0.1875 0.11298076923076923
0 0.28966346153846156 0.9002403846153846 0.12980769230769232 0.04807692307692308
0 0.25961538461538464 0.8305288461538461 0.21153846153846154 0.14903846153846154
0 0.3112980769230769 0.7055288461538461 0.1971153846153846 0.12980769230769232
0 0.40384615384615385 0.6911057692307693 0.0985576923076923 0.16826923076923078
0 0.453125 0.5745192307692307 0.08653846153846154 0.06490384615384616
0 0.5709134615384616 0.546875 0.18028846153846154 0.0985576923076923
0 0.49399038461538464 0.6490384615384616 0.15865384615384615 0.0985576923076923
0 0.109375 0.8762019230769231 0.1971153846153846 0.13221153846153846
0 0.08774038461538461 0.7668269230769231 0.17307692307692307 0.11538461538461539
0 0.03125 0.6826923076923077 0.057692307692307696 0.11538461538461539
0 0.046875 0.5540865384615384 0.09134615384615384 0.14182692307692307
0 0.08774038461538461 0.40024038461538464 0.17307692307692307 0.11538461538461539
0 0.03485576923076923 0.3016826923076923 0.06490384615384616 0.11778846153846154
0 0.03125 0.19230769230769232 0.057692307692307696 0.11057692307692307
0 0.28966346153846156 0.31850961538461536 0.1971153846153846 0.10576923076923077
0 0.24879807692307693 0.4266826923076923 0.19230769230769232 0.1201923076923077
0 0.15264423076923078 0.5108173076923077 0.1971153846153846 0.11298076923076923
0 0.2980769230769231 0.5853365384615384 0.20192307692307693 0.10096153846153846
0 0.13942307692307693 0.6442307692307693 0.16826923076923078 0.11538461538461539
0 0.1502403846153846 0.5769230769230769 0.13701923076923078 0.038461538461538464
0 0.43990384615384615 0.41947115384615385 0.18028846153846154 0.1201923076923077
0 0.48677884615384615 0.3269230769230769 0.17307692307692307 0.12980769230769232
0 0.7295673076923077 0.3449519230769231 0.23557692307692307 0.15865384615384615
0 0.7788461538461539 0.5144230769230769 0.20192307692307693 0.1201923076923077
0 0.671875 0.4387019230769231 0.21875 0.1346153846153846
0 0.8221153846153846 0.6310096153846154 0.15865384615384615 0.12740384615384615
0 0.8197115384615384 0.7091346153846154 0.17307692307692307 0.057692307692307696
0 0.6802884615384616 0.6310096153846154 0.21153846153846154 0.14182692307692307
0 0.3629807692307692 0.5132211538461539 0.19230769230769232 0.11057692307692307
0 0.44591346153846156 0.5673076923076923 0.10336538461538461 0.08173076923076923