0 0.8125 0.2536057692307692 0.1346153846153846 0.21394230769230768
0 0.6670673076923077 0.18028846153846154 0.15625 0.25
0 0.4675480769230769 0.15264423076923078 0.18509615384615385 0.21875
0 0.31971153846153844 0.11778846153846154 0.1466346153846154 0.21153846153846154
0 0.11057692307692307 0.1778846153846154 0.21634615384615385 0.17307692307692307
0 0.16346153846153846 0.2764423076923077 0.125 0.15865384615384615
0 0.04927884615384615 0.2800480769230769 0.09375 0.18509615384615385
0 0.11057692307692307 0.06610576923076923 0.11298076923076923 0.1201923076923077
0 0.203125 0.09014423076923077 0.0889423076923077 0.17067307692307693
0 0.1658653846153846 0.39302884615384615 0.11298076923076923 0.0673076923076923
0 0.054086538461538464 0.41225961538461536 0.10336538461538461 0.09134615384615384
0 0.24519230769230768 0.3112980769230769 0.040865384615384616 0.16346153846153846
0 0.14903846153846154 0.49759615384615385 0.13221153846153846 0.14182692307692307
0 0.10697115384615384 0.5600961538461539 0.1201923076923077 0.16826923076923078
0 0.22956730769230768 0.5733173076923077 0.11538461538461539 0.12980769230769232
0 0.23798076923076922 0.6526442307692307 0.12740384615384615 0.125
0 0.33653846153846156 0.5192307692307693 0.14182692307692307 0.16346153846153846
0 0.35216346153846156 0.41225961538461536 0.1466346153846154 0.16826923076923078
0 0.33413461538461536 0.609375 0.06490384615384616 0.038461538461538464
0 0.3894230769230769 0.6502403846153846 0.06490384615384616 0.12980769230769232
0 0.4230769230769231 0.6478365384615384 0.14903846153846154 0.25721153846153844
0 0.5649038461538461 0.5901442307692307 0.1346153846153846 0.0985576923076923
0 0.5288461538461539 0.47596153846153844 0.23076923076923078 0.2956730769230769
0 0.7199519230769231 0.5192307692307693 0.20192307692307693 0.3076923076923077
0 0.6959134615384616 0.765625 0.375 0.35096153846153844