0 0.07572115384615384 0.8377403846153846 0.13942307692307693 0.13942307692307693
0 0.078125 0.9555288461538461 0.14423076923076922 0.08413461538461539
0 0.2439903846153846 0.9326923076923077 0.17307692307692307 0.12980769230769232
0 0.21033653846153846 0.7355769230769231 0.28846153846153844 0.10576923076923077
0 0.2283653846153846 0.8173076923076923 0.15625 0.057692307692307696
0 0.4338942307692308 0.8449519230769231 0.2283653846153846 0.15865384615384615
0 0.6177884615384616 0.9411057692307693 0.17307692307692307 0.11298076923076923
0 0.7103365384615384 0.9591346153846154 0.10817307692307693 0.07692307692307693
0 0.7536057692307693 0.4254807692307692 0.27884615384615385 0.21634615384615385
0 0.5757211538461539 0.5805288461538461 0.2956730769230769 0.11057692307692307
0 0.21634615384615385 0.6069711538461539 0.4230769230769231 0.1778846153846154
0 0.054086538461538464 0.7091346153846154 0.09615384615384616 0.13221153846153846
0 0.057692307692307696 0.45913461538461536 0.10096153846153846 0.09134615384615384
0 0.10576923076923077 0.5036057692307693 0.125 0.06971153846153846
0 0.06009615384615385 0.3641826923076923 0.10817307692307693 0.08173076923076923
0 0.051682692307692304 0.24639423076923078 0.09134615384615384 0.09615384615384616
0 0.042067307692307696 0.29927884615384615 0.07211538461538461 0.04807692307692308
0 0.1658653846153846 0.3701923076923077 0.27163461538461536 0.16346153846153846
0 0.22235576923076922 0.4699519230769231 0.2283653846153846 0.09615384615384616
0 0.40384615384615385 0.49399038461538464 0.16826923076923078 0.09615384615384616
0 0.5877403846153846 0.44711538461538464 0.22115384615384615 0.15384615384615385
0 0.5336538461538461 0.6105769230769231 0.14903846153846154 0.15865384615384615
0 0.5240384615384616 0.7259615384615384 0.27884615384615385 0.2644230769230769
0 0.6838942307692307 0.7956730769230769 0.1971153846153846 0.0985576923076923
0 0.7896634615384616 0.8401442307692307 0.15625 0.09615384615384616
0 0.8100961538461539 0.7536057692307693 0.17307692307692307 0.11538461538461539
0 0.7860576923076923 0.6694711538461539 0.1971153846153846 0.09375
0 0.7536057692307693 0.6153846153846154 0.2283653846153846 0.16346153846153846
0 0.31009615384615385 0.21153846153846154 0.17307692307692307 0.27884615384615385
0 0.14182692307692307 0.1466346153846154 0.14903846153846154 0.11538461538461539
0 0.1502403846153846 0.25240384615384615 0.09615384615384616 0.08173076923076923
0 0.08774038461538461 0.09495192307692307 0.1658653846153846 0.18990384615384615
0 0.5396634615384616 0.18509615384615385 0.23557692307692307 0.0985576923076923
0 0.5276442307692307 0.3112980769230769 0.28365384615384615 0.1346153846153846
0 0.6923076923076923 0.08052884615384616 0.28846153846153844 0.12259615384615384
0 0.7980769230769231 0.3016826923076923 0.1971153846153846 0.1346153846153846
0 0.8389423076923077 0.4735576923076923 0.3173076923076923 0.15384615384615385
0 0.90625 0.6009615384615384 0.13942307692307693 0.16346153846153846
0 0.7680288461538461 0.2091346153846154 0.1875 0.2403846153846154
0 0.3918269230769231 0.06129807692307692 0.4951923076923077 0.12259615384615384
0 0.030048076923076924 0.5757211538461539 0.04807692307692308 0.028846153846153848
0 0.054086538461538464 0.6057692307692307 0.06009615384615385 0.028846153846153848
0 0.07572115384615384 0.6225961538461539 0.0673076923076923 0.028846153846153848
0 0.14783653846153846 0.6430288461538461 0.0673076923076923 0.026442307692307692
0 0.14423076923076922 0.6105769230769231 0.06009615384615385 0.019230769230769232
0 0.07211538461538461 0.5841346153846154 0.09615384615384616 0.038461538461538464
0 0.09975961538461539 0.5564903846153846 0.0673076923076923 0.016826923076923076
0 0.14783653846153846 0.5853365384615384 0.0673076923076923 0.028846153846153848
0 0.19831730769230768 0.5444711538461539 0.07211538461538461 0.019230769230769232
0 0.1622596153846154 0.5709134615384616 0.07211538461538461 0.026442307692307692
0 0.20192307692307693 0.59375 0.07692307692307693 0.026442307692307692
0 0.265625 0.6117788461538461 0.04807692307692308 0.016826923076923076
0 0.20432692307692307 0.625 0.06009615384615385 0.028846153846153848
0 0.2620192307692308 0.6538461538461539 0.07692307692307693 0.03365384615384615
0 0.25600961538461536 0.6826923076923077 0.0673076923076923 0.026442307692307692
0 0.26802884615384615 0.5793269230769231 0.052884615384615384 0.028846153846153848
0 0.28365384615384615 0.5444711538461539 0.04807692307692308 0.03365384615384615
0 0.33413461538461536 0.5793269230769231 0.09134615384615384 0.04326923076923077
0 0.3317307692307692 0.6165865384615384 0.07211538461538461 0.03365384615384615
0 0.36177884615384615 0.6418269230769231 0.07211538461538461 0.028846153846153848
0 0.32211538461538464 0.6682692307692307 0.052884615384615384 0.02403846153846154
0 0.43028846153846156 0.4987980769230769 0.8509615384615384 0.9951923076923077