0 0.12139423076923077 0.3798076923076923 0.0673076923076923 0.10576923076923077
0 0.07091346153846154 0.45552884615384615 0.1346153846153846 0.21394230769230768
0 0.042067307692307696 0.28125 0.07692307692307693 0.125
0 0.43149038461538464 0.2608173076923077 0.17067307692307693 0.1875
0 0.41586538461538464 0.578125 0.10096153846153846 0.42788461538461536
0 0.375 0.5733173076923077 0.16346153846153846 0.375
0 0.24278846153846154 0.40865384615384615 0.20673076923076922 0.0985576923076923
0 0.20673076923076922 0.515625 0.14903846153846154 0.10576923076923077
0 0.15384615384615385 0.5757211538461539 0.1346153846153846 0.13942307692307693
0 0.07211538461538461 0.6225961538461539 0.13701923076923078 0.0985576923076923
0 0.039663461538461536 0.6045673076923077 0.07211538461538461 0.08173076923076923
0 0.1658653846153846 0.7007211538461539 0.15625 0.0889423076923077
0 0.078125 0.7235576923076923 0.057692307692307696 0.04326923076923077
0 0.1346153846153846 0.859375 0.21634615384615385 0.23076923076923078
0 0.20673076923076922 0.8954326923076923 0.15625 0.20673076923076922
0 0.28125 0.8413461538461539 0.0985576923076923 0.11057692307692307
0 0.2644230769230769 0.7524038461538461 0.07211538461538461 0.0889423076923077
0 0.25240384615384615 0.6225961538461539 0.08653846153846154 0.18269230769230768
0 0.05048076923076923 0.8653846153846154 0.09615384615384616 0.2644230769230769
0 0.515625 0.5697115384615384 0.11057692307692307 0.4519230769230769
0 0.5661057692307693 0.59375 0.16826923076923078 0.44711538461538464
0 0.46033653846153844 0.8052884615384616 0.18269230769230768 0.20192307692307693
0 0.3762019230769231 0.8521634615384616 0.0673076923076923 0.1201923076923077
0 0.47475961538461536 0.921875 0.10576923076923077 0.11538461538461539
0 0.36658653846153844 0.9399038461538461 0.08653846153846154 0.0673076923076923
0 0.7475961538461539 0.45072115384615385 0.16346153846153846 0.0889423076923077
0 0.8040865384615384 0.4266826923076923 0.06490384615384616 0.1971153846153846
0 0.9086538461538461 0.45552884615384615 0.10576923076923077 0.2644230769230769
0 0.9314903846153846 0.3233173076923077 0.09134615384615384 0.125
0 0.9435096153846154 0.234375 0.10817307692307693 0.17067307692307693
0 0.8173076923076923 0.28125 0.0985576923076923 0.15625
0 0.7091346153846154 0.27403846153846156 0.20192307692307693 0.0889423076923077
0 0.6298076923076923 0.23677884615384615 0.09615384615384616 0.0673076923076923
0 0.6430288461538461 0.8569711538461539 0.16826923076923078 0.24519230769230768
0 0.7067307692307693 0.9146634615384616 0.13942307692307693 0.1658653846153846
0 0.7716346153846154 0.9266826923076923 0.0625 0.11538461538461539
0 0.6802884615384616 0.7572115384615384 0.25 0.2548076923076923
0 0.8233173076923077 0.6766826923076923 0.09615384615384616 0.15625
0 0.8004807692307693 0.8016826923076923 0.09615384615384616 0.07211538461538461
0 0.8425480769230769 0.8774038461538461 0.07211538461538461 0.0985576923076923
0 0.8882211538461539 0.8882211538461539 0.057692307692307696 0.057692307692307696
0 0.8918269230769231 0.7884615384615384 0.11057692307692307 0.13942307692307693
0 0.9338942307692307 0.6670673076923077 0.12740384615384615 0.19951923076923078
0 0.9723557692307693 0.9723557692307693 0.05048076923076923 0.05048076923076923
0 0.9495192307692307 0.8569711538461539 0.09615384615384616 0.18509615384615385
0 0.17548076923076922 0.22956730769230768 0.34134615384615385 0.25961538461538464
0 0.421875 0.15144230769230768 0.34134615384615385 0.09375
0 0.5973557692307693 0.23197115384615385 0.15384615384615385 0.2644230769230769
0 0.7283653846153846 0.21634615384615385 0.3918269230769231 0.23557692307692307
0 0.5 0.5504807692307693 0.9951923076923077 0.8942307692307693