0 0.7139423076923077 0.9290865384615384 0.14903846153846154 0.09615384615384616
0 0.78125 0.9747596153846154 0.12980769230769232 0.04326923076923077
0 0.6959134615384616 0.7007211538461539 0.1346153846153846 0.08173076923076923
0 0.6935096153846154 0.5901442307692307 0.22115384615384615 0.1466346153846154
0 0.5132211538461539 0.6213942307692307 0.20192307692307693 0.15384615384615385
0 0.5649038461538461 0.4963942307692308 0.19230769230769232 0.14903846153846154
0 0.4026442307692308 0.47836538461538464 0.1346153846153846 0.125
0 0.46875 0.3786057692307692 0.22596153846153846 0.12980769230769232
0 0.6574519230769231 0.33052884615384615 0.17067307692307693 0.1201923076923077
0 0.765625 0.39783653846153844 0.19230769230769232 0.1466346153846154
0 0.8557692307692307 0.5036057692307693 0.15384615384615385 0.14903846153846154
0 0.9326923076923077 0.6057692307692307 0.125 0.27163461538461536
0 0.8689903846153846 0.7331730769230769 0.25240384615384615 0.30288461538461536
0 0.7860576923076923 0.8629807692307693 0.4182692307692308 0.2668269230769231
0 0.6009615384615384 0.8497596153846154 0.36538461538461536 0.2932692307692308
0 0.453125 0.7956730769230769 0.4326923076923077 0.4014423076923077
0 0.20673076923076922 0.8088942307692307 0.20673076923076922 0.15144230769230768
0 0.2548076923076923 0.9338942307692307 0.18028846153846154 0.125
0 0.08653846153846154 0.9302884615384616 0.16826923076923078 0.1346153846153846
0 0.019230769230769232 0.8653846153846154 0.03365384615384615 0.07211538461538461
0 0.6983173076923077 0.1346153846153846 0.15865384615384615 0.10817307692307693
0 0.71875 0.1875 0.07692307692307693 0.08173076923076923
0 0.75 0.046875 0.20192307692307693 0.09134615384615384
0 0.8425480769230769 0.09014423076923077 0.09615384615384616 0.11057692307692307
0 0.7475961538461539 0.30649038461538464 0.4951923076923077 0.35096153846153844
0 0.47115384615384615 0.203125 0.19230769230769232 0.22115384615384615
0 0.3425480769230769 0.3918269230769231 0.08653846153846154 0.1346153846153846
0 0.2247596153846154 0.3629807692307692 0.23076923076923078 0.2932692307692308
0 0.19951923076923078 0.5865384615384616 0.3942307692307692 0.4951923076923077
0 0.12620192307692307 0.1875 0.17067307692307693 0.09615384615384616
0 0.265625 0.24759615384615385 0.14903846153846154 0.125
0 0.35096153846153844 0.16826923076923078 0.10336538461538461 0.10576923076923077
0 0.5829326923076923 0.03485576923076923 0.1346153846153846 0.06971153846153846
0 0.5745192307692307 0.09615384615384616 0.17067307692307693 0.06971153846153846
0 0.44350961538461536 0.056490384615384616 0.16346153846153846 0.11057692307692307
0 0.35336538461538464 0.1622596153846154 0.12980769230769232 0.10817307692307693
0 0.296875 0.051682692307692304 0.10817307692307693 0.07211538461538461
0 0.27283653846153844 0.1346153846153846 0.17548076923076922 0.11538461538461539
0 0.07572115384615384 0.1502403846153846 0.1466346153846154 0.12740384615384615
0 0.037259615384615384 0.2620192307692308 0.06971153846153846 0.17307692307692307
0 0.11538461538461539 0.2956730769230769 0.1201923076923077 0.12740384615384615
0 0.5012019230769231 0.4987980769230769 0.9975961538461539 0.9975961538461539