0 0.5504807692307693 0.4230769230769231 0.27884615384615385 0.25721153846153844
0 0.7548076923076923 0.5685096153846154 0.14182692307692307 0.1201923076923077
0 0.7800480769230769 0.546875 0.20673076923076922 0.16346153846153846
0 0.7415865384615384 0.5841346153846154 0.13942307692307693 0.08653846153846154
0 0.71875 0.6141826923076923 0.0673076923076923 0.04807692307692308
0 0.8088942307692307 0.6802884615384616 0.22115384615384615 0.11538461538461539
0 0.7704326923076923 0.7235576923076923 0.18269230769230768 0.13701923076923078
0 0.7103365384615384 0.765625 0.1778846153846154 0.1201923076923077
0 0.7487980769230769 0.8858173076923077 0.11538461538461539 0.15384615384615385
0 0.6358173076923077 0.7872596153846154 0.13942307692307693 0.12980769230769232
0 0.6165865384615384 0.7127403846153846 0.14903846153846154 0.06009615384615385
0 0.6177884615384616 0.65625 0.06490384615384616 0.052884615384615384
0 0.6274038461538461 0.5661057692307693 0.16346153846153846 0.22355769230769232
0 0.6358173076923077 0.5192307692307693 0.09615384615384616 0.08653846153846154
0 0.5817307692307693 0.4266826923076923 0.20192307692307693 0.14182692307692307
0 0.5733173076923077 0.5841346153846154 0.10576923076923077 0.12980769230769232
0 0.5769230769230769 0.6634615384615384 0.052884615384615384 0.11538461538461539
0 0.5216346153846154 0.6201923076923077 0.0673076923076923 0.15865384615384615
0 0.5132211538461539 0.6670673076923077 0.057692307692307696 0.07692307692307693
0 0.5036057692307693 0.7103365384615384 0.10576923076923077 0.1201923076923077
0 0.4651442307692308 0.6742788461538461 0.18269230769230768 0.125
0 0.44711538461538464 0.6141826923076923 0.09615384615384616 0.10336538461538461
0 0.41225961538461536 0.46153846153846156 0.038461538461538464 0.06009615384615385
0 0.4387019230769231 0.4831730769230769 0.08413461538461539 0.23557692307692307
0 0.4543269230769231 0.390625 0.09615384615384616 0.08173076923076923
0 0.45072115384615385 0.328125 0.11057692307692307 0.08653846153846154
0 0.5637019230769231 0.4098557692307692 0.15384615384615385 0.0985576923076923
0 0.3329326923076923 0.24639423076923078 0.20673076923076922 0.11057692307692307
0 0.29086538461538464 0.2620192307692308 0.21875 0.0985576923076923
0 0.2932692307692308 0.18269230769230768 0.08413461538461539 0.07211538461538461
0 0.3269230769230769 0.32211538461538464 0.04326923076923077 0.052884615384615384
0 0.25600961538461536 0.5685096153846154 0.10576923076923077 0.07692307692307693