0 0.28125 0.8461538461538461 0.5576923076923077 0.30288461538461536
0 0.09375 0.6454326923076923 0.1875 0.18269230769230768
0 0.09735576923076923 0.4831730769230769 0.18990384615384615 0.13942307692307693
0 0.11778846153846154 0.3329326923076923 0.23076923076923078 0.16105769230769232
0 0.09134615384615384 0.13701923076923078 0.1778846153846154 0.2692307692307692
0 0.23677884615384615 0.16706730769230768 0.20192307692307693 0.1778846153846154
0 0.27403846153846156 0.040865384615384616 0.24278846153846154 0.07211538461538461
0 0.2932692307692308 0.41346153846153844 0.20192307692307693 0.0985576923076923
0 0.24278846153846154 0.2704326923076923 0.04567307692307692 0.03365384615384615
0 0.36778846153846156 0.6382211538461539 0.22596153846153846 0.13942307692307693
0 0.26322115384615385 0.5769230769230769 0.1875 0.2283653846153846
0 0.4375 0.19951923076923078 0.2091346153846154 0.14903846153846154
0 0.4182692307692308 0.06971153846153846 0.16826923076923078 0.1346153846153846
0 0.5024038461538461 0.052884615384615384 0.19230769230769232 0.0985576923076923
0 0.47475961538461536 0.32572115384615385 0.20192307692307693 0.1346153846153846
0 0.3112980769230769 0.30649038461538464 0.1346153846153846 0.16346153846153846
0 0.6622596153846154 0.9735576923076923 0.18028846153846154 0.04807692307692308
0 0.796875 0.9807692307692307 0.13701923076923078 0.03365384615384615
0 0.9411057692307693 0.9194711538461539 0.10817307692307693 0.15625
0 0.7548076923076923 0.8353365384615384 0.41346153846153844 0.24519230769230768
0 0.8954326923076923 0.7019230769230769 0.1971153846153846 0.12740384615384615
0 0.7091346153846154 0.6538461538461539 0.23076923076923078 0.13701923076923078
0 0.8052884615384616 0.6033653846153846 0.09615384615384616 0.057692307692307696
0 0.9206730769230769 0.5600961538461539 0.1466346153846154 0.17307692307692307
0 0.8617788461538461 0.3389423076923077 0.2644230769230769 0.27884615384615385
0 0.7884615384615384 0.17067307692307693 0.24278846153846154 0.17307692307692307
0 0.8137019230769231 0.042067307692307696 0.22596153846153846 0.07692307692307693
0 0.9375 0.10336538461538461 0.11298076923076923 0.19951923076923078
0 0.6274038461538461 0.1141826923076923 0.15865384615384615 0.12980769230769232
0 0.6442307692307693 0.030048076923076924 0.1466346153846154 0.052884615384615384
0 0.6069711538461539 0.23557692307692307 0.12980769230769232 0.125
0 0.703125 0.2860576923076923 0.09615384615384616 0.11538461538461539
0 0.8197115384615384 0.5144230769230769 0.22596153846153846 0.12980769230769232
0 0.4182692307692308 0.49158653846153844 0.09134615384615384 0.04807692307692308
0 0.4266826923076923 0.4362980769230769 0.08653846153846154 0.038461538461538464
0 0.36778846153846156 0.484375 0.03365384615384615 0.028846153846153848
0 0.3870192307692308 0.4387019230769231 0.016826923076923076 0.028846153846153848
0 0.4098557692307692 0.5264423076923077 0.08653846153846154 0.04326923076923077
0 0.46274038461538464 0.5564903846153846 0.0673076923076923 0.052884615384615384
0 0.5060096153846154 0.5180288461538461 0.09615384615384616 0.0673076923076923
0 0.5060096153846154 0.46634615384615385 0.08653846153846154 0.057692307692307696
0 0.5108173076923077 0.41346153846153844 0.07211538461538461 0.04326923076923077
0 0.4543269230769231 0.41346153846153844 0.0625 0.04807692307692308
0 0.5625 0.5600961538461539 0.10576923076923077 0.06009615384615385
0 0.5540865384615384 0.671875 0.20192307692307693 0.17307692307692307
0 0.5793269230769231 0.4963942307692308 0.09615384615384616 0.052884615384615384
0 0.5817307692307693 0.4362980769230769 0.10096153846153846 0.06009615384615385
0 0.5853365384615384 0.38822115384615385 0.09615384615384616 0.038461538461538464
0 0.5564903846153846 0.359375 0.09615384615384616 0.04567307692307692
0 0.6502403846153846 0.3473557692307692 0.10096153846153846 0.07692307692307693
0 0.6586538461538461 0.41947115384615385 0.07211538461538461 0.0673076923076923
0 0.7259615384615384 0.38100961538461536 0.0625 0.052884615384615384
0 0.7367788461538461 0.4423076923076923 0.10576923076923077 0.06971153846153846
0 0.6694711538461539 0.4807692307692308 0.09615384615384616 0.0625
0 0.6502403846153846 0.5384615384615384 0.11298076923076923 0.08653846153846154
0 0.5564903846153846 0.5661057692307693 0.10576923076923077 0.07211538461538461
0 0.49759615384615385 0.5012019230769231 0.9951923076923077 0.9951923076923077