0 0.3894230769230769 0.20192307692307693 0.5528846153846154 0.3173076923076923
0 0.30408653846153844 0.042067307692307696 0.3557692307692308 0.07692307692307693
0 0.5060096153846154 0.07692307692307693 0.2980769230769231 0.1466346153846154
0 0.7920673076923077 0.06490384615384616 0.3942307692307692 0.125
0 0.875 0.11658653846153846 0.22596153846153846 0.15865384615384615
0 0.7175480769230769 0.24879807692307693 0.375 0.25
0 0.6490384615384616 0.3894230769230769 0.2620192307692308 0.08653846153846154
0 0.5600961538461539 0.5 0.4182692307692308 0.24519230769230768
0 0.5144230769230769 0.6346153846153846 0.3389423076923077 0.16346153846153846
0 0.18990384615384615 0.8329326923076923 0.3701923076923077 0.3317307692307692
0 0.09254807692307693 0.6394230769230769 0.17307692307692307 0.0673076923076923
0 0.1875 0.34375 0.3629807692307692 0.3076923076923077
0 0.38341346153846156 0.4230769230769231 0.125 0.11298076923076923
0 0.8701923076923077 0.4074519230769231 0.2548076923076923 0.18028846153846154
0 0.9362980769230769 0.21995192307692307 0.12259615384615384 0.19951923076923078
0 0.84375 0.5709134615384616 0.3076923076923077 0.21875
0 0.9459134615384616 0.6153846153846154 0.10576923076923077 0.18269230769230768
0 0.7980769230769231 0.7331730769230769 0.20192307692307693 0.11298076923076923
0 0.9002403846153846 0.8137019230769231 0.19471153846153846 0.2283653846153846
0 0.4675480769230769 0.8846153846153846 0.18509615384615385 0.09134615384615384
0 0.4074519230769231 0.9194711538461539 0.2548076923076923 0.15865384615384615