0 0.6490384615384616 0.23798076923076922 0.3076923076923077 0.28365384615384615
0 0.4098557692307692 0.19471153846153846 0.20192307692307693 0.1201923076923077
0 0.49759615384615385 0.3317307692307692 0.13942307692307693 0.12980769230769232
0 0.5540865384615384 0.46153846153846156 0.20192307692307693 0.23557692307692307
0 0.6730769230769231 0.5576923076923077 0.1201923076923077 0.09615384615384616
0 0.6935096153846154 0.6394230769230769 0.27403846153846156 0.22115384615384615
0 0.8449519230769231 0.5709134615384616 0.10336538461538461 0.07692307692307693
0 0.8870192307692307 0.4879807692307692 0.08173076923076923 0.14423076923076922
0 0.9230769230769231 0.6117788461538461 0.07211538461538461 0.08173076923076923
0 0.8942307692307693 0.7103365384615384 0.18028846153846154 0.15384615384615385
0 0.8689903846153846 0.7199519230769231 0.14903846153846154 0.1201923076923077
0 0.8088942307692307 0.7860576923076923 0.14423076923076922 0.11298076923076923
0 0.8629807692307693 0.8665865384615384 0.08653846153846154 0.07211538461538461
0 0.8209134615384616 0.9314903846153846 0.15144230769230768 0.13221153846153846
0 0.7367788461538461 0.8990384615384616 0.15384615384615385 0.13221153846153846
0 0.6983173076923077 0.7896634615384616 0.10817307692307693 0.10576923076923077
0 0.5564903846153846 0.8149038461538461 0.24759615384615385 0.21634615384615385
0 0.484375 0.8028846153846154 0.22596153846153846 0.16826923076923078
0 0.5685096153846154 0.9555288461538461 0.31971153846153844 0.08413461538461539
0 0.44711538461538464 0.9362980769230769 0.22115384615384615 0.12259615384615384
0 0.29927884615384615 0.8605769230769231 0.21634615384615385 0.1466346153846154
0 0.1935096153846154 0.8185096153846154 0.12980769230769232 0.09375
0 0.26322115384615385 0.9615384615384616 0.21875 0.07211538461538461
0 0.23677884615384615 0.7067307692307693 0.3076923076923077 0.16346153846153846
0 0.23918269230769232 0.5516826923076923 0.25240384615384615 0.19230769230769232
0 0.43028846153846156 0.6911057692307693 0.1201923076923077 0.07692307692307693
0 0.5180288461538461 0.6682692307692307 0.09615384615384616 0.06971153846153846
0 0.5 0.6177884615384616 0.08173076923076923 0.06971153846153846
0 0.47716346153846156 0.5348557692307693 0.08653846153846154 0.0889423076923077
0 0.44350961538461536 0.44350961538461536 0.09134615384615384 0.10096153846153846
0 0.32211538461538464 0.33413461538461536 0.12980769230769232 0.09615384615384616
0 0.3737980769230769 0.2620192307692308 0.15865384615384615 0.08653846153846154
0 0.25 0.3605769230769231 0.10817307692307693 0.0889423076923077
0 0.22716346153846154 0.42908653846153844 0.09134615384615384 0.06971153846153846
0 0.33774038461538464 0.42908653846153844 0.12980769230769232 0.09134615384615384
0 0.4050480769230769 0.5216346153846154 0.10817307692307693 0.10096153846153846
0 0.4026442307692308 0.6201923076923077 0.11298076923076923 0.0889423076923077
0 0.6129807692307693 0.6117788461538461 0.1346153846153846 0.09615384615384616
0 0.75 0.4387019230769231 0.25240384615384615 0.22115384615384615