0 0.18870192307692307 0.27884615384615385 0.04807692307692308 0.0625
0 0.171875 0.21875 0.057692307692307696 0.057692307692307696
0 0.21634615384615385 0.1935096153846154 0.04807692307692308 0.0673076923076923
0 0.22235576923076922 0.25240384615384615 0.026442307692307692 0.040865384615384616
0 0.2512019230769231 0.2548076923076923 0.038461538461538464 0.057692307692307696
0 0.2620192307692308 0.18509615384615385 0.04807692307692308 0.08173076923076923
0 0.30528846153846156 0.19831730769230768 0.04807692307692308 0.057692307692307696
0 0.2920673076923077 0.25721153846153844 0.05048076923076923 0.0625
0 0.2776442307692308 0.3112980769230769 0.03125 0.04807692307692308
0 0.32091346153846156 0.3112980769230769 0.04807692307692308 0.057692307692307696
0 0.34975961538461536 0.3449519230769231 0.04326923076923077 0.040865384615384616
0 0.35697115384615385 0.29927884615384615 0.026442307692307692 0.040865384615384616
0 0.36538461538461536 0.3918269230769231 0.04326923076923077 0.040865384615384616
0 0.38461538461538464 0.3449519230769231 0.03365384615384615 0.052884615384615384
0 0.4110576923076923 0.38100961538461536 0.03365384615384615 0.03125
0 0.4266826923076923 0.4098557692307692 0.03365384615384615 0.02403846153846154
0 0.44350961538461536 0.3713942307692308 0.04807692307692308 0.040865384615384616
0 0.41466346153846156 0.3449519230769231 0.03365384615384615 0.019230769230769232
0 0.46274038461538464 0.4026442307692308 0.038461538461538464 0.040865384615384616
0 0.49038461538461536 0.4170673076923077 0.038461538461538464 0.03125
0 0.5192307692307693 0.4326923076923077 0.04326923076923077 0.03125
0 0.5192307692307693 0.46634615384615385 0.026442307692307692 0.036057692307692304
0 0.5612980769230769 0.46875 0.05048076923076923 0.040865384615384616
0 0.6502403846153846 0.23197115384615385 0.0673076923076923 0.11298076923076923
0 0.6971153846153846 0.5408653846153846 0.03365384615384615 0.03125
0 0.7007211538461539 0.5072115384615384 0.03365384615384615 0.02403846153846154
0 0.6658653846153846 0.4891826923076923 0.05048076923076923 0.052884615384615384
0 0.6502403846153846 0.5336538461538461 0.03365384615384615 0.02403846153846154
0 0.7379807692307693 0.515625 0.04807692307692308 0.0625
0 0.3918269230769231 0.23918269230769232 0.1346153846153846 0.14903846153846154
0 0.3942307692307692 0.10817307692307693 0.12980769230769232 0.14423076923076922
0 0.5516826923076923 0.056490384615384616 0.16346153846153846 0.10336538461538461
0 0.5096153846153846 0.1778846153846154 0.1778846153846154 0.17067307692307693
0 0.6502403846153846 0.10096153846153846 0.11057692307692307 0.12980769230769232
0 0.5889423076923077 0.3629807692307692 0.09615384615384616 0.15865384615384615
0 0.6646634615384616 0.36899038461538464 0.12980769230769232 0.15865384615384615
0 0.7584134615384616 0.3329326923076923 0.0673076923076923 0.07692307692307693
0 0.7427884615384616 0.234375 0.11057692307692307 0.09615384615384616
0 0.7127403846153846 0.18509615384615385 0.057692307692307696 0.040865384615384616
0 0.28365384615384615 0.44350961538461536 0.057692307692307696 0.040865384615384616
0 0.22235576923076922 0.4170673076923077 0.0673076923076923 0.040865384615384616
0 0.34615384615384615 0.4567307692307692 0.05048076923076923 0.02403846153846154
0 0.30288461538461536 0.4206730769230769 0.07211538461538461 0.02403846153846154
0 0.2668269230769231 0.3762019230769231 0.03125 0.052884615384615384
0 0.1466346153846154 0.39663461538461536 0.052884615384615384 0.08173076923076923
0 0.06370192307692307 0.3629807692307692 0.1201923076923077 0.0673076923076923
0 0.06370192307692307 0.31490384615384615 0.1201923076923077 0.019230769230769232
0 0.09495192307692307 0.296875 0.1201923076923077 0.14903846153846154
0 0.20072115384615385 0.35096153846153844 0.08653846153846154 0.08173076923076923
0 0.23798076923076922 0.3329326923076923 0.05048076923076923 0.10817307692307693
0 0.8112980769230769 0.30649038461538464 0.052884615384615384 0.10817307692307693
0 0.7644230769230769 0.4074519230769231 0.06971153846153846 0.08173076923076923
0 0.7127403846153846 0.44591346153846156 0.0673076923076923 0.04807692307692308
0 0.8473557692307693 0.39663461538461536 0.09615384615384616 0.09134615384615384
0 0.7992788461538461 0.4639423076923077 0.06971153846153846 0.040865384615384616
0 0.7644230769230769 0.4387019230769231 0.0625 0.08173076923076923
0 0.4519230769230769 0.46875 0.0625 0.0625
0 0.4483173076923077 0.4411057692307692 0.0625 0.036057692307692304
0 0.4074519230769231 0.5132211538461539 0.0889423076923077 0.08653846153846154
0 0.3942307692307692 0.47716346153846156 0.052884615384615384 0.036057692307692304
0 0.3894230769230769 0.4483173076923077 0.03125 0.040865384615384616
0 0.47475961538461536 0.5132211538461539 0.07692307692307693 0.036057692307692304
0 0.34375 0.5072115384615384 0.04807692307692308 0.057692307692307696
0 0.31850961538461536 0.5048076923076923 0.04326923076923077 0.040865384615384616
0 0.2668269230769231 0.5 0.03125 0.03125
0 0.2548076923076923 0.49278846153846156 0.038461538461538464 0.04807692307692308
0 0.23918269230769232 0.4795673076923077 0.038461538461538464 0.052884615384615384
0 0.2127403846153846 0.4795673076923077 0.03125 0.040865384615384616
0 0.18389423076923078 0.47475961538461536 0.026442307692307692 0.03125
0 0.20072115384615385 0.44350961538461536 0.10096153846153846 0.03125
0 0.09495192307692307 0.49278846153846156 0.05048076923076923 0.10817307692307693
0 0.0733173076923077 0.4639423076923077 0.04807692307692308 0.052884615384615384
0 0.0889423076923077 0.5588942307692307 0.0625 0.04807692307692308
0 0.038461538461538464 0.5925480769230769 0.06971153846153846 0.052884615384615384
0 0.028846153846153848 0.6213942307692307 0.04326923076923077 0.036057692307692304
0 0.03245192307692308 0.49278846153846156 0.057692307692307696 0.1201923076923077
0 0.7704326923076923 0.5721153846153846 0.0889423076923077 0.11298076923076923
0 0.6983173076923077 0.6081730769230769 0.09134615384615384 0.10336538461538461
0 0.9399038461538461 0.41466346153846156 0.057692307692307696 0.04807692307692308
0 0.9074519230769231 0.46153846153846156 0.02403846153846154 0.014423076923076924
0 0.9591346153846154 0.47716346153846156 0.019230769230769232 0.014423076923076924
0 0.9735576923076923 0.44591346153846156 0.038461538461538464 0.036057692307692304
0 0.8064903846153846 0.53125 0.038461538461538464 0.040865384615384616
0 0.8401442307692307 0.5288461538461539 0.026442307692307692 0.036057692307692304
0 0.8461538461538461 0.5649038461538461 0.0625 0.036057692307692304
0 0.8762019230769231 0.5384615384615384 0.03125 0.036057692307692304
0 0.8786057692307693 0.5024038461538461 0.019230769230769232 0.036057692307692304
0 0.8942307692307693 0.5072115384615384 0.026442307692307692 0.02403846153846154
0 0.8413461538461539 0.49759615384615385 0.038461538461538464 0.014423076923076924
0 0.953125 0.546875 0.038461538461538464 0.03125
0 0.9290865384615384 0.5384615384615384 0.04326923076923077 0.036057692307692304
0 0.9627403846153846 0.5697115384615384 0.03365384615384615 0.02403846153846154
0 0.9459134615384616 0.5949519230769231 0.038461538461538464 0.036057692307692304
0 0.9170673076923077 0.5793269230769231 0.04326923076923077 0.04807692307692308
0 0.8605769230769231 0.5853365384615384 0.09134615384615384 0.036057692307692304
0 0.9831730769230769 0.5444711538461539 0.028846153846153848 0.06971153846153846
0 0.796875 0.6802884615384616 0.026442307692307692 0.03125
0 0.8245192307692307 0.6706730769230769 0.019230769230769232 0.052884615384615384
0 0.84375 0.6370192307692307 0.03365384615384615 0.057692307692307696
0 0.8798076923076923 0.6262019230769231 0.038461538461538464 0.04807692307692308
0 0.8882211538461539 0.6598557692307693 0.0625 0.052884615384615384
0 0.9266826923076923 0.6802884615384616 0.10096153846153846 0.07211538461538461
0 0.9867788461538461 0.6442307692307693 0.021634615384615384 0.04326923076923077
0 0.1778846153846154 0.53125 0.038461538461538464 0.052884615384615384
0 0.14903846153846154 0.5024038461538461 0.026442307692307692 0.04807692307692308
0 0.21634615384615385 0.5204326923076923 0.038461538461538464 0.03125
0 0.21634615384615385 0.5588942307692307 0.03125 0.036057692307692304
0 0.17548076923076922 0.5697115384615384 0.04326923076923077 0.02403846153846154
0 0.13701923076923078 0.5252403846153846 0.04326923076923077 0.0625
0 0.24759615384615385 0.5204326923076923 0.03125 0.03125
0 0.2824519230769231 0.5288461538461539 0.03125 0.04807692307692308
0 0.25841346153846156 0.5492788461538461 0.038461538461538464 0.036057692307692304
0 0.26802884615384615 0.5853365384615384 0.026442307692307692 0.02403846153846154
0 0.24519230769230768 0.5769230769230769 0.019230769230769232 0.019230769230769232
0 0.23557692307692307 0.5877403846153846 0.03125 0.03125
0 0.21754807692307693 0.6129807692307693 0.03365384615384615 0.03125
0 0.20673076923076922 0.5853365384615384 0.019230769230769232 0.02403846153846154
0 0.18389423076923078 0.6105769230769231 0.026442307692307692 0.057692307692307696
0 0.15985576923076922 0.6057692307692307 0.026442307692307692 0.04807692307692308
0 0.1310096153846154 0.5829326923076923 0.038461538461538464 0.0625
0 0.05048076923076923 0.6490384615384616 0.0625 0.03125
0 0.040865384615384616 0.6887019230769231 0.04326923076923077 0.036057692307692304
0 0.04447115384615385 0.7319711538461539 0.04326923076923077 0.03125
0 0.07932692307692307 0.6935096153846154 0.03365384615384615 0.02403846153846154
0 0.09615384615384616 0.6598557692307693 0.02403846153846154 0.03125
0 0.14423076923076922 0.6574519230769231 0.03365384615384615 0.036057692307692304
0 0.17908653846153846 0.6466346153846154 0.03365384615384615 0.014423076923076924
0 0.2127403846153846 0.6442307692307693 0.03125 0.03125
0 0.47115384615384615 0.5612980769230769 0.08653846153846154 0.0625
0 0.5168269230769231 0.5336538461538461 0.04807692307692308 0.07692307692307693
0 0.5480769230769231 0.5108173076923077 0.07692307692307693 0.040865384615384616
0 0.6298076923076923 0.5072115384615384 0.03125 0.04807692307692308
0 0.6009615384615384 0.49278846153846156 0.019230769230769232 0.014423076923076924
0 0.6021634615384616 0.5408653846153846 0.06971153846153846 0.0625
0 0.5661057692307693 0.5612980769230769 0.05048076923076923 0.0625
0 0.5372596153846154 0.5949519230769231 0.06971153846153846 0.04807692307692308
0 0.7920673076923077 0.6418269230769231 0.03125 0.036057692307692304
0 0.7608173076923077 0.6526442307692307 0.03125 0.04807692307692308
0 0.7415865384615384 0.6826923076923077 0.03125 0.04807692307692308
0 0.7127403846153846 0.6826923076923077 0.026442307692307692 0.04807692307692308
0 0.6850961538461539 0.6935096153846154 0.03365384615384615 0.04807692307692308
0 0.6658653846153846 0.703125 0.026442307692307692 0.057692307692307696
0 0.625 0.7007211538461539 0.014423076923076924 0.052884615384615384
0 0.6237980769230769 0.7451923076923077 0.01201923076923077 0.014423076923076924
0 0.5985576923076923 0.7163461538461539 0.04807692307692308 0.0625
0 0.7451923076923077 0.7211538461538461 0.06971153846153846 0.08173076923076923
0 0.7992788461538461 0.734375 0.03125 0.04807692307692308
0 0.46274038461538464 0.8221153846153846 0.10817307692307693 0.12980769230769232
0 0.2668269230769231 0.7992788461538461 0.07692307692307693 0.08173076923076923
0 0.27163461538461536 0.7427884615384616 0.0889423076923077 0.07211538461538461
0 0.31490384615384615 0.703125 0.07211538461538461 0.0673076923076923
0 0.23798076923076922 0.6850961538461539 0.019230769230769232 0.03125
0 0.2127403846153846 0.6850961538461539 0.02403846153846154 0.040865384615384616
0 0.18389423076923078 0.6911057692307693 0.03365384615384615 0.03125
0 0.2512019230769231 0.6622596153846154 0.038461538461538464 0.014423076923076924
0 0.20673076923076922 0.7271634615384616 0.03365384615384615 0.040865384615384616
0 0.16947115384615385 0.7295673076923077 0.038461538461538464 0.036057692307692304
0 0.15384615384615385 0.7680288461538461 0.038461538461538464 0.040865384615384616
0 0.3954326923076923 0.6129807692307693 0.0673076923076923 0.11298076923076923
0 0.33052884615384615 0.5769230769230769 0.09615384615384616 0.09134615384615384
0 0.33413461538461536 0.6418269230769231 0.11057692307692307 0.04807692307692308
0 0.2548076923076923 0.6346153846153846 0.052884615384615384 0.07211538461538461
0 0.6105769230769231 0.5973557692307693 0.038461538461538464 0.040865384615384616
0 0.5661057692307693 0.6418269230769231 0.057692307692307696 0.04807692307692308
0 0.5516826923076923 0.6935096153846154 0.02403846153846154 0.057692307692307696
0 0.5252403846153846 0.6826923076923077 0.02403846153846154 0.036057692307692304
0 0.5024038461538461 0.6490384615384616 0.038461538461538464 0.0625
0 0.47475961538461536 0.6959134615384616 0.02403846153846154 0.019230769230769232
0 0.4483173076923077 0.6911057692307693 0.03125 0.03125
0 0.42427884615384615 0.6802884615384616 0.02403846153846154 0.040865384615384616
0 0.47115384615384615 0.6670673076923077 0.014423076923076924 0.014423076923076924
0 0.4651442307692308 0.6418269230769231 0.026442307692307692 0.02403846153846154
0 0.44350961538461536 0.6526442307692307 0.03125 0.036057692307692304
0 0.5024038461538461 0.7427884615384616 0.03125 0.040865384615384616
0 0.47716346153846156 0.7524038461538461 0.019230769230769232 0.03125
0 0.45552884615384615 0.7704326923076923 0.02403846153846154 0.02403846153846154
0 0.44350961538461536 0.7524038461538461 0.03125 0.040865384615384616
0 0.47115384615384615 0.7247596153846154 0.038461538461538464 0.036057692307692304
0 0.37259615384615385 0.7608173076923077 0.08173076923076923 0.08653846153846154
0 0.5793269230769231 0.7836538461538461 0.10817307692307693 0.07211538461538461
0 0.6838942307692307 0.7884615384615384 0.052884615384615384 0.07211538461538461
0 0.9807692307692307 0.30528846153846156 0.03365384615384615 0.0673076923076923
2 0.7487980769230769 0.8894230769230769 0.014423076923076924 0.07692307692307693
2 0.7668269230769231 0.8870192307692307 0.019230769230769232 0.08173076923076923
2 0.7860576923076923 0.8918269230769231 0.019230769230769232 0.07211538461538461
2 0.8064903846153846 0.8846153846153846 0.02403846153846154 0.04807692307692308