0 0.4387019230769231 0.8137019230769231 0.07692307692307693 0.11057692307692307
0 0.7560096153846154 0.11778846153846154 0.07211538461538461 0.13701923076923078
0 0.7487980769230769 0.23798076923076922 0.057692307692307696 0.09134615384615384
0 0.6887019230769231 0.1935096153846154 0.08413461538461539 0.125
0 0.6165865384615384 0.18629807692307693 0.06971153846153846 0.08653846153846154
0 0.6274038461538461 0.265625 0.0985576923076923 0.08173076923076923
0 0.6237980769230769 0.34375 0.09134615384615384 0.11057692307692307
0 0.7055288461538461 0.34134615384615385 0.06490384615384616 0.10336538461538461
0 0.7584134615384616 0.32572115384615385 0.03365384615384615 0.07211538461538461
0 0.7944711538461539 0.34134615384615385 0.052884615384615384 0.09375
0 0.8293269230769231 0.30649038461538464 0.05048076923076923 0.08653846153846154
0 0.8509615384615384 0.40384615384615385 0.08173076923076923 0.11057692307692307
0 0.7836538461538461 0.43149038461538464 0.052884615384615384 0.0985576923076923
0 0.8365384615384616 0.5168269230769231 0.09615384615384616 0.125
0 0.8413461538461539 0.6334134615384616 0.08413461538461539 0.1201923076923077
0 0.78125 0.6778846153846154 0.08173076923076923 0.14182692307692307
0 0.7560096153846154 0.6201923076923077 0.07211538461538461 0.15865384615384615
0 0.7163461538461539 0.5961538461538461 0.08173076923076923 0.12980769230769232
0 0.703125 0.6935096153846154 0.0625 0.08653846153846154
0 0.6442307692307693 0.6310096153846154 0.08653846153846154 0.13701923076923078
0 0.5709134615384616 0.7163461538461539 0.08173076923076923 0.14182692307692307
0 0.6358173076923077 0.7403846153846154 0.07211538461538461 0.10336538461538461
0 0.5913461538461539 0.44591346153846156 0.09134615384615384 0.125
0 0.6694711538461539 0.44591346153846156 0.08653846153846154 0.125
0 0.7271634615384616 0.46153846153846156 0.05048076923076923 0.11538461538461539
0 0.6730769230769231 0.5384615384615384 0.07211538461538461 0.06009615384615385
0 0.5432692307692307 0.3389423076923077 0.0673076923076923 0.1201923076923077
0 0.5456730769230769 0.4206730769230769 0.05048076923076923 0.07692307692307693
0 0.5144230769230769 0.5108173076923077 0.09134615384615384 0.11538461538461539
0 0.49759615384615385 0.6310096153846154 0.08653846153846154 0.125
0 0.5288461538461539 0.7103365384615384 0.02403846153846154 0.08653846153846154
0 0.5733173076923077 0.5733173076923077 0.08413461538461539 0.12980769230769232