0 0.40024038461538464 0.11538461538461539 0.04326923076923077 0.08653846153846154
0 0.3713942307692308 0.18629807692307693 0.04326923076923077 0.0673076923076923
0 0.4639423076923077 0.16466346153846154 0.0673076923076923 0.11057692307692307
0 0.4963942307692308 0.24158653846153846 0.0625 0.08653846153846154
0 0.4891826923076923 0.3485576923076923 0.052884615384615384 0.07211538461538461
0 0.5576923076923077 0.3401442307692308 0.0625 0.11057692307692307
0 0.3557692307692308 0.3762019230769231 0.0673076923076923 0.11538461538461539
0 0.33413461538461536 0.4639423076923077 0.0625 0.08173076923076923
0 0.41466346153846156 0.4723557692307692 0.05048076923076923 0.0985576923076923
0 0.3701923076923077 0.5408653846153846 0.0673076923076923 0.08173076923076923
0 0.4182692307692308 0.6706730769230769 0.05048076923076923 0.1201923076923077
0 0.5108173076923077 0.49158653846153844 0.052884615384615384 0.09375
0 0.5709134615384616 0.5024038461538461 0.057692307692307696 0.08173076923076923
0 0.5420673076923077 0.5552884615384616 0.057692307692307696 0.07692307692307693
0 0.5721153846153846 0.8076923076923077 0.0673076923076923 0.08653846153846154
0 0.4026442307692308 0.9435096153846154 0.06490384615384616 0.10817307692307693
0 0.49038461538461536 0.9567307692307693 0.08173076923076923 0.08173076923076923
0 0.43990384615384615 0.8846153846153846 0.06490384615384616 0.11057692307692307
0 0.40024038461538464 0.8016826923076923 0.05048076923076923 0.1201923076923077
0 0.30649038461538464 0.7560096153846154 0.09375 0.11538461538461539
0 0.30528846153846156 0.6983173076923077 0.09134615384615384 0.1201923076923077
0 0.25240384615384615 0.7560096153846154 0.04326923076923077 0.10576923076923077
0 0.36658653846153844 0.6646634615384616 0.052884615384615384 0.11057692307692307
0 0.29927884615384615 0.5709134615384616 0.028846153846153848 0.08653846153846154
0 0.34615384615384615 0.5769230769230769 0.07211538461538461 0.0985576923076923
0 0.28125 0.4098557692307692 0.04326923076923077 0.10576923076923077
0 0.3233173076923077 0.36778846153846156 0.052884615384615384 0.0985576923076923
0 0.3233173076923077 0.23076923076923078 0.08173076923076923 0.1201923076923077
0 0.35697115384615385 0.16466346153846154 0.057692307692307696 0.0985576923076923
0 0.33774038461538464 0.109375 0.07692307692307693 0.0985576923076923
0 0.3894230769230769 0.2608173076923077 0.057692307692307696 0.11538461538461539
0 0.42427884615384615 0.3629807692307692 0.04807692307692308 0.07692307692307693
0 0.4110576923076923 0.33533653846153844 0.08653846153846154 0.15384615384615385
0 0.5384615384615384 0.25841346153846156 0.06490384615384616 0.0985576923076923
0 0.6045673076923077 0.21995192307692307 0.08173076923076923 0.14423076923076922
0 0.5492788461538461 0.14783653846153846 0.07932692307692307 0.1201923076923077
0 0.49038461538461536 0.06009615384615385 0.07932692307692307 0.11057692307692307
0 0.4543269230769231 0.013221153846153846 0.028846153846153848 0.016826923076923076
0 0.5757211538461539 0.0829326923076923 0.09134615384615384 0.1201923076923077
0 0.5528846153846154 0.030048076923076924 0.07211538461538461 0.04807692307692308
0 0.6081730769230769 0.33533653846153844 0.04807692307692308 0.11057692307692307
0 0.5685096153846154 0.4170673076923077 0.0673076923076923 0.07692307692307693
0 0.6262019230769231 0.49759615384615385 0.09134615384615384 0.125
0 0.6430288461538461 0.45072115384615385 0.07932692307692307 0.11057692307692307
0 0.5108173076923077 0.6021634615384616 0.0673076923076923 0.10576923076923077
0 0.48677884615384615 0.6646634615384616 0.036057692307692304 0.07692307692307693
0 0.4651442307692308 0.7692307692307693 0.08653846153846154 0.14423076923076922
0 0.5252403846153846 0.7908653846153846 0.038461538461538464 0.055288461538461536
0 0.5240384615384616 0.703125 0.057692307692307696 0.1201923076923077
0 0.5540865384615384 0.65625 0.0625 0.11538461538461539
0 0.5925480769230769 0.6346153846153846 0.08653846153846154 0.11538461538461539
0 0.625 0.5793269230769231 0.07211538461538461 0.04807692307692308