0 0.7307692307692307 0.7067307692307693 0.5336538461538461 0.36538461538461536
0 0.5745192307692307 0.6766826923076923 0.30288461538461536 0.1346153846153846
0 0.9110576923076923 0.5733173076923077 0.07211538461538461 0.04807692307692308
0 0.7427884615384616 0.32572115384615385 0.5096153846153846 0.3245192307692308
0 0.48197115384615385 0.3269230769230769 0.2620192307692308 0.1346153846153846
0 0.3629807692307692 0.4170673076923077 0.2860576923076923 0.15384615384615385
0 0.36899038461538464 0.5564903846153846 0.25 0.19230769230769232
0 0.23557692307692307 0.6694711538461539 0.4567307692307692 0.40625
0 0.23197115384615385 0.3269230769230769 0.4519230769230769 0.34134615384615385
0 0.8329326923076923 0.4651442307692308 0.04807692307692308 0.028846153846153848
0 0.7295673076923077 0.5204326923076923 0.06490384615384616 0.038461538461538464
0 0.6899038461538461 0.5444711538461539 0.036057692307692304 0.009615384615384616
0 0.6490384615384616 0.47115384615384615 0.06009615384615385 0.028846153846153848
0 0.5829326923076923 0.4963942307692308 0.06009615384615385 0.019230769230769232
0 0.5540865384615384 0.45552884615384615 0.06009615384615385 0.028846153846153848
0 0.5625 0.4182692307692308 0.04326923076923077 0.02403846153846154
0 0.6045673076923077 0.4170673076923077 0.052884615384615384 0.026442307692307692
0 0.6550480769230769 0.39783653846153844 0.036057692307692304 0.016826923076923076
0 0.6634615384615384 0.4987980769230769 0.375 0.21634615384615385