0 0.29086538461538464 0.65625 0.11057692307692307 0.6778846153846154
0 0.44350961538461536 0.6442307692307693 0.24759615384615385 0.6995192307692307
0 0.5240384615384616 0.5685096153846154 0.2620192307692308 0.5240384615384616
0 0.5805288461538461 0.49158653846153844 0.30288461538461536 0.44711538461538464
0 0.5504807692307693 0.34134615384615385 0.16346153846153846 0.3317307692307692
0 0.43149038461538464 0.12860576923076922 0.11298076923076923 0.21153846153846154
0 0.33653846153846156 0.13942307692307693 0.23076923076923078 0.27884615384615385
0 0.33774038461538464 0.28365384615384615 0.125 0.0985576923076923
0 0.22355769230769232 0.09375 0.1875 0.1875
0 0.7151442307692307 0.8137019230769231 0.375 0.3605769230769231
0 0.9206730769230769 0.5961538461538461 0.15384615384615385 0.2548076923076923
0 0.7728365384615384 0.5240384615384616 0.14182692307692307 0.3076923076923077
0 0.6694711538461539 0.45913461538461536 0.08173076923076923 0.25
0 0.6141826923076923 0.33653846153846156 0.05048076923076923 0.04807692307692308
0 0.9362980769230769 0.3293269230769231 0.12259615384615384 0.21153846153846154
0 0.8004807692307693 0.28365384615384615 0.15384615384615385 0.15384615384615385
0 0.6983173076923077 0.265625 0.08653846153846154 0.13701923076923078
0 0.6021634615384616 0.21634615384615385 0.11298076923076923 0.06009615384615385
0 0.6105769230769231 0.2764423076923077 0.09615384615384616 0.08173076923076923