0 0.140625 0.6887019230769231 0.12740384615384615 0.17067307692307693
0 0.10576923076923077 0.48197115384615385 0.1346153846153846 0.14903846153846154
0 0.21634615384615385 0.08052884615384616 0.16826923076923078 0.16105769230769232
0 0.1346153846153846 0.13942307692307693 0.11538461538461539 0.10336538461538461
0 0.16466346153846154 0.234375 0.14903846153846154 0.18028846153846154
0 0.21394230769230768 0.4026442307692308 0.14903846153846154 0.17548076923076922
0 0.125 0.3605769230769231 0.05048076923076923 0.08173076923076923
0 0.20432692307692307 0.5793269230769231 0.08653846153846154 0.18028846153846154
0 0.2620192307692308 0.5877403846153846 0.13942307692307693 0.16346153846153846
0 0.33052884615384615 0.6887019230769231 0.14423076923076922 0.15865384615384615
0 0.359375 0.5228365384615384 0.12980769230769232 0.15865384615384615
0 0.41947115384615385 0.45072115384615385 0.08173076923076923 0.09615384615384616
0 0.27163461538461536 0.47475961538461536 0.08173076923076923 0.08173076923076923
0 0.27403846153846156 0.28365384615384615 0.09134615384615384 0.09134615384615384
0 0.34975961538461536 0.35336538461538464 0.14423076923076922 0.19230769230769232
0 0.4483173076923077 0.20072115384615385 0.1466346153846154 0.23557692307692307
0 0.5264423076923077 0.38100961538461536 0.14903846153846154 0.25721153846153844
0 0.4675480769230769 0.6057692307692307 0.16346153846153846 0.21153846153846154
0 0.6213942307692307 0.5745192307692307 0.1466346153846154 0.27403846153846156
0 0.6141826923076923 0.7451923076923077 0.13942307692307693 0.12980769230769232
0 0.5072115384615384 0.8197115384615384 0.1201923076923077 0.1971153846153846
0 0.16826923076923078 0.8221153846153846 0.2283653846153846 0.34615384615384615
0 0.30649038461538464 0.9711538461538461 0.1201923076923077 0.04807692307692308
0 0.21754807692307693 0.9483173076923077 0.0673076923076923 0.09134615384615384
0 0.40384615384615385 0.8786057692307693 0.38221153846153844 0.23076923076923078
0 0.6310096153846154 0.8966346153846154 0.1346153846153846 0.1346153846153846
0 0.671875 0.8473557692307693 0.125 0.07692307692307693
0 0.7427884615384616 0.6237980769230769 0.0889423076923077 0.1346153846153846
0 0.7079326923076923 0.6778846153846154 0.07211538461538461 0.07692307692307693
0 0.796875 0.7752403846153846 0.14423076923076922 0.22115384615384615
0 0.6947115384615384 0.7632211538461539 0.0625 0.10336538461538461
0 0.7427884615384616 0.9074519230769231 0.07211538461538461 0.10336538461538461
0 0.8317307692307693 0.9050480769230769 0.11057692307692307 0.1201923076923077
0 0.8701923076923077 0.7728365384615384 0.057692307692307696 0.14423076923076922
0 0.8185096153846154 0.6189903846153846 0.06971153846153846 0.10336538461538461
0 0.7836538461538461 0.5228365384615384 0.10817307692307693 0.13942307692307693
0 0.8509615384615384 0.5108173076923077 0.08173076923076923 0.11298076923076923
0 0.9014423076923077 0.4026442307692308 0.11057692307692307 0.10336538461538461
0 0.9399038461538461 0.48197115384615385 0.11057692307692307 0.1201923076923077
0 0.9038461538461539 0.6009615384615384 0.11538461538461539 0.1201923076923077
0 0.8786057692307693 0.6887019230769231 0.057692307692307696 0.057692307692307696
0 0.9459134615384616 0.7403846153846154 0.10336538461538461 0.16346153846153846
0 0.9338942307692307 0.8533653846153846 0.11538461538461539 0.1201923076923077
0 0.9627403846153846 0.6009615384615384 0.04326923076923077 0.1201923076923077
0 0.6009615384615384 0.13701923076923078 0.24278846153846154 0.25240384615384615
0 0.3473557692307692 0.1466346153846154 0.23076923076923078 0.20192307692307693
0 0.6790865384615384 0.1502403846153846 0.23317307692307693 0.3004807692307692
0 0.6911057692307693 0.19591346153846154 0.19230769230769232 0.27884615384615385
0 0.7608173076923077 0.1346153846153846 0.125 0.17548076923076922
0 0.7427884615384616 0.203125 0.28846153846153844 0.3870192307692308
0 0.7776442307692307 0.22956730769230768 0.25961538461538464 0.36538461538461536
0 0.6177884615384616 0.4170673076923077 0.0625 0.0625
0 0.9038461538461539 0.12379807692307693 0.10817307692307693 0.16346153846153846
0 0.7740384615384616 0.2932692307692308 0.20432692307692307 0.3605769230769231
0 0.8317307692307693 0.30649038461538464 0.28846153846153844 0.44711538461538464
0 0.8942307692307693 0.2704326923076923 0.12740384615384615 0.15865384615384615
0 0.8497596153846154 0.35336538461538464 0.16346153846153846 0.20192307692307693