0 0.4375 0.21634615384615385 0.3125 0.20192307692307693
0 0.44471153846153844 0.06129807692307692 0.28846153846153844 0.11538461538461539
0 0.08173076923076923 0.09134615384615384 0.14903846153846154 0.10336538461538461
0 0.12379807692307693 0.18389423076923078 0.23557692307692307 0.07692307692307693
0 0.8497596153846154 0.09975961538461539 0.15865384615384615 0.07211538461538461
0 0.7848557692307693 0.052884615384615384 0.10576923076923077 0.04567307692307692
0 0.8954326923076923 0.17067307692307693 0.1971153846153846 0.0673076923076923
0 0.9555288461538461 0.18870192307692307 0.08413461538461539 0.04567307692307692
0 0.9086538461538461 0.27524038461538464 0.10576923076923077 0.08173076923076923
0 0.9855769230769231 0.24639423076923078 0.02403846153846154 0.036057692307692304
0 0.9242788461538461 0.36177884615384615 0.13701923076923078 0.0625
0 0.8028846153846154 0.5108173076923077 0.3894230769230769 0.23317307692307693
0 0.8269230769230769 0.6322115384615384 0.14903846153846154 0.04326923076923077
0 0.8858173076923077 0.9375 0.13701923076923078 0.10096153846153846
0 0.9038461538461539 0.7860576923076923 0.1875 0.19230769230769232
0 0.5721153846153846 0.7740384615384616 0.47596153846153844 0.2403846153846154
0 0.4735576923076923 0.7776442307692307 0.3076923076923077 0.11057692307692307
0 0.640625 0.9423076923076923 0.25 0.11057692307692307
0 0.14543269230769232 0.9302884615384616 0.2764423076923077 0.1346153846153846
0 0.12379807692307693 0.6610576923076923 0.23557692307692307 0.375