0 0.9098557692307693 0.9086538461538461 0.17307692307692307 0.16826923076923078
0 0.9615384615384616 0.6850961538461539 0.07211538461538461 0.38461538461538464
0 0.9459134615384616 0.4182692307692308 0.10096153846153846 0.39663461538461536
0 0.875 0.7992788461538461 0.11538461538461539 0.3245192307692308
0 0.7151442307692307 0.7764423076923077 0.25 0.4230769230769231
0 0.6622596153846154 0.9675480769230769 0.15625 0.052884615384615384
0 0.1201923076923077 0.8149038461538461 0.23557692307692307 0.3605769230769231
0 0.04927884615384615 0.28725961538461536 0.09375 0.5697115384615384
0 0.09375 0.3161057692307692 0.15865384615384615 0.6274038461538461
0 0.04326923076923077 0.6466346153846154 0.08653846153846154 0.1346153846153846
0 0.12860576923076922 0.5588942307692307 0.05048076923076923 0.16826923076923078
0 0.19591346153846154 0.578125 0.09134615384615384 0.27403846153846156
0 0.2848557692307692 0.8088942307692307 0.0985576923076923 0.30528846153846156
0 0.33533653846153844 0.9290865384615384 0.07692307692307693 0.12980769230769232
0 0.4026442307692308 0.9579326923076923 0.07211538461538461 0.07211538461538461
0 0.265625 0.9507211538461539 0.05048076923076923 0.08413461538461539
0 0.3918269230769231 0.8052884615384616 0.12259615384615384 0.18269230769230768
0 0.41586538461538464 0.8762019230769231 0.0625 0.07692307692307693
0 0.4879807692307692 0.9447115384615384 0.09615384615384616 0.09615384615384616
0 0.5600961538461539 0.9447115384615384 0.04807692307692308 0.09615384615384616
0 0.7752403846153846 0.35697115384615385 0.23557692307692307 0.5456730769230769
0 0.8822115384615384 0.15625 0.23076923076923078 0.3125
0 0.5048076923076923 0.7235576923076923 0.08653846153846154 0.2932692307692308
0 0.5504807692307693 0.7788461538461539 0.09134615384615384 0.27403846153846156
0 0.6286057692307693 0.6298076923076923 0.10096153846153846 0.19471153846153846
0 0.6959134615384616 0.5384615384615384 0.09615384615384616 0.19471153846153846
0 0.7920673076923077 0.5841346153846154 0.0673076923076923 0.11778846153846154
0 0.5793269230769231 0.4675480769230769 0.10096153846153846 0.20673076923076922
0 0.48677884615384615 0.3798076923076923 0.1346153846153846 0.16346153846153846
0 0.45072115384615385 0.4639423076923077 0.125 0.17548076923076922
0 0.4098557692307692 0.5817307692307693 0.11538461538461539 0.21394230769230768
0 0.4795673076923077 0.6334134615384616 0.07932692307692307 0.16346153846153846
0 0.5564903846153846 0.2403846153846154 0.10576923076923077 0.20673076923076922
0 0.5348557692307693 0.09375 0.09134615384615384 0.17548076923076922
0 0.6358173076923077 0.14903846153846154 0.038461538461538464 0.20673076923076922
0 0.6790865384615384 0.171875 0.07211538461538461 0.2548076923076923
0 0.7319711538461539 0.09134615384615384 0.09615384615384616 0.18269230769230768
0 0.6634615384615384 0.04326923076923077 0.21634615384615385 0.08173076923076923
0 0.3557692307692308 0.12139423076923077 0.25 0.23798076923076922
0 0.3786057692307692 0.3798076923076923 0.09615384615384616 0.27884615384615385
0 0.3161057692307692 0.47115384615384615 0.09615384615384616 0.14903846153846154
0 0.3557692307692308 0.6165865384615384 0.09615384615384616 0.22115384615384615
0 0.26802884615384615 0.6262019230769231 0.08173076923076923 0.14903846153846154
0 0.21754807692307693 0.39302884615384615 0.10576923076923077 0.17548076923076922
0 0.25961538461538464 0.49399038461538464 0.04807692307692308 0.11538461538461539
0 0.23076923076923078 0.171875 0.09615384615384616 0.2548076923076923
0 0.3245192307692308 0.23317307692307693 0.07451923076923077 0.14423076923076922
0 0.3125 0.34375 0.04326923076923077 0.07692307692307693
0 0.359375 0.17908653846153846 0.04567307692307692 0.08413461538461539
0 0.5 0.4987980769230769 0.9951923076923077 0.9927884615384616