0 0.3449519230769231 0.6586538461538461 0.4855769230769231 0.33653846153846156
0 0.4026442307692308 0.3557692307692308 0.4951923076923077 0.3245192307692308
0 0.703125 0.45913461538461536 0.23076923076923078 0.11538461538461539
0 0.796875 0.5372596153846154 0.3245192307692308 0.20673076923076922
0 0.7860576923076923 0.23557692307692307 0.18028846153846154 0.09134615384615384
0 0.765625 0.34134615384615385 0.20192307692307693 0.14423076923076922
0 0.6550480769230769 0.18389423076923078 0.125 0.14903846153846154
0 0.3762019230769231 0.051682692307692304 0.27163461538461536 0.0985576923076923
0 0.3786057692307692 0.13942307692307693 0.10817307692307693 0.08653846153846154
0 0.41466346153846156 0.13942307692307693 0.19230769230769232 0.125
0 0.28125 0.9074519230769231 0.2644230769230769 0.1778846153846154
0 0.4098557692307692 0.9146634615384616 0.1201923076923077 0.16346153846153846