0 0.38822115384615385 0.31971153846153844 0.3894230769230769 0.4951923076923077
0 0.10216346153846154 0.3762019230769231 0.1971153846153846 0.21634615384615385
0 0.14302884615384615 0.15264423076923078 0.27884615384615385 0.2932692307692308
0 0.46274038461538464 0.04326923076923077 0.2403846153846154 0.07692307692307693
0 0.7295673076923077 0.18269230769230768 0.3317307692307692 0.3557692307692308
0 0.6598557692307693 0.46634615384615385 0.19230769230769232 0.2644230769230769
0 0.4338942307692308 0.6394230769230769 0.15865384615384615 0.18509615384615385
0 0.203125 0.5769230769230769 0.34375 0.27884615384615385
0 0.13341346153846154 0.7860576923076923 0.1658653846153846 0.23076923076923078
0 0.2764423076923077 0.9170673076923077 0.17307692307692307 0.16346153846153846
0 0.32091346153846156 0.765625 0.12980769230769232 0.18028846153846154
0 0.24519230769230768 0.7908653846153846 0.0889423076923077 0.14903846153846154
0 0.3942307692307692 0.8581730769230769 0.12980769230769232 0.1201923076923077
0 0.4519230769230769 0.7608173076923077 0.11538461538461539 0.1201923076923077
0 0.5372596153846154 0.7884615384615384 0.10817307692307693 0.16346153846153846
0 0.4963942307692308 0.8473557692307693 0.057692307692307696 0.09615384615384616
0 0.4579326923076923 0.8737980769230769 0.04326923076923077 0.057692307692307696
0 0.5576923076923077 0.8942307692307693 0.08173076923076923 0.07692307692307693
0 0.640625 0.8016826923076923 0.10096153846153846 0.12980769230769232
0 0.6394230769230769 0.8762019230769231 0.08173076923076923 0.052884615384615384
0 0.8088942307692307 0.7295673076923077 0.1346153846153846 0.10817307692307693
0 0.7103365384615384 0.6033653846153846 0.40865384615384615 0.2980769230769231
0 0.859375 0.43028846153846156 0.22115384615384615 0.3245192307692308
0 0.9387019230769231 0.41346153846153844 0.11778846153846154 0.25961538461538464
0 0.9266826923076923 0.1814903846153846 0.14182692307692307 0.3245192307692308