0 0.46875 0.796875 0.4326923076923077 0.27884615384615385
0 0.30288461538461536 0.9663461538461539 0.40384615384615385 0.06009615384615385
0 0.11899038461538461 0.8569711538461539 0.22596153846153846 0.27884615384615385
0 0.234375 0.6935096153846154 0.38461538461538464 0.20673076923076922
0 0.08653846153846154 0.5637019230769231 0.16346153846153846 0.1971153846153846
0 0.3137019230769231 0.4831730769230769 0.40384615384615385 0.28365384615384615
0 0.10576923076923077 0.265625 0.19951923076923078 0.34134615384615385
0 0.265625 0.16947115384615385 0.3629807692307692 0.2548076923076923
0 0.11298076923076923 0.0625 0.20673076923076922 0.125
0 0.546875 0.0889423076923077 0.5673076923076923 0.1778846153846154
0 0.6526442307692307 0.3076923076923077 0.46153846153846156 0.3389423076923077
0 0.4891826923076923 0.5637019230769231 0.2403846153846154 0.20192307692307693
0 0.7848557692307693 0.8713942307692307 0.4254807692307692 0.25240384615384615
0 0.8137019230769231 0.5817307692307693 0.36778846153846156 0.28365384615384615
0 0.9110576923076923 0.7992788461538461 0.17307692307692307 0.14182692307692307
0 0.7548076923076923 0.7560096153846154 0.16346153846153846 0.1201923076923077
0 0.9242788461538461 0.4375 0.1466346153846154 0.1971153846153846
0 0.9014423076923077 0.16947115384615385 0.19230769230769232 0.3245192307692308
0 0.8557692307692307 0.07451923076923077 0.20673076923076922 0.14423076923076922