0 0.3629807692307692 0.30528846153846156 0.25 0.20192307692307693
0 0.4567307692307692 0.20552884615384615 0.1201923076923077 0.07451923076923077
0 0.4951923076923077 0.1502403846153846 0.0673076923076923 0.0673076923076923
0 0.42908653846153844 0.11778846153846154 0.2283653846153846 0.09375
0 0.3629807692307692 0.13701923076923078 0.23798076923076922 0.11057692307692307
0 0.5456730769230769 0.21634615384615385 0.0673076923076923 0.09134615384615384
0 0.5733173076923077 0.33653846153846156 0.22355769230769232 0.16346153846153846
0 0.6117788461538461 0.47596153846153844 0.21875 0.17307692307692307
0 0.4543269230769231 0.4807692307692308 0.12740384615384615 0.125
0 0.31009615384615385 0.4254807692307692 0.22355769230769232 0.19471153846153846
0 0.28725961538461536 0.6033653846153846 0.21875 0.16826923076923078
0 0.5096153846153846 0.6370192307692307 0.23798076923076922 0.19471153846153846
0 0.7103365384615384 0.5492788461538461 0.19230769230769232 0.14423076923076922
0 0.7620192307692307 0.40384615384615385 0.18269230769230768 0.18269230769230768
0 0.71875 0.2620192307692308 0.16826923076923078 0.15625
0 0.8653846153846154 0.34134615384615385 0.12740384615384615 0.1201923076923077
0 0.9182692307692307 0.4338942307692308 0.1201923076923077 0.09375
0 0.8954326923076923 0.5348557692307693 0.1778846153846154 0.17307692307692307
0 0.8786057692307693 0.6634615384615384 0.10096153846153846 0.09375
0 0.8125 0.6274038461538461 0.0625 0.07451923076923077
0 0.7103365384615384 0.7307692307692307 0.2932692307692308 0.23557692307692307
0 0.5024038461538461 0.7632211538461539 0.13221153846153846 0.0673076923076923
0 0.5889423076923077 0.8533653846153846 0.10096153846153846 0.09615384615384616
0 0.4639423076923077 0.8509615384615384 0.16826923076923078 0.15625
0 0.3173076923076923 0.7752403846153846 0.2283653846153846 0.16826923076923078