0 0.6502403846153846 0.7728365384615384 0.1875 0.32211538461538464
0 0.6670673076923077 0.6875 0.0985576923076923 0.1875
0 0.7043269230769231 0.6033653846153846 0.12980769230769232 0.07211538461538461
0 0.7872596153846154 0.6622596153846154 0.021634615384615384 0.014423076923076924
0 0.7127403846153846 0.6550480769230769 0.016826923076923076 0.014423076923076924
0 0.7487980769230769 0.6778846153846154 0.021634615384615384 0.02403846153846154
0 0.9206730769230769 0.8605769230769231 0.028846153846153848 0.026442307692307692
0 0.7103365384615384 0.5324519230769231 0.0673076923076923 0.0673076923076923
0 0.7427884615384616 0.5288461538461539 0.009615384615384616 0.009615384615384616
0 0.78125 0.5877403846153846 0.03365384615384615 0.03365384615384615
0 0.3629807692307692 0.5492788461538461 0.11538461538461539 0.08653846153846154
0 0.3737980769230769 0.6141826923076923 0.11538461538461539 0.057692307692307696
0 0.4699519230769231 0.5961538461538461 0.052884615384615384 0.021634615384615384
0 0.5024038461538461 0.6129807692307693 0.04326923076923077 0.04807692307692308
0 0.5384615384615384 0.6141826923076923 0.028846153846153848 0.05048076923076923
0 0.4338942307692308 0.5180288461538461 0.028846153846153848 0.0985576923076923
0 0.5793269230769231 0.5216346153846154 0.20673076923076922 0.1201923076923077
0 0.7487980769230769 0.27283653846153844 0.1971153846153846 0.12980769230769232
0 0.6742788461538461 0.36899038461538464 0.3557692307692308 0.07692307692307693
0 0.5108173076923077 0.4014423076923077 0.06009615384615385 0.03365384615384615
0 0.48677884615384615 0.34134615384615385 0.11057692307692307 0.07211538461538461
0 0.4723557692307692 0.2764423076923077 0.13701923076923078 0.13942307692307693
0 0.6670673076923077 0.20673076923076922 0.3076923076923077 0.036057692307692304
0 0.6370192307692307 0.28125 0.09134615384615384 0.1346153846153846
0 0.5925480769230769 0.28125 0.07211538461538461 0.1346153846153846
0 0.5324519230769231 0.056490384615384616 0.15865384615384615 0.07692307692307693
0 0.49399038461538464 0.12740384615384615 0.2692307692307692 0.028846153846153848
0 0.49399038461538464 0.16947115384615385 0.2692307692307692 0.052884615384615384
0 0.27884615384615385 0.17427884615384615 0.052884615384615384 0.08653846153846154
0 0.20793269230769232 0.20552884615384615 0.11057692307692307 0.052884615384615384
0 0.2620192307692308 0.27403846153846156 0.04326923076923077 0.0985576923076923
0 0.4266826923076923 0.2403846153846154 0.1201923076923077 0.04326923076923077
0 0.4098557692307692 0.28966346153846156 0.14182692307692307 0.0625
0 0.16105769230769232 0.36177884615384615 0.11538461538461539 0.1346153846153846
0 0.3112980769230769 0.30408653846153844 0.15384615384615385 0.0625
0 0.33052884615384615 0.3545673076923077 0.21153846153846154 0.052884615384615384
0 0.3581730769230769 0.4110576923076923 0.27884615384615385 0.057692307692307696
2 0.4014423076923077 0.5540865384615384 0.3557692307692308 0.19951923076923078
2 0.5685096153846154 0.5216346153846154 0.2956730769230769 0.14903846153846154
2 0.35216346153846156 0.3581730769230769 0.3125 0.18509615384615385
2 0.45913461538461536 0.21875 0.40384615384615385 0.21875
2 0.6694711538461539 0.30408653846153844 0.3557692307692308 0.2644230769230769
2 0.7620192307692307 0.06370192307692307 0.28846153846153844 0.12259615384615384
2 0.5120192307692307 0.05048076923076923 0.22596153846153846 0.09615384615384616
2 0.37740384615384615 0.05048076923076923 0.0673076923076923 0.09615384615384616