0 0.20552884615384615 0.15504807692307693 0.14423076923076922 0.12259615384615384
0 0.09495192307692307 0.22355769230769232 0.15865384615384615 0.17307692307692307
0 0.021634615384615384 0.2860576923076923 0.036057692307692304 0.10817307692307693
0 0.08413461538461539 0.3737980769230769 0.15384615384615385 0.15865384615384615
0 0.027644230769230768 0.45072115384615385 0.04807692307692308 0.15384615384615385
0 0.1045673076923077 0.5685096153846154 0.1778846153846154 0.21153846153846154
0 0.01201923076923077 0.6105769230769231 0.014423076923076924 0.10817307692307693
0 0.054086538461538464 0.7463942307692307 0.10096153846153846 0.19230769230769232
0 0.08653846153846154 0.9074519230769231 0.16826923076923078 0.18028846153846154
0 0.17908653846153846 0.7632211538461539 0.14903846153846154 0.1778846153846154
0 0.2439903846153846 0.9122596153846154 0.14182692307692307 0.17067307692307693
0 0.32091346153846156 0.8004807692307693 0.125 0.15384615384615385
0 0.2860576923076923 0.6382211538461539 0.1778846153846154 0.20192307692307693
0 0.23197115384615385 0.4675480769230769 0.18269230769230768 0.1971153846153846
0 0.26802884615384615 0.28846153846153844 0.17307692307692307 0.18269230769230768
0 0.36899038461538464 0.15745192307692307 0.15865384615384615 0.13942307692307693
0 0.39663461538461536 0.2512019230769231 0.09134615384615384 0.0889423076923077
0 0.3894230769230769 0.3713942307692308 0.1346153846153846 0.14423076923076922
0 0.36899038461538464 0.49278846153846156 0.10096153846153846 0.12980769230769232
0 0.44350961538461536 0.6009615384615384 0.15384615384615385 0.1778846153846154
0 0.4855769230769231 0.765625 0.15865384615384615 0.18269230769230768
0 0.4098557692307692 0.9170673076923077 0.15144230769230768 0.16105769230769232
0 0.5649038461538461 0.9098557692307693 0.16346153846153846 0.17548076923076922
0 0.6346153846153846 0.9915865384615384 0.07211538461538461 0.01201923076923077
0 0.7079326923076923 0.8870192307692307 0.10096153846153846 0.13942307692307693
0 0.6334134615384616 0.7704326923076923 0.12980769230769232 0.14423076923076922
0 0.5985576923076923 0.6177884615384616 0.15865384615384615 0.18269230769230768
0 0.515625 0.453125 0.16105769230769232 0.21634615384615385
0 0.6466346153846154 0.42908653846153844 0.14903846153846154 0.1875
0 0.5204326923076923 0.26802884615384615 0.15384615384615385 0.15384615384615385
0 0.5120192307692307 0.1502403846153846 0.13701923076923078 0.11298076923076923
0 0.6526442307692307 0.17427884615384615 0.15384615384615385 0.17307692307692307
0 0.6694711538461539 0.30528846153846156 0.16105769230769232 0.16826923076923078
0 0.703125 0.4855769230769231 0.15865384615384615 0.20192307692307693
0 0.7475961538461539 0.6502403846153846 0.13942307692307693 0.1778846153846154
0 0.8088942307692307 0.7908653846153846 0.13942307692307693 0.17307692307692307
0 0.9254807692307693 0.8918269230769231 0.14423076923076922 0.18269230769230768
0 0.9290865384615384 0.7163461538461539 0.11538461538461539 0.14423076923076922
0 0.9603365384615384 0.6033653846153846 0.07451923076923077 0.16346153846153846
0 0.8605769230769231 0.5420673076923077 0.14903846153846154 0.1778846153846154
0 0.8305288461538461 0.3894230769230769 0.14423076923076922 0.1778846153846154
0 0.8028846153846154 0.22716346153846154 0.16105769230769232 0.1971153846153846
0 0.8954326923076923 0.13341346153846154 0.16105769230769232 0.0889423076923077
0 0.9375 0.23798076923076922 0.1201923076923077 0.23076923076923078
0 0.953125 0.42908653846153844 0.09134615384615384 0.16826923076923078