0 0.9507211538461539 0.8617788461538461 0.09375 0.17548076923076922
0 0.8713942307692307 0.9567307692307693 0.12740384615384615 0.07692307692307693
0 0.7776442307692307 0.9122596153846154 0.11057692307692307 0.15384615384615385
0 0.6947115384615384 0.9230769230769231 0.07211538461538461 0.12980769230769232
0 0.6069711538461539 0.9098557692307693 0.10096153846153846 0.16826923076923078
0 0.5240384615384616 0.9483173076923077 0.08653846153846154 0.09134615384615384
0 0.48197115384615385 0.8713942307692307 0.11298076923076923 0.16826923076923078
0 0.43149038461538464 0.9675480769230769 0.1201923076923077 0.052884615384615384
0 0.3293269230769231 0.9507211538461539 0.09134615384615384 0.08653846153846154
0 0.21995192307692307 0.9122596153846154 0.11298076923076923 0.16346153846153846
0 0.11057692307692307 0.9074519230769231 0.10576923076923077 0.17307692307692307
0 0.3545673076923077 0.7764423076923077 0.1201923076923077 0.16346153846153846
0 0.3870192307692308 0.8858173076923077 0.10576923076923077 0.12980769230769232
0 0.2668269230769231 0.84375 0.0985576923076923 0.13701923076923078
0 0.17307692307692307 0.7788461538461539 0.1201923076923077 0.14903846153846154
0 0.057692307692307696 0.7596153846153846 0.11057692307692307 0.21875
0 0.27403846153846156 0.7019230769230769 0.10576923076923077 0.11538461538461539
0 0.07692307692307693 0.6009615384615384 0.08653846153846154 0.15384615384615385
0 0.016826923076923076 0.5985576923076923 0.02403846153846154 0.16826923076923078
0 0.5540865384615384 0.7836538461538461 0.0985576923076923 0.13701923076923078
0 0.4423076923076923 0.7295673076923077 0.10576923076923077 0.14903846153846154
0 0.3605769230769231 0.6394230769230769 0.08173076923076923 0.15384615384615385
0 0.2764423076923077 0.6225961538461539 0.08653846153846154 0.12980769230769232
0 0.17427884615384615 0.6069711538461539 0.11057692307692307 0.1971153846153846
0 0.13221153846153846 0.5084134615384616 0.10576923076923077 0.15384615384615385
0 0.056490384615384616 0.4675480769230769 0.08413461538461539 0.14903846153846154
0 0.025240384615384616 0.40384615384615385 0.04326923076923077 0.17307692307692307
0 0.2668269230769231 0.3798076923076923 0.1201923076923077 0.16826923076923078
0 0.1875 0.4266826923076923 0.11298076923076923 0.17307692307692307
0 0.11658653846153846 0.3581730769230769 0.11538461538461539 0.13701923076923078
0 0.039663461538461536 0.22716346153846154 0.07211538461538461 0.15865384615384615
0 0.14543269230769232 0.2127403846153846 0.08173076923076923 0.16346153846153846
0 0.08052884615384616 0.1778846153846154 0.08653846153846154 0.15865384615384615
0 0.0889423076923077 0.057692307692307696 0.0985576923076923 0.11538461538461539
0 0.02403846153846154 0.038461538461538464 0.038461538461538464 0.07692307692307693
0 0.19230769230769232 0.06370192307692307 0.13942307692307693 0.12740384615384615
0 0.23317307692307693 0.171875 0.11057692307692307 0.19230769230769232
0 0.2980769230769231 0.22355769230769232 0.09615384615384616 0.14182692307692307
0 0.2764423076923077 0.06009615384615385 0.05048076923076923 0.1201923076923077
0 0.33413461538461536 0.07692307692307693 0.07211538461538461 0.12980769230769232
0 0.39663461538461536 0.055288461538461536 0.10576923076923077 0.11057692307692307
0 0.4326923076923077 0.07932692307692307 0.06490384615384616 0.07211538461538461
0 0.40384615384615385 0.18629807692307693 0.09615384615384616 0.0985576923076923
0 0.36538461538461536 0.3088942307692308 0.11298076923076923 0.11538461538461539
0 0.30408653846153844 0.47836538461538464 0.0985576923076923 0.125
0 0.40865384615384615 0.43149038461538464 0.11298076923076923 0.14182692307692307
0 0.4254807692307692 0.5384615384615384 0.11057692307692307 0.11538461538461539
0 0.49038461538461536 0.6310096153846154 0.10096153846153846 0.125
0 0.5985576923076923 0.65625 0.09134615384615384 0.15384615384615385
0 0.5396634615384616 0.5132211538461539 0.0985576923076923 0.14182692307692307
0 0.4855769230769231 0.3605769230769231 0.09134615384615384 0.17307692307692307
0 0.4579326923076923 0.25961538461538464 0.04326923076923077 0.14903846153846154
0 0.48197115384615385 0.18269230769230768 0.0673076923076923 0.125
0 0.53125 0.109375 0.09615384615384616 0.16346153846153846
0 0.5961538461538461 0.24639423076923078 0.08653846153846154 0.16346153846153846
0 0.5420673076923077 0.30288461538461536 0.08173076923076923 0.125
0 0.5877403846153846 0.40384615384615385 0.0673076923076923 0.11057692307692307
0 0.6814903846153846 0.453125 0.12740384615384615 0.14182692307692307
0 0.7295673076923077 0.6262019230769231 0.0985576923076923 0.15865384615384615
0 0.6394230769230769 0.6394230769230769 0.06490384615384616 0.14182692307692307
0 0.8149038461538461 0.7271634615384616 0.125 0.15384615384615385
0 0.7548076923076923 0.8088942307692307 0.09134615384615384 0.1201923076923077
0 0.6634615384615384 0.7896634615384616 0.1201923076923077 0.15865384615384615
0 0.8822115384615384 0.8173076923076923 0.1346153846153846 0.20192307692307693
0 0.9314903846153846 0.6310096153846154 0.10096153846153846 0.16826923076923078
0 0.9675480769230769 0.7175480769230769 0.06009615384615385 0.1658653846153846
0 0.8509615384615384 0.5384615384615384 0.12980769230769232 0.18028846153846154
0 0.7596153846153846 0.48677884615384615 0.057692307692307696 0.11057692307692307
0 0.7908653846153846 0.37740384615384615 0.0985576923076923 0.12980769230769232
0 0.6802884615384616 0.3112980769230769 0.12980769230769232 0.17307692307692307
0 0.7055288461538461 0.1778846153846154 0.08653846153846154 0.125
0 0.6286057692307693 0.1201923076923077 0.10096153846153846 0.15384615384615385
0 0.5853365384615384 0.027644230769230768 0.12980769230769232 0.052884615384615384
0 0.4855769230769231 0.025240384615384616 0.08653846153846154 0.05048076923076923
0 0.6875 0.04447115384615385 0.11538461538461539 0.0889423076923077
0 0.7632211538461539 0.08774038461538461 0.11538461538461539 0.12980769230769232
0 0.8822115384615384 0.08173076923076923 0.14903846153846154 0.16346153846153846
0 0.9819711538461539 0.14783653846153846 0.03125 0.17548076923076922
0 0.9543269230769231 0.20192307692307693 0.0673076923076923 0.15384615384615385
0 0.9074519230769231 0.234375 0.0985576923076923 0.1201923076923077
0 0.984375 0.027644230769230768 0.026442307692307692 0.055288461538461536
0 0.9122596153846154 0.3605769230769231 0.15384615384615385 0.23076923076923078
0 0.9567307692307693 0.5408653846153846 0.08173076923076923 0.15384615384615385