0 0.11057692307692307 0.6586538461538461 0.18269230769230768 0.2980769230769231
0 0.039663461538461536 0.5060096153846154 0.07451923076923077 0.2283653846153846
0 0.025240384615384616 0.8197115384615384 0.038461538461538464 0.08653846153846154
0 0.010817307692307692 0.7175480769230769 0.016826923076923076 0.11778846153846154
0 0.019230769230769232 0.9194711538461539 0.03365384615384615 0.13701923076923078
0 0.13942307692307693 0.8413461538461539 0.04807692307692308 0.15384615384615385
0 0.0829326923076923 0.8509615384615384 0.057692307692307696 0.11057692307692307
0 0.06129807692307692 0.9375 0.052884615384615384 0.11057692307692307
0 0.1141826923076923 0.9435096153846154 0.04807692307692308 0.10096153846153846
0 0.1502403846153846 0.9783653846153846 0.038461538461538464 0.03125
0 0.18629807692307693 0.8293269230769231 0.04326923076923077 0.09375
0 0.20192307692307693 0.9098557692307693 0.1346153846153846 0.11778846153846154
0 0.18870192307692307 0.9567307692307693 0.052884615384615384 0.07451923076923077
0 0.265625 0.921875 0.10336538461538461 0.14423076923076922
0 0.3088942307692308 0.9627403846153846 0.04326923076923077 0.0625
0 0.2439903846153846 0.7944711538461539 0.11538461538461539 0.14903846153846154
0 0.17908653846153846 0.7355769230769231 0.057692307692307696 0.09375
0 0.265625 0.6586538461538461 0.07211538461538461 0.22355769230769232
0 0.22716346153846154 0.6394230769230769 0.057692307692307696 0.17307692307692307
0 0.27884615384615385 0.5588942307692307 0.03365384615384615 0.08653846153846154
0 0.3173076923076923 0.4963942307692308 0.038461538461538464 0.11057692307692307
0 0.36538461538461536 0.6334134615384616 0.14903846153846154 0.33653846153846156
0 0.41466346153846156 0.8473557692307693 0.15144230769230768 0.2932692307692308
0 0.16826923076923078 0.40625 0.15865384615384615 0.20673076923076922
0 0.039663461538461536 0.34134615384615385 0.07451923076923077 0.16105769230769232
0 0.037259615384615384 0.17067307692307693 0.0673076923076923 0.15384615384615385
0 0.019230769230769232 0.02283653846153846 0.03365384615384615 0.040865384615384616
0 0.09615384615384616 0.056490384615384616 0.12259615384615384 0.11057692307692307
0 0.12379807692307693 0.21153846153846154 0.11298076923076923 0.21153846153846154
0 0.23918269230769232 0.25721153846153844 0.125 0.21875
0 0.3088942307692308 0.3762019230769231 0.13942307692307693 0.2668269230769231
0 0.20793269230769232 0.078125 0.11538461538461539 0.15625
0 0.29447115384615385 0.016826923076923076 0.040865384615384616 0.028846153846153848
0 0.2980769230769231 0.04927884615384615 0.052884615384615384 0.08653846153846154
0 0.33653846153846156 0.07091346153846154 0.052884615384615384 0.08173076923076923
0 0.30649038461538464 0.12379807692307693 0.040865384615384616 0.0625
0 0.26802884615384615 0.12139423076923077 0.028846153846153848 0.08173076923076923
0 0.35216346153846156 0.14903846153846154 0.038461538461538464 0.0625
0 0.38822115384615385 0.11778846153846154 0.04326923076923077 0.10096153846153846
0 0.38822115384615385 0.19831730769230768 0.052884615384615384 0.10096153846153846
0 0.36177884615384615 0.22355769230769232 0.038461538461538464 0.08653846153846154
0 0.4098557692307692 0.25721153846153844 0.038461538461538464 0.11778846153846154
0 0.44350961538461536 0.19591346153846154 0.04326923076923077 0.08173076923076923
0 0.44350961538461536 0.11538461538461539 0.04326923076923077 0.10576923076923077
0 0.41346153846153844 0.06850961538461539 0.038461538461538464 0.11057692307692307
0 0.45072115384615385 0.030048076923076924 0.055288461538461536 0.055288461538461536
0 0.484375 0.08052884615384616 0.038461538461538464 0.08653846153846154
0 0.4987980769230769 0.14903846153846154 0.04807692307692308 0.07451923076923077
0 0.5240384615384616 0.078125 0.052884615384615384 0.09375
0 0.4987980769230769 0.02283653846153846 0.06490384615384616 0.040865384615384616
0 0.546875 0.04326923076923077 0.04326923076923077 0.07451923076923077
0 0.5805288461538461 0.10817307692307693 0.03365384615384615 0.08173076923076923
0 0.5480769230769231 0.13341346153846154 0.038461538461538464 0.0673076923076923
0 0.5913461538461539 0.036057692307692304 0.0673076923076923 0.0673076923076923
0 0.6274038461538461 0.014423076923076924 0.038461538461538464 0.02403846153846154
0 0.5240384615384616 0.42908653846153844 0.20192307692307693 0.5336538461538461
0 0.6069711538461539 0.8100961538461539 0.16826923076923078 0.3173076923076923
0 0.5637019230769231 0.8353365384615384 0.07211538461538461 0.3173076923076923
0 0.6334134615384616 0.9290865384615384 0.040865384615384616 0.12980769230769232
0 0.7704326923076923 0.6826923076923077 0.28365384615384615 0.5216346153846154
0 0.7355769230769231 0.7512019230769231 0.28365384615384615 0.4855769230769231
0 0.7788461538461539 0.27283653846153844 0.052884615384615384 0.10096153846153846
0 0.7211538461538461 0.3076923076923077 0.057692307692307696 0.09375
0 0.7704326923076923 0.3389423076923077 0.052884615384615384 0.10576923076923077
0 0.7403846153846154 0.38461538461538464 0.052884615384615384 0.08653846153846154
0 0.8209134615384616 0.44711538461538464 0.057692307692307696 0.11057692307692307
0 0.7560096153846154 0.41947115384615385 0.07211538461538461 0.09375
0 0.8521634615384616 0.5276442307692307 0.04326923076923077 0.07451923076923077
0 0.9086538461538461 0.05889423076923077 0.1778846153846154 0.11298076923076923
0 0.9026442307692307 0.18990384615384615 0.10096153846153846 0.20673076923076922
0 0.9483173076923077 0.38822115384615385 0.10096153846153846 0.21634615384615385
0 0.9723557692307693 0.2403846153846154 0.05048076923076923 0.1971153846153846
0 0.8737980769230769 0.42908653846153844 0.04807692307692308 0.08653846153846154
0 0.8954326923076923 0.484375 0.04807692307692308 0.08653846153846154
0 0.9122596153846154 0.5492788461538461 0.04807692307692308 0.09375
0 0.8858173076923077 0.5961538461538461 0.04807692307692308 0.07451923076923077
0 0.9230769230769231 0.6610576923076923 0.04326923076923077 0.08173076923076923
0 0.9615384615384616 0.6177884615384616 0.052884615384615384 0.08173076923076923
0 0.9819711538461539 0.6826923076923077 0.028846153846153848 0.07451923076923077
0 0.9555288461538461 0.7079326923076923 0.052884615384615384 0.08653846153846154
0 0.9675480769230769 0.7824519230769231 0.057692307692307696 0.10096153846153846
0 0.9278846153846154 0.8293269230769231 0.03365384615384615 0.10576923076923077
0 0.9170673076923077 0.7331730769230769 0.038461538461538464 0.0625
0 0.9483173076923077 0.9002403846153846 0.052884615384615384 0.10096153846153846
0 0.8942307692307693 0.921875 0.04326923076923077 0.08173076923076923
0 0.984375 0.8725961538461539 0.026442307692307692 0.09615384615384616
0 0.7199519230769231 0.25600961538461536 0.28125 0.5072115384615384