0 0.7391826923076923 0.7211538461538461 0.25 0.09615384615384616
0 0.6129807692307693 0.7127403846153846 0.24278846153846154 0.24759615384615385
0 0.3870192307692308 0.7560096153846154 0.4567307692307692 0.4014423076923077
0 0.06490384615384616 0.7644230769230769 0.11778846153846154 0.09615384615384616
0 0.056490384615384616 0.8713942307692307 0.10096153846153846 0.08413461538461539
0 0.05889423076923077 0.9795673076923077 0.10576923076923077 0.03365384615384615
0 0.11778846153846154 0.6526442307692307 0.09615384615384616 0.0673076923076923
0 0.12740384615384615 0.6081730769230769 0.11298076923076923 0.04807692307692308
0 0.11778846153846154 0.53125 0.057692307692307696 0.0673076923076923
0 0.49158653846153844 0.1935096153846154 0.21153846153846154 0.10576923076923077
0 0.4495192307692308 0.30649038461538464 0.2956730769230769 0.21634615384615385
0 0.28725961538461536 0.39663461538461536 0.21875 0.19230769230769232
0 0.11778846153846154 0.4411057692307692 0.11778846153846154 0.0673076923076923
0 0.6899038461538461 0.39302884615384615 0.23076923076923078 0.1971153846153846
0 0.6862980769230769 0.10576923076923077 0.12980769230769232 0.06971153846153846
0 0.6346153846153846 0.12740384615384615 0.5625 0.25