0 0.8569711538461539 0.2127403846153846 0.2764423076923077 0.28365384615384615
0 0.8966346153846154 0.38461538461538464 0.10096153846153846 0.1201923076923077
0 0.7175480769230769 0.49399038461538464 0.0625 0.04807692307692308
0 0.5697115384615384 0.5204326923076923 0.021634615384615384 0.019230769230769232
0 0.47836538461538464 0.46033653846153844 0.03365384615384615 0.026442307692307692
0 0.5456730769230769 0.4326923076923077 0.07932692307692307 0.052884615384615384
0 0.640625 0.3942307692307692 0.07932692307692307 0.04807692307692308
0 0.7019230769230769 0.35216346153846156 0.08653846153846154 0.04807692307692308
0 0.7896634615384616 0.3245192307692308 0.04807692307692308 0.028846153846153848
0 0.7740384615384616 0.2704326923076923 0.06971153846153846 0.040865384615384616
0 0.7019230769230769 0.2439903846153846 0.12740384615384615 0.0625
0 0.6838942307692307 0.30408653846153844 0.14423076923076922 0.0625
0 0.6069711538461539 0.3581730769230769 0.11538461538461539 0.09134615384615384
0 0.5961538461538461 0.2692307692307692 0.0625 0.1201923076923077
0 0.6358173076923077 0.16947115384615385 0.07932692307692307 0.04807692307692308
0 0.6225961538461539 0.1935096153846154 0.052884615384615384 0.038461538461538464
0 0.5961538461538461 0.1658653846153846 0.0625 0.07692307692307693
0 0.3858173076923077 0.17307692307692307 0.3557692307692308 0.14423076923076922
0 0.3701923076923077 0.25721153846153844 0.15384615384615385 0.04326923076923077
0 0.48197115384615385 0.40865384615384615 0.057692307692307696 0.057692307692307696
0 0.47836538461538464 0.3233173076923077 0.11538461538461539 0.12259615384615384
0 0.48197115384615385 0.24639423076923078 0.057692307692307696 0.028846153846153848
0 0.38341346153846156 0.3076923076923077 0.09615384615384616 0.0625
0 0.3425480769230769 0.328125 0.09134615384615384 0.06009615384615385
0 0.37259615384615385 0.3786057692307692 0.08653846153846154 0.0625
0 0.4206730769230769 0.421875 0.07451923076923077 0.028846153846153848
0 0.32211538461538464 0.46875 0.10096153846153846 0.07692307692307693
0 0.27163461538461536 0.5408653846153846 0.10576923076923077 0.07451923076923077
0 0.23677884615384615 0.47596153846153844 0.04807692307692308 0.04807692307692308
0 0.19951923076923078 0.546875 0.04807692307692308 0.03365384615384615
0 0.23918269230769232 0.38100961538461536 0.10576923076923077 0.06009615384615385
0 0.18629807692307693 0.3016826923076923 0.14903846153846154 0.09134615384615384
3 0.6670673076923077 0.4230769230769231 0.37740384615384615 0.22115384615384615