0 0.38100961538461536 0.4963942307692308 0.5769230769230769 0.9927884615384616
0 0.640625 0.8209134615384616 0.016826923076923076 0.0673076923076923
0 0.6610576923076923 0.7920673076923077 0.014423076923076924 0.052884615384615384
0 0.6838942307692307 0.828125 0.03365384615384615 0.052884615384615384
0 0.8365384615384616 0.05889423076923077 0.04326923076923077 0.07211538461538461
0 0.8149038461538461 0.7560096153846154 0.028846153846153848 0.052884615384615384
0 0.9627403846153846 0.9447115384615384 0.019230769230769232 0.052884615384615384
0 0.027644230769230768 0.16826923076923078 0.052884615384615384 0.20432692307692307
4 0.9158653846153846 0.41225961538461536 0.16346153846153846 0.3269230769230769
4 0.9206730769230769 0.5697115384615384 0.15384615384615385 0.3076923076923077
4 0.8016826923076923 0.22596153846153846 0.27884615384615385 0.3798076923076923
4 0.046875 0.6310096153846154 0.09134615384615384 0.44471153846153844
4 0.051682692307692304 0.33533653846153844 0.10336538461538461 0.18990384615384615
4 0.078125 0.051682692307692304 0.15384615384615385 0.10096153846153846
4 0.07451923076923077 0.12740384615384615 0.11057692307692307 0.125
3 0.8353365384615384 0.6790865384615384 0.15384615384615385 0.17548076923076922