0 0.8016826923076923 0.03485576923076923 0.12259615384615384 0.052884615384615384
0 0.8197115384615384 0.11057692307692307 0.14423076923076922 0.20673076923076922
0 0.984375 0.13341346153846154 0.026442307692307692 0.25240384615384615
0 0.9495192307692307 0.6646634615384616 0.09615384615384616 0.35096153846153844
0 0.9182692307692307 0.9026442307692307 0.07692307692307693 0.18990384615384615
0 0.8040865384615384 0.8233173076923077 0.18509615384615385 0.3485576923076923
0 0.8161057692307693 0.6754807692307693 0.0985576923076923 0.3269230769230769
0 0.7644230769230769 0.8209134615384616 0.06490384615384616 0.23557692307692307
0 0.7211538461538461 0.7788461538461539 0.09134615384615384 0.23076923076923078
0 0.6838942307692307 0.921875 0.07932692307692307 0.15144230769230768
0 0.6189903846153846 0.859375 0.06971153846153846 0.23557692307692307
0 0.6574519230769231 0.6911057692307693 0.07692307692307693 0.3269230769230769
0 0.7439903846153846 0.5072115384615384 0.18990384615384615 0.3894230769230769
0 0.7463942307692307 0.20192307692307693 0.1778846153846154 0.3894230769230769
0 0.6382211538461539 0.057692307692307696 0.09134615384615384 0.10096153846153846
0 0.5913461538461539 0.25240384615384615 0.1778846153846154 0.4879807692307692
0 0.42427884615384615 0.3088942307692308 0.24519230769230768 0.6033653846153846
0 0.3269230769230769 0.171875 0.09375 0.28365384615384615
0 0.46634615384615385 0.5721153846153846 0.12740384615384615 0.30528846153846156
0 0.5685096153846154 0.6141826923076923 0.1201923076923077 0.3125
0 0.5180288461538461 0.8016826923076923 0.038461538461538464 0.09134615384615384
0 0.5504807692307693 0.9338942307692307 0.04326923076923077 0.12740384615384615
0 0.5685096153846154 0.828125 0.036057692307692304 0.11538461538461539
0 0.5192307692307693 0.9086538461538461 0.019230769230769232 0.10576923076923077
0 0.5204326923076923 0.984375 0.02403846153846154 0.028846153846153848
0 0.5949519230769231 0.9603365384615384 0.040865384615384616 0.07451923076923077
0 0.4230769230769231 0.8725961538461539 0.15865384615384615 0.25
0 0.29086538461538464 0.7896634615384616 0.2283653846153846 0.4182692307692308
0 0.19831730769230768 0.328125 0.21153846153846154 0.6394230769230769
0 0.19831730769230768 0.11778846153846154 0.12259615384615384 0.22115384615384615
0 0.037259615384615384 0.26322115384615385 0.07451923076923077 0.3629807692307692
0 0.02283653846153846 0.12620192307692307 0.04567307692307692 0.16105769230769232
0 0.054086538461538464 0.057692307692307696 0.07211538461538461 0.10096153846153846
0 0.008413461538461538 0.038461538461538464 0.016826923076923076 0.0625
0 0.109375 0.04567307692307692 0.04807692307692308 0.07692307692307693
0 0.057692307692307696 0.3701923076923077 0.08653846153846154 0.375
0 0.04326923076923077 0.9146634615384616 0.08653846153846154 0.1658653846153846
0 0.12379807692307693 0.9074519230769231 0.07932692307692307 0.18028846153846154
0 0.17908653846153846 0.9026442307692307 0.05048076923076923 0.18990384615384615
2 0.10096153846153846 0.4699519230769231 0.1971153846153846 0.7259615384615384