0 0.0829326923076923 0.3401442307692308 0.11778846153846154 0.25
0 0.1622596153846154 0.2608173076923077 0.13701923076923078 0.2956730769230769
0 0.19831730769230768 0.45913461538461536 0.11298076923076923 0.11298076923076923
0 0.15985576923076922 0.5096153846153846 0.0625 0.10096153846153846
0 0.11177884615384616 0.49038461538461536 0.040865384615384616 0.08653846153846154
0 0.0625 0.5120192307692307 0.0625 0.09375
0 0.0673076923076923 0.5817307692307693 0.04807692307692308 0.09375
0 0.09615384615384616 0.578125 0.036057692307692304 0.0625
0 0.12620192307692307 0.5564903846153846 0.038461538461538464 0.06971153846153846
0 0.12860576923076922 0.6358173076923077 0.04326923076923077 0.07451923076923077
0 0.16346153846153846 0.6189903846153846 0.03125 0.06971153846153846
0 0.16947115384615385 0.5600961538461539 0.04326923076923077 0.05048076923076923
0 0.19471153846153846 0.5625 0.02403846153846154 0.057692307692307696
0 0.18509615384615385 0.6105769230769231 0.026442307692307692 0.0625
0 0.11057692307692307 0.6574519230769231 0.05048076923076923 0.06971153846153846
0 0.15865384615384615 0.7103365384615384 0.06009615384615385 0.08653846153846154
0 0.13822115384615385 0.7584134615384616 0.13221153846153846 0.18269230769230768
0 0.2536057692307692 0.7860576923076923 0.10336538461538461 0.08653846153846154
0 0.20552884615384615 0.7139423076923077 0.03365384615384615 0.06971153846153846
0 0.1875 0.6826923076923077 0.03365384615384615 0.057692307692307696
0 0.21514423076923078 0.6598557692307693 0.040865384615384616 0.05048076923076923
0 0.24879807692307693 0.546875 0.10096153846153846 0.1778846153846154
0 0.25 0.6790865384615384 0.040865384615384616 0.07692307692307693
0 0.27884615384615385 0.6598557692307693 0.036057692307692304 0.0625
0 0.27163461538461536 0.7199519230769231 0.03365384615384615 0.06971153846153846
0 0.24879807692307693 0.7548076923076923 0.03125 0.0625
0 0.22956730769230768 0.7007211538461539 0.019230769230769232 0.04326923076923077
0 0.24158653846153846 0.40625 0.038461538461538464 0.10576923076923077
0 0.23076923076923078 0.4026442307692308 0.028846153846153848 0.0625
0 0.25961538461538464 0.41466346153846156 0.040865384615384616 0.125
0 0.2704326923076923 0.39903846153846156 0.02403846153846154 0.06971153846153846
0 0.2608173076923077 0.3076923076923077 0.057692307692307696 0.125
0 0.24639423076923078 0.20432692307692307 0.07211538461538461 0.10817307692307693
0 0.3004807692307692 0.3173076923076923 0.040865384615384616 0.15865384615384615
0 0.2644230769230769 0.8425480769230769 0.1201923076923077 0.11298076923076923
0 0.35336538461538464 0.8425480769230769 0.0673076923076923 0.038461538461538464
0 0.3173076923076923 0.7860576923076923 0.07692307692307693 0.08653846153846154
0 0.33774038461538464 0.7740384615384616 0.08653846153846154 0.08653846153846154
0 0.2644230769230769 0.9375 0.08173076923076923 0.11298076923076923
0 0.40865384615384615 0.9278846153846154 0.09375 0.10576923076923077
0 0.5300480769230769 0.8990384615384616 0.052884615384615384 0.10096153846153846
0 0.4987980769230769 0.9423076923076923 0.09375 0.11057692307692307
0 0.6225961538461539 0.9086538461538461 0.13221153846153846 0.16826923076923078
0 0.6838942307692307 0.9579326923076923 0.11778846153846154 0.07932692307692307
0 0.7463942307692307 0.8329326923076923 0.11538461538461539 0.14423076923076922
0 0.8209134615384616 0.9146634615384616 0.10576923076923077 0.16826923076923078
0 0.8810096153846154 0.7956730769230769 0.08173076923076923 0.1201923076923077
0 0.8076923076923077 0.7800480769230769 0.08653846153846154 0.125
0 0.8762019230769231 0.6538461538461539 0.12980769230769232 0.16346153846153846
0 0.8100961538461539 0.6983173076923077 0.06009615384615385 0.10096153846153846
0 0.7908653846153846 0.6983173076923077 0.0673076923076923 0.10096153846153846
0 0.3858173076923077 0.33052884615384615 0.06009615384615385 0.15865384615384615
0 0.3401442307692308 0.3425480769230769 0.04326923076923077 0.14423076923076922
0 0.32572115384615385 0.2512019230769231 0.036057692307692304 0.08653846153846154
0 0.35697115384615385 0.21033653846153846 0.028846153846153848 0.09375
0 0.42427884615384615 0.13581730769230768 0.16346153846153846 0.22115384615384615
0 0.4735576923076923 0.29927884615384615 0.16826923076923078 0.23317307692307693
0 0.31971153846153844 0.7007211538461539 0.04567307692307692 0.10576923076923077
0 0.32091346153846156 0.6286057692307693 0.02403846153846154 0.05048076923076923
0 0.31009615384615385 0.6165865384615384 0.014423076923076924 0.02403846153846154
0 0.3233173076923077 0.5757211538461539 0.019230769230769232 0.03125
0 0.3076923076923077 0.5697115384615384 0.01201923076923077 0.03125
0 0.31490384615384615 0.5348557692307693 0.019230769230769232 0.038461538461538464
0 0.296875 0.4879807692307692 0.03365384615384615 0.057692307692307696
0 0.3233173076923077 0.47836538461538464 0.02403846153846154 0.05048076923076923
0 0.30528846153846156 0.43028846153846156 0.03125 0.04326923076923077
0 0.33052884615384615 0.421875 0.02403846153846154 0.0625
0 0.35336538461538464 0.42788461538461536 0.028846153846153848 0.05048076923076923
0 0.3713942307692308 0.43028846153846156 0.02403846153846154 0.057692307692307696
0 0.4014423076923077 0.4375 0.028846153846153848 0.057692307692307696
0 0.3870192307692308 0.47836538461538464 0.01201923076923077 0.02403846153846154
0 0.36899038461538464 0.49038461538461536 0.03365384615384615 0.05048076923076923
0 0.35096153846153844 0.5120192307692307 0.014423076923076924 0.04326923076923077
0 0.3581730769230769 0.6766826923076923 0.057692307692307696 0.1201923076923077
0 0.36658653846153844 0.546875 0.028846153846153848 0.05048076923076923
0 0.3942307692307692 0.578125 0.028846153846153848 0.05048076923076923
0 0.41346153846153844 0.5504807692307693 0.021634615384615384 0.03125
0 0.39302884615384615 0.5528846153846154 0.01201923076923077 0.02403846153846154
0 0.4098557692307692 0.5060096153846154 0.03365384615384615 0.057692307692307696
0 0.3858173076923077 0.5120192307692307 0.021634615384615384 0.04326923076923077
0 0.42908653846153844 0.6009615384615384 0.021634615384615384 0.04326923076923077
0 0.43509615384615385 0.6358173076923077 0.021634615384615384 0.038461538461538464
0 0.4495192307692308 0.6670673076923077 0.019230769230769232 0.038461538461538464
0 0.4675480769230769 0.6286057692307693 0.021634615384615384 0.05048076923076923
0 0.45552884615384615 0.59375 0.038461538461538464 0.057692307692307696
0 0.4098557692307692 0.6790865384615384 0.052884615384615384 0.08653846153846154
0 0.45913461538461536 0.7295673076923077 0.02403846153846154 0.038461538461538464
0 0.47115384615384615 0.7824519230769231 0.01201923076923077 0.04326923076923077
0 0.46033653846153844 0.7992788461538461 0.009615384615384616 0.02403846153846154
0 0.4735576923076923 0.7956730769230769 0.04807692307692308 0.08173076923076923
0 0.4987980769230769 0.8485576923076923 0.040865384615384616 0.05048076923076923
0 0.5504807692307693 0.8305288461538461 0.038461538461538464 0.038461538461538464
0 0.5600961538461539 0.7584134615384616 0.05048076923076923 0.08173076923076923
0 0.5492788461538461 0.7764423076923077 0.009615384615384616 0.019230769230769232
0 0.6033653846153846 0.6887019230769231 0.019230769230769232 0.03125
0 0.5925480769230769 0.6538461538461539 0.052884615384615384 0.10096153846153846
0 0.49399038461538464 0.5288461538461539 0.03125 0.125
0 0.4639423076923077 0.47115384615384615 0.03365384615384615 0.125
0 0.43028846153846156 0.40625 0.02403846153846154 0.09375
0 0.44471153846153844 0.5 0.052884615384615384 0.1201923076923077
0 0.5012019230769231 0.421875 0.04807692307692308 0.08653846153846154
0 0.5372596153846154 0.33653846153846156 0.04326923076923077 0.09375
0 0.5360576923076923 0.21033653846153846 0.036057692307692304 0.10576923076923077
0 0.5625 0.15985576923076922 0.05048076923076923 0.09375
0 0.6225961538461539 0.13581730769230768 0.07692307692307693 0.1201923076923077
0 0.7007211538461539 0.12259615384615384 0.07692307692307693 0.14423076923076922
0 0.796875 0.14783653846153846 0.14903846153846154 0.27163461538461536
0 0.8870192307692307 0.22956730769230768 0.1201923076923077 0.23317307692307693
0 0.7463942307692307 0.4375 0.15384615384615385 0.19471153846153846
0 0.75 0.3076923076923077 0.12259615384615384 0.25240384615384615
0 0.703125 0.2644230769230769 0.028846153846153848 0.0625
0 0.6923076923076923 0.20793269230769232 0.02403846153846154 0.02403846153846154
0 0.6790865384615384 0.24519230769230768 0.02403846153846154 0.038461538461538464
0 0.6875 0.3329326923076923 0.014423076923076924 0.08653846153846154
0 0.6766826923076923 0.3016826923076923 0.01201923076923077 0.07692307692307693
0 0.6586538461538461 0.31490384615384615 0.021634615384615384 0.08653846153846154
0 0.6394230769230769 0.3401442307692308 0.03365384615384615 0.07692307692307693
0 0.6358173076923077 0.38341346153846156 0.057692307692307696 0.08653846153846154
0 0.6382211538461539 0.22956730769230768 0.02403846153846154 0.057692307692307696
0 0.6334134615384616 0.2824519230769231 0.028846153846153848 0.038461538461538464
0 0.5925480769230769 0.21394230769230768 0.06009615384615385 0.08653846153846154
0 0.6057692307692307 0.2956730769230769 0.028846153846153848 0.07692307692307693
0 0.578125 0.28966346153846156 0.03125 0.0625
0 0.5877403846153846 0.3713942307692308 0.03125 0.0625
0 0.5673076923076923 0.33653846153846156 0.028846153846153848 0.04326923076923077
0 0.5552884615384616 0.3401442307692308 0.03365384615384615 0.01201923076923077
0 0.578125 0.42788461538461536 0.03125 0.0625
0 0.5360576923076923 0.45913461538461536 0.028846153846153848 0.05048076923076923
0 0.5661057692307693 0.49399038461538464 0.02403846153846154 0.057692307692307696
0 0.5372596153846154 0.5 0.02403846153846154 0.057692307692307696
0 0.5300480769230769 0.546875 0.021634615384615384 0.038461538461538464
0 0.5084134615384616 0.5817307692307693 0.028846153846153848 0.057692307692307696
0 0.5288461538461539 0.6129807692307693 0.019230769230769232 0.057692307692307696
0 0.5492788461538461 0.6262019230769231 0.028846153846153848 0.04326923076923077
0 0.5492788461538461 0.6598557692307693 0.021634615384615384 0.038461538461538464
0 0.5192307692307693 0.6538461538461539 0.03125 0.0625
0 0.5673076923076923 0.5528846153846154 0.040865384615384616 0.0625
0 0.5600961538461539 0.5877403846153846 0.019230769230769232 0.03125
0 0.5012019230769231 0.7103365384615384 0.028846153846153848 0.0625
0 0.5192307692307693 0.7355769230769231 0.02403846153846154 0.05048076923076923
0 0.6213942307692307 0.5096153846153846 0.028846153846153848 0.038461538461538464
0 0.6081730769230769 0.5600961538461539 0.021634615384615384 0.05048076923076923
0 0.6382211538461539 0.6262019230769231 0.02403846153846154 0.04326923076923077
0 0.6490384615384616 0.7079326923076923 0.12259615384615384 0.10576923076923077
0 0.6117788461538461 0.8052884615384616 0.08653846153846154 0.13942307692307693
0 0.6850961538461539 0.7487980769230769 0.08653846153846154 0.08653846153846154
0 0.6923076923076923 0.7331730769230769 0.07692307692307693 0.10576923076923077
0 0.7043269230769231 0.7764423076923077 0.08173076923076923 0.08173076923076923
0 0.6310096153846154 0.5564903846153846 0.028846153846153848 0.04326923076923077
0 0.6358173076923077 0.5877403846153846 0.02403846153846154 0.03125
0 0.6586538461538461 0.5817307692307693 0.028846153846153848 0.04326923076923077
0 0.6490384615384616 0.5444711538461539 0.028846153846153848 0.03125
0 0.6526442307692307 0.5120192307692307 0.028846153846153848 0.03125
0 0.6778846153846154 0.5036057692307693 0.021634615384615384 0.038461538461538464
0 0.6850961538461539 0.46875 0.019230769230769232 0.04326923076923077
0 0.6971153846153846 0.515625 0.014423076923076924 0.02403846153846154
0 0.7151442307692307 0.5252403846153846 0.014423076923076924 0.04326923076923077
0 0.7355769230769231 0.5372596153846154 0.02403846153846154 0.04326923076923077
0 0.7247596153846154 0.578125 0.014423076923076924 0.038461538461538464
0 0.7103365384615384 0.5661057692307693 0.01201923076923077 0.02403846153846154
0 0.6947115384615384 0.59375 0.03125 0.04326923076923077
0 0.6983173076923077 0.5564903846153846 0.019230769230769232 0.03125
0 0.6778846153846154 0.5600961538461539 0.014423076923076924 0.038461538461538464
0 0.6622596153846154 0.578125 0.014423076923076924 0.038461538461538464
0 0.6622596153846154 0.6189903846153846 0.028846153846153848 0.03125
0 0.6983173076923077 0.6442307692307693 0.038461538461538464 0.06971153846153846
0 0.7644230769230769 0.5600961538461539 0.02403846153846154 0.05048076923076923
0 0.7463942307692307 0.6009615384615384 0.040865384615384616 0.06971153846153846
0 0.7295673076923077 0.6442307692307693 0.05048076923076923 0.06971153846153846
0 0.7788461538461539 0.6694711538461539 0.040865384615384616 0.057692307692307696
0 0.7439903846153846 0.7079326923076923 0.03365384615384615 0.057692307692307696
0 0.7860576923076923 0.6286057692307693 0.04326923076923077 0.038461538461538464
0 0.8209134615384616 0.6286057692307693 0.02403846153846154 0.038461538461538464
0 0.7956730769230769 0.5504807692307693 0.057692307692307696 0.14423076923076922
0 0.8557692307692307 0.5853365384615384 0.0625 0.07692307692307693
0 0.8485576923076923 0.36778846153846156 0.038461538461538464 0.06971153846153846
0 0.8209134615384616 0.38100961538461536 0.03125 0.08173076923076923
0 0.8173076923076923 0.453125 0.03125 0.05048076923076923
0 0.8425480769230769 0.43028846153846156 0.03125 0.04326923076923077
0 0.84375 0.484375 0.040865384615384616 0.0625
0 0.8485576923076923 0.5372596153846154 0.057692307692307696 0.057692307692307696
0 0.8725961538461539 0.42788461538461536 0.028846153846153848 0.0625
0 0.8689903846153846 0.49038461538461536 0.014423076923076924 0.038461538461538464
0 0.8834134615384616 0.5 0.03125 0.08173076923076923
0 0.8882211538461539 0.5625 0.028846153846153848 0.04326923076923077
0 0.9182692307692307 0.5060096153846154 0.04326923076923077 0.1201923076923077
0 0.9074519230769231 0.4026442307692308 0.021634615384615384 0.038461538461538464
0 0.8870192307692307 0.36177884615384615 0.03125 0.04326923076923077
0 0.9182692307692307 0.4338942307692308 0.02403846153846154 0.038461538461538464
0 0.9447115384615384 0.39903846153846156 0.021634615384615384 0.04326923076923077
0 0.9278846153846154 0.3894230769230769 0.02403846153846154 0.038461538461538464
0 0.9182692307692307 0.35216346153846156 0.02403846153846154 0.05048076923076923
0 0.9471153846153846 0.3485576923076923 0.02403846153846154 0.04326923076923077
0 0.9350961538461539 0.31490384615384615 0.040865384615384616 0.05048076923076923
0 0.9699519230769231 0.34615384615384615 0.028846153846153848 0.05048076923076923