0 0.41586538461538464 0.7247596153846154 0.09375 0.11538461538461539
0 0.33774038461538464 0.6382211538461539 0.15144230769230768 0.17307692307692307
0 0.20673076923076922 0.6105769230769231 0.17307692307692307 0.16346153846153846
0 0.23798076923076922 0.49759615384615385 0.13942307692307693 0.0985576923076923
0 0.14423076923076922 0.47596153846153844 0.10336538461538461 0.10576923076923077
0 0.23317307692307693 0.40865384615384615 0.1201923076923077 0.08173076923076923
0 0.24879807692307693 0.28725961538461536 0.15144230769230768 0.1466346153846154
0 0.3449519230769231 0.3401442307692308 0.15625 0.13942307692307693
0 0.3737980769230769 0.2536057692307692 0.11538461538461539 0.07211538461538461
0 0.49158653846153844 0.2776442307692308 0.08413461538461539 0.09375
0 0.4579326923076923 0.375 0.07211538461538461 0.09375
0 0.36899038461538464 0.49158653846153844 0.1346153846153846 0.16346153846153846
0 0.49278846153846156 0.5817307692307693 0.16826923076923078 0.14182692307692307
0 0.5024038461538461 0.7019230769230769 0.11538461538461539 0.125
0 0.6574519230769231 0.546875 0.20432692307692307 0.16826923076923078
0 0.5288461538461539 0.42908653846153844 0.16826923076923078 0.17307692307692307
0 0.5757211538461539 0.3581730769230769 0.11057692307692307 0.11057692307692307
0 0.59375 0.2536057692307692 0.11057692307692307 0.09615384615384616
0 0.6838942307692307 0.41947115384615385 0.1346153846153846 0.1201923076923077