0 0.06490384615384616 0.19591346153846154 0.12980769230769232 0.22115384615384615
0 0.15865384615384615 0.203125 0.28365384615384615 0.21394230769230768
0 0.2091346153846154 0.359375 0.18269230769230768 0.10576923076923077
0 0.35216346153846156 0.140625 0.15625 0.2283653846153846
0 0.5192307692307693 0.14182692307692307 0.15625 0.28365384615384615
0 0.421875 0.24759615384615385 0.08173076923076923 0.09615384615384616
0 0.6105769230769231 0.23798076923076922 0.1778846153846154 0.2548076923076923
0 0.6959134615384616 0.1935096153846154 0.1778846153846154 0.08653846153846154
0 0.7716346153846154 0.20793269230769232 0.2644230769230769 0.21153846153846154
0 0.8173076923076923 0.24879807692307693 0.25961538461538464 0.13701923076923078
0 0.8413461538461539 0.2824519230769231 0.3076923076923077 0.20192307692307693
0 0.08653846153846154 0.5853365384615384 0.17307692307692307 0.5865384615384616
0 0.265625 0.6274038461538461 0.3389423076923077 0.7379807692307693
0 0.41346153846153844 0.5685096153846154 0.25961538461538464 0.6634615384615384
0 0.6262019230769231 0.6346153846153846 0.4567307692307692 0.7235576923076923
0 0.7980769230769231 0.6033653846153846 0.3942307692307692 0.6682692307692307