0 0.2848557692307692 0.5961538461538461 0.1875 0.1875
0 0.15384615384615385 0.6165865384615384 0.07451923076923077 0.07692307692307693
0 0.43028846153846156 0.5444711538461539 0.15865384615384615 0.16346153846153846
0 0.4795673076923077 0.6742788461538461 0.24759615384615385 0.25
0 0.5817307692307693 0.6213942307692307 0.125 0.16346153846153846
0 0.5721153846153846 0.78125 0.19230769230769232 0.22596153846153846
0 0.4951923076923077 0.8725961538461539 0.16826923076923078 0.14423076923076922
0 0.6358173076923077 0.7644230769230769 0.10336538461538461 0.15865384615384615
0 0.36658653846153844 0.31971153846153844 0.07932692307692307 0.09375
0 0.025240384615384616 0.5336538461538461 0.04326923076923077 0.0889423076923077
0 0.38341346153846156 0.24639423076923078 0.057692307692307696 0.05048076923076923
0 0.296875 0.26802884615384615 0.11778846153846154 0.11057692307692307
0 0.21514423076923078 0.3449519230769231 0.057692307692307696 0.06009615384615385
0 0.4951923076923077 0.31490384615384615 0.12980769230769232 0.1346153846153846
0 0.49759615384615385 0.4110576923076923 0.02403846153846154 0.028846153846153848
0 0.5793269230769231 0.27884615384615385 0.13221153846153846 0.22596153846153846
0 0.5372596153846154 0.17668269230769232 0.11298076923076923 0.14903846153846154
0 0.4411057692307692 0.1622596153846154 0.15384615384615385 0.1778846153846154
0 0.28725961538461536 0.23197115384615385 0.11778846153846154 0.24278846153846154
0 0.18028846153846154 0.28125 0.2764423076923077 0.1971153846153846
0 0.6887019230769231 0.08774038461538461 0.1346153846153846 0.14903846153846154
0 0.6310096153846154 0.04567307692307692 0.15144230769230768 0.08653846153846154
0 0.4651442307692308 0.04807692307692308 0.13701923076923078 0.09134615384615384
0 0.75 0.11298076923076923 0.11538461538461539 0.13221153846153846
0 0.7944711538461539 0.3293269230769231 0.07451923076923077 0.0985576923076923
0 0.8617788461538461 0.4026442307692308 0.11538461538461539 0.10576923076923077
0 0.9158653846153846 0.40865384615384615 0.07451923076923077 0.10096153846153846
0 0.9675480769230769 0.5036057692307693 0.06009615384615385 0.12259615384615384
0 0.8485576923076923 0.5132211538461539 0.0889423076923077 0.0889423076923077
0 0.8713942307692307 0.6237980769230769 0.10576923076923077 0.0985576923076923
0 0.9230769230769231 0.6658653846153846 0.0625 0.04807692307692308
0 0.9014423076923077 0.7463942307692307 0.08413461538461539 0.0625
0 0.8545673076923077 0.6911057692307693 0.06490384615384616 0.055288461538461536
0 0.8112980769230769 0.7175480769230769 0.04326923076923077 0.028846153846153848