0 0.6706730769230769 0.1201923076923077 0.2403846153846154 0.1971153846153846
0 0.890625 0.38221153846153844 0.21634615384615385 0.22115384615384615
0 0.875 0.5420673076923077 0.16826923076923078 0.1971153846153846
0 0.6995192307692307 0.6538461538461539 0.2620192307692308 0.23076923076923078
0 0.22235576923076922 0.6983173076923077 0.125 0.15144230769230768
0 0.1201923076923077 0.7776442307692307 0.0889423076923077 0.0889423076923077
0 0.0889423076923077 0.7848557692307693 0.11538461538461539 0.16346153846153846
0 0.20192307692307693 0.5132211538461539 0.3317307692307692 0.17307692307692307
0 0.2620192307692308 0.3112980769230769 0.1346153846153846 0.40865384615384615
0 0.125 0.3798076923076923 0.1346153846153846 0.10096153846153846
0 0.2536057692307692 0.1466346153846154 0.1875 0.1346153846153846
0 0.42427884615384615 0.4182692307692308 0.2091346153846154 0.14182692307692307
0 0.625 0.31971153846153844 0.28846153846153844 0.28365384615384615
0 0.7439903846153846 0.5048076923076923 0.03125 0.11057692307692307
0 0.5997596153846154 0.25961538461538464 0.40865384615384615 0.0673076923076923
0 0.7908653846153846 0.2283653846153846 0.1346153846153846 0.038461538461538464
0 0.8353365384615384 0.20673076923076922 0.11538461538461539 0.10096153846153846
0 0.8509615384615384 0.14182692307692307 0.12980769230769232 0.04326923076923077
0 0.8713942307692307 0.17307692307692307 0.0889423076923077 0.0625
0 0.46634615384615385 0.47836538461538464 0.11538461538461539 0.1201923076923077
0 0.41346153846153844 0.421875 0.1778846153846154 0.15144230769230768
0 0.7283653846153846 0.7932692307692307 0.25721153846153844 0.1466346153846154
0 0.49278846153846156 0.8305288461538461 0.22115384615384615 0.16826923076923078
0 0.33774038461538464 0.9290865384615384 0.23076923076923078 0.1346153846153846
0 0.6045673076923077 0.9350961538461539 0.25721153846153844 0.1201923076923077
0 0.6730769230769231 0.025240384615384616 0.16826923076923078 0.05048076923076923
0 0.5096153846153846 0.4987980769230769 0.9759615384615384 0.9975961538461539