0 0.6033653846153846 0.28846153846153844 0.16346153846153846 0.12259615384615384
0 0.5829326923076923 0.18509615384615385 0.10336538461538461 0.08413461538461539
0 0.5721153846153846 0.11899038461538461 0.07211538461538461 0.052884615384615384
0 0.6370192307692307 0.18269230769230768 0.057692307692307696 0.0889423076923077
0 0.7139423076923077 0.25240384615384615 0.057692307692307696 0.1971153846153846
0 0.6730769230769231 0.11778846153846154 0.23076923076923078 0.1201923076923077
0 0.7836538461538461 0.13701923076923078 0.09134615384615384 0.1875
0 0.7367788461538461 0.3004807692307692 0.0625 0.16105769230769232
0 0.7728365384615384 0.3233173076923077 0.052884615384615384 0.18509615384615385
0 0.71875 0.5480769230769231 0.23076923076923078 0.17307692307692307
0 0.6646634615384616 0.46875 0.23557692307692307 0.1466346153846154
0 0.6310096153846154 0.39663461538461536 0.17067307692307693 0.11538461538461539
0 0.48197115384615385 0.3173076923076923 0.15865384615384615 0.10336538461538461
0 0.38461538461538464 0.26322115384615385 0.14903846153846154 0.1875
0 0.4254807692307692 0.2091346153846154 0.25240384615384615 0.2644230769230769
0 0.29927884615384615 0.34975961538461536 0.24759615384615385 0.12259615384615384
0 0.47115384615384615 0.4254807692307692 0.14903846153846154 0.1201923076923077
0 0.4326923076923077 0.5540865384615384 0.25721153846153844 0.15384615384615385
0 0.6730769230769231 0.6478365384615384 0.25240384615384615 0.1658653846153846
0 0.44350961538461536 0.7283653846153846 0.25721153846153844 0.20432692307692307
0 0.6670673076923077 0.8341346153846154 0.31490384615384615 0.24519230769230768