0 0.6081730769230769 0.6033653846153846 0.1346153846153846 0.10336538461538461
0 0.6117788461538461 0.5288461538461539 0.10576923076923077 0.10817307692307693
0 0.6201923076923077 0.7908653846153846 0.1201923076923077 0.15865384615384615
0 0.7103365384615384 0.7451923076923077 0.08653846153846154 0.1201923076923077
0 0.7896634615384616 0.7139423076923077 0.08173076923076923 0.09615384615384616
0 0.7872596153846154 0.7860576923076923 0.0625 0.057692307692307696
0 0.7259615384615384 0.6574519230769231 0.09134615384615384 0.0673076923076923
0 0.7932692307692307 0.6081730769230769 0.07211538461538461 0.09134615384615384
0 0.7175480769230769 0.5853365384615384 0.09134615384615384 0.08653846153846154
0 0.7896634615384616 0.5408653846153846 0.07211538461538461 0.10336538461538461
0 0.7103365384615384 0.49278846153846156 0.07692307692307693 0.08653846153846154
0 0.796875 0.453125 0.0889423076923077 0.09134615384615384
0 0.7800480769230769 0.3401442307692308 0.06971153846153846 0.11298076923076923
0 0.7512019230769231 0.2247596153846154 0.17307692307692307 0.23076923076923078
0 0.6442307692307693 0.18028846153846154 0.08653846153846154 0.14423076923076922
0 0.6310096153846154 0.29927884615384615 0.0889423076923077 0.09134615384615384
0 0.5564903846153846 0.3088942307692308 0.08653846153846154 0.09134615384615384
0 0.5612980769230769 0.19110576923076922 0.09615384615384616 0.14423076923076922
0 0.5480769230769231 0.3762019230769231 0.34615384615384615 0.07211538461538461
0 0.6538461538461539 0.4206730769230769 0.17307692307692307 0.1201923076923077
0 0.453125 0.4567307692307692 0.2283653846153846 0.07692307692307693
0 0.3557692307692308 0.48677884615384615 0.13942307692307693 0.07692307692307693
0 0.48677884615384615 0.5228365384615384 0.125 0.057692307692307696
0 0.40384615384615385 0.5588942307692307 0.21153846153846154 0.10817307692307693
0 0.44591346153846156 0.6081730769230769 0.15865384615384615 0.0625
0 0.359375 0.7752403846153846 0 0.004807692307692308
0 0.47475961538461536 0.7007211538461539 0.18509615384615385 0.28846153846153844
0 0.28725961538461536 0.6887019230769231 0.18269230769230768 0.25240384615384615
0 0.3557692307692308 0.3762019230769231 0.052884615384615384 0.08173076923076923
0 0.4326923076923077 0.3245192307692308 0.10096153846153846 0.1346153846153846
0 0.4495192307692308 0.2091346153846154 0.08173076923076923 0.13942307692307693
0 0.3762019230769231 0.18870192307692307 0.0889423076923077 0.10817307692307693
0 0.3473557692307692 0.234375 0.07692307692307693 0.10817307692307693
0 0.36658653846153844 0.296875 0.0625 0.09615384615384616
0 0.27403846153846156 0.3786057692307692 0.038461538461538464 0.0673076923076923
0 0.2800480769230769 0.2932692307692308 0.05048076923076923 0.10336538461538461
0 0.26802884615384615 0.18269230769230768 0.0673076923076923 0.09615384615384616
0 0.3245192307692308 0.1778846153846154 0.0625 0.08653846153846154
0 0.18389423076923078 0.49278846153846156 0.07211538461538461 0.7572115384615384
0 0.23918269230769232 0.41466346153846156 0.052884615384615384 0.49038461538461536
0 0.29927884615384615 0.42788461538461536 0.08173076923076923 0.3293269230769231
0 0.32211538461538464 0.6730769230769231 0.10576923076923077 0.18028846153846154
5 0.36658653846153844 0.28125 0.2932692307692308 0.33653846153846156
5 0.7572115384615384 0.6213942307692307 0.16826923076923078 0.44711538461538464