0 0.32091346153846156 0.17307692307692307 0.21634615384615385 0.2644230769230769
0 0.0733173076923077 0.45552884615384615 0.11298076923076923 0.1778846153846154
0 0.04807692307692308 0.5925480769230769 0.09134615384615384 0.32211538461538464
0 0.1346153846153846 0.8233173076923077 0.21634615384615385 0.30528846153846156
0 0.09615384615384616 0.8834134615384616 0.1875 0.22115384615384615
0 0.1971153846153846 0.49399038461538464 0.25721153846153844 0.37740384615384615
0 0.19591346153846154 0.24879807692307693 0.17307692307692307 0.46153846153846156
0 0.09975961538461539 0.23918269230769232 0.19230769230769232 0.3605769230769231
0 0.04807692307692308 0.2091346153846154 0.09134615384615384 0.2403846153846154
0 0.09495192307692307 0.08413461538461539 0.17067307692307693 0.16826923076923078
0 0.5576923076923077 0.30528846153846156 0.16105769230769232 0.22596153846153846
0 0.5432692307692307 0.5324519230769231 0.1346153846153846 0.19230769230769232
0 0.5877403846153846 0.6442307692307693 0.15384615384615385 0.18509615384615385
0 0.7079326923076923 0.7872596153846154 0.25961538461538464 0.22115384615384615
0 0.5396634615384616 0.8052884615384616 0.12980769230769232 0.2091346153846154
0 0.453125 0.7692307692307693 0.057692307692307696 0.0673076923076923
0 0.44711538461538464 0.7271634615384616 0.04807692307692308 0.052884615384615384
0 0.42908653846153844 0.6887019230769231 0.04807692307692308 0.08413461538461539
0 0.3954326923076923 0.7788461538461539 0.06009615384615385 0.08413461538461539
0 0.3401442307692308 0.7427884615384616 0.0625 0.07211538461538461
0 0.3786057692307692 0.7007211538461539 0.038461538461538464 0.07211538461538461
0 0.3269230769230769 0.6826923076923077 0.055288461538461536 0.08413461538461539
0 0.3004807692307692 0.5865384615384616 0.16346153846153846 0.16826923076923078
0 0.4519230769230769 0.6466346153846154 0.13942307692307693 0.21634615384615385
0 0.3737980769230769 0.4879807692307692 0.15625 0.18509615384615385
0 0.27524038461538464 0.7151442307692307 0.0673076923076923 0.13942307692307693
0 0.22716346153846154 0.6670673076923077 0.057692307692307696 0.10096153846153846
0 0.17548076923076922 0.7211538461538461 0.04807692307692308 0.0673076923076923
0 0.20432692307692307 0.7548076923076923 0.0625 0.10817307692307693
0 0.2512019230769231 0.8088942307692307 0.057692307692307696 0.09615384615384616
0 0.296875 0.8497596153846154 0.06971153846153846 0.13221153846153846
0 0.3557692307692308 0.8353365384615384 0.038461538461538464 0.0673076923076923
0 0.3269230769230769 0.8954326923076923 0.04326923076923077 0.0673076923076923
0 0.40024038461538464 0.9314903846153846 0.06971153846153846 0.125
0 0.36538461538461536 0.9615384615384616 0.052884615384615384 0.0673076923076923
0 0.31009615384615385 0.9615384615384616 0.057692307692307696 0.0673076923076923
0 0.2644230769230769 0.9495192307692307 0.04326923076923077 0.07692307692307693
0 0.3389423076923077 0.36778846153846156 0.03365384615384615 0.0673076923076923
0 0.35336538461538464 0.3173076923076923 0.036057692307692304 0.06009615384615385
0 0.37740384615384615 0.36778846153846156 0.04326923076923077 0.07692307692307693
0 0.38822115384615385 0.2932692307692308 0.038461538461538464 0.07211538461538461
0 0.41586538461538464 0.3233173076923077 0.038461538461538464 0.07211538461538461
0 0.44350961538461536 0.34375 0.04326923076923077 0.0673076923076923
0 0.41586538461538464 0.40384615384615385 0.03365384615384615 0.0673076923076923
0 0.4483173076923077 0.421875 0.03365384615384615 0.052884615384615384
0 0.46033653846153844 0.4795673076923077 0.028846153846153848 0.06009615384615385
0 0.4170673076923077 0.19471153846153846 0.03125 0.07692307692307693
0 0.4362980769230769 0.2548076923076923 0.036057692307692304 0.0673076923076923
0 0.44471153846153844 0.18870192307692307 0.026442307692307692 0.052884615384615384
0 0.4723557692307692 0.23076923076923078 0.03365384615384615 0.0673076923076923
0 0.4639423076923077 0.13822115384615385 0.02403846153846154 0.06009615384615385
0 0.45072115384615385 0.1141826923076923 0.028846153846153848 0.06009615384615385
0 0.49158653846153844 0.17307692307692307 0.026442307692307692 0.04807692307692308
0 0.49278846153846156 0.12860576923076922 0.02403846153846154 0.052884615384615384
0 0.47716346153846156 0.09254807692307693 0.028846153846153848 0.052884615384615384
0 0.4651442307692308 0.056490384615384616 0.026442307692307692 0.052884615384615384
0 0.4879807692307692 0.06610576923076923 0.019230769230769232 0.036057692307692304
0 0.5168269230769231 0.07211538461538461 0.016826923076923076 0.02403846153846154
0 0.5144230769230769 0.1201923076923077 0.019230769230769232 0.06009615384615385
0 0.5168269230769231 0.17067307692307693 0.02403846153846154 0.052884615384615384
0 0.546875 0.16466346153846154 0.036057692307692304 0.052884615384615384
0 0.5420673076923077 0.1141826923076923 0.026442307692307692 0.06009615384615385
0 0.5612980769230769 0.12259615384615384 0.019230769230769232 0.052884615384615384
0 0.5625 0.03485576923076923 0.17307692307692307 0.06490384615384616
0 0.43149038461538464 0.025240384615384616 0.10336538461538461 0.04567307692307692
0 0.3137019230769231 0.037259615384615384 0.22355769230769232 0.06971153846153846
0 0.5949519230769231 0.15264423076923078 0.03365384615384615 0.07692307692307693
0 0.5841346153846154 0.09254807692307693 0.03365384615384615 0.04326923076923077
0 0.6310096153846154 0.1622596153846154 0.040865384615384616 0.06009615384615385
0 0.6213942307692307 0.10216346153846154 0.03365384615384615 0.04807692307692308
0 0.6478365384615384 0.1201923076923077 0.026442307692307692 0.04807692307692308
0 0.6442307692307693 0.056490384615384616 0.019230769230769232 0.052884615384615384
0 0.6057692307692307 0.05048076923076923 0.03125 0.04326923076923077
0 0.6622596153846154 0.08653846153846154 0.028846153846153848 0.04326923076923077
0 0.6742788461538461 0.1141826923076923 0.019230769230769232 0.036057692307692304
0 0.6694711538461539 0.15264423076923078 0.028846153846153848 0.04326923076923077
0 0.7379807692307693 0.22115384615384615 0.22596153846153846 0.18028846153846154
0 0.6862980769230769 0.41346153846153844 0.14903846153846154 0.27403846153846156
0 0.7247596153846154 0.6165865384615384 0.1201923076923077 0.19230769230769232
0 0.7920673076923077 0.5540865384615384 0.09615384615384616 0.2091346153846154
0 0.8834134615384616 0.5384615384615384 0.125 0.21634615384615385
0 0.8125 0.36538461538461536 0.12259615384615384 0.20432692307692307
0 0.9290865384615384 0.4170673076923077 0.13701923076923078 0.3918269230769231
0 0.7163461538461539 0.0733173076923077 0.16346153846153846 0.14182692307692307
0 0.859375 0.037259615384615384 0.15144230769230768 0.06971153846153846
0 0.9579326923076923 0.04807692307692308 0.07932692307692307 0.09134615384615384
0 0.8786057692307693 0.140625 0.23798076923076922 0.1658653846153846
0 0.875 0.22716346153846154 0.04326923076923077 0.07211538461538461
0 0.890625 0.8954326923076923 0.1201923076923077 0.1971153846153846
0 0.9555288461538461 0.9194711538461539 0.08413461538461539 0.15144230769230768
0 0.9699519230769231 0.6911057692307693 0.03365384615384615 0.07692307692307693
0 0.9771634615384616 0.7692307692307693 0.038461538461538464 0.07692307692307693
0 0.9939903846153846 0.7151442307692307 0.007211538461538462 0.04567307692307692
0 0.9879807692307693 0.6514423076923077 0.019230769230769232 0.08173076923076923
0 0.9819711538461539 0.8497596153846154 0.03125 0.07451923076923077
0 0.8269230769230769 0.7548076923076923 0.25961538461538464 0.21634615384615385
0 0.3918269230769231 0.8353365384615384 0.026442307692307692 0.052884615384615384
0 0.421875 0.8473557692307693 0.026442307692307692 0.04326923076923077
0 0.453125 0.84375 0.02403846153846154 0.04807692307692308
0 0.45552884615384615 0.7992788461538461 0.026442307692307692 0.028846153846153848
0 0.4879807692307692 0.8028846153846154 0.019230769230769232 0.036057692307692304
0 0.47836538461538464 0.8353365384615384 0.019230769230769232 0.028846153846153848
0 0.5120192307692307 0.84375 0.019230769230769232 0.036057692307692304
0 0.49278846153846156 0.8677884615384616 0.02403846153846154 0.036057692307692304
0 0.4567307692307692 0.8533653846153846 0.036057692307692304 0.04326923076923077
0 0.46033653846153844 0.9014423076923077 0.02403846153846154 0.04326923076923077
0 0.49038461538461536 0.9158653846153846 0.028846153846153848 0.06009615384615385
0 0.4519230769230769 0.9338942307692307 0.03365384615384615 0.04807692307692308
0 0.45072115384615385 0.9735576923076923 0.028846153846153848 0.04326923076923077
0 0.4735576923076923 0.9759615384615384 0.02403846153846154 0.036057692307692304
0 0.5 0.9759615384615384 0.016826923076923076 0.036057692307692304
0 0.5144230769230769 0.9278846153846154 0.026442307692307692 0.04807692307692308
0 0.5336538461538461 0.9615384615384616 0.028846153846153848 0.04326923076923077
0 0.5396634615384616 0.921875 0.016826923076923076 0.036057692307692304
0 0.5576923076923077 0.9675480769230769 0.019230769230769232 0.052884615384615384
0 0.5637019230769231 0.9254807692307693 0.02403846153846154 0.028846153846153848
0 0.5649038461538461 0.8858173076923077 0.026442307692307692 0.04807692307692308
0 0.5877403846153846 0.9098557692307693 0.026442307692307692 0.04807692307692308
0 0.5925480769230769 0.9495192307692307 0.028846153846153848 0.052884615384615384
0 0.5997596153846154 0.9759615384615384 0.028846153846153848 0.036057692307692304
0 0.578125 0.9855769230769231 0.026442307692307692 0.019230769230769232
0 0.625 0.9375 0.03365384615384615 0.04326923076923077
0 0.6310096153846154 0.9699519230769231 0.03365384615384615 0.04807692307692308
0 0.6225961538461539 0.9014423076923077 0.028846153846153848 0.052884615384615384
0 0.6045673076923077 0.8798076923076923 0.019230769230769232 0.04807692307692308
0 0.6081730769230769 0.8209134615384616 0.019230769230769232 0.04807692307692308
0 0.6346153846153846 0.8293269230769231 0.03365384615384615 0.0673076923076923
0 0.6598557692307693 0.8233173076923077 0.028846153846153848 0.028846153846153848
0 0.6646634615384616 0.8617788461538461 0.03365384615384615 0.04807692307692308
0 0.640625 0.8617788461538461 0.026442307692307692 0.02403846153846154
0 0.6694711538461539 0.9038461538461539 0.028846153846153848 0.036057692307692304
0 0.6694711538461539 0.859375 0.02403846153846154 0.04326923076923077
0 0.6923076923076923 0.8533653846153846 0.016826923076923076 0.028846153846153848
0 0.6947115384615384 0.8834134615384616 0.019230769230769232 0.028846153846153848
0 0.6646634615384616 0.9699519230769231 0.03365384615384615 0.04807692307692308
0 0.6658653846153846 0.9435096153846154 0.016826923076923076 0.019230769230769232
0 0.6911057692307693 0.9555288461538461 0.019230769230769232 0.04326923076923077
0 0.7115384615384616 0.9819711538461539 0.026442307692307692 0.02403846153846154
0 0.7271634615384616 0.9495192307692307 0.026442307692307692 0.0673076923076923
0 0.7079326923076923 0.9555288461538461 0.014423076923076924 0.028846153846153848
0 0.7139423076923077 0.9134615384615384 0.019230769230769232 0.04326923076923077
0 0.7295673076923077 0.8713942307692307 0.02403846153846154 0.04326923076923077
0 0.7043269230769231 0.8533653846153846 0.026442307692307692 0.04326923076923077
0 0.7403846153846154 0.9134615384615384 0.026442307692307692 0.052884615384615384
0 0.765625 0.9098557692307693 0.036057692307692304 0.04807692307692308
0 0.7560096153846154 0.9639423076923077 0.028846153846153848 0.06009615384615385
0 0.7776442307692307 0.9399038461538461 0.03365384615384615 0.036057692307692304
0 0.7956730769230769 0.9759615384615384 0.04326923076923077 0.036057692307692304
0 0.8028846153846154 0.9519230769230769 0.02403846153846154 0.02403846153846154
0 0.7956730769230769 0.9074519230769231 0.028846153846153848 0.052884615384615384
0 0.8245192307692307 0.9254807692307693 0.026442307692307692 0.04326923076923077
0 0.84375 0.9639423076923077 0.026442307692307692 0.04807692307692308