0 0.9423076923076923 0.9014423076923077 0.11057692307692307 0.1875
0 0.8930288461538461 0.71875 0.19230769230769232 0.32211538461538464
0 0.7836538461538461 0.5 0.3076923076923077 0.4423076923076923
0 0.8004807692307693 0.27283653846153844 0.15865384615384615 0.1201923076923077
0 0.6706730769230769 0.16706730769230768 0.22355769230769232 0.25721153846153844
0 0.6141826923076923 0.3004807692307692 0.14423076923076922 0.07692307692307693
0 0.5685096153846154 0.4098557692307692 0.19951923076923078 0.20673076923076922
0 0.5144230769230769 0.6033653846153846 0.27884615384615385 0.4326923076923077
0 0.7055288461538461 0.7596153846153846 0.1875 0.25
0 0.6514423076923077 0.8774038461538461 0.22596153846153846 0.23557692307692307
0 0.8185096153846154 0.9338942307692307 0.16826923076923078 0.1201923076923077
0 0.4110576923076923 0.8665865384615384 0.21875 0.25721153846153844
0 0.28365384615384615 0.6742788461538461 0.2620192307692308 0.3894230769230769
0 0.3125 0.4074519230769231 0.2403846153846154 0.24759615384615385
0 0.3858173076923077 0.2403846153846154 0.21153846153846154 0.21875
0 0.18028846153846154 0.4074519230769231 0.11298076923076923 0.13701923076923078
0 0.4543269230769231 0.3629807692307692 0.07211538461538461 0.07211538461538461
0 0.10216346153846154 0.5600961538461539 0.20432692307692307 0.3557692307692308
0 0.0673076923076923 0.859375 0.12980769230769232 0.27163461538461536
0 0.21875 0.9230769230769231 0.1971153846153846 0.14182692307692307
0 0.13942307692307693 0.8064903846153846 0.0673076923076923 0.15865384615384615