0 0.375 0.7427884615384616 0.3245192307692308 0.4182692307692308
0 0.4375 0.7427884615384616 0.5288461538461539 0.27403846153846156
0 0.30649038461538464 0.7223557692307693 0.375 0.16346153846153846
0 0.28725961538461536 0.6598557692307693 0.43990384615384615 0.2980769230769231
0 0.21754807692307693 0.6538461538461539 0.42788461538461536 0.2932692307692308
0 0.12259615384615384 0.6550480769230769 0.23557692307692307 0.12980769230769232
0 0.23076923076923078 0.5661057692307693 0.4519230769230769 0.19230769230769232
0 0.43509615384615385 0.33052884615384615 0.39903846153846156 0.3076923076923077
0 0.3425480769230769 0.3293269230769231 0.28365384615384615 0.23076923076923078
0 0.18269230769230768 0.35096153846153844 0.27403846153846156 0.22115384615384615
0 0.036057692307692304 0.125 0.0625 0.10576923076923077
0 0.35697115384615385 0.08533653846153846 0.59375 0.17067307692307693
0 0.8497596153846154 0.3581730769230769 0.2956730769230769 0.7163461538461539
0 0.5889423076923077 0.49158653846153844 0.44711538461538464 0.3173076923076923