0 0.21394230769230768 0.59375 0.4182692307692308 0.43990384615384615
0 0.057692307692307696 0.8233173076923077 0.10817307692307693 0.34615384615384615
0 0.30528846153846156 0.8473557692307693 0.46875 0.2980769230769231
0 0.7403846153846154 0.7632211538461539 0.5096153846153846 0.4639423076923077
0 0.6634615384615384 0.9543269230769231 0.39903846153846156 0.08173076923076923
0 0.6887019230769231 0.4495192307692308 0.53125 0.5456730769230769
0 0.31490384615384615 0.25841346153846156 0.41346153846153844 0.4206730769230769
0 0.07932692307692307 0.24879807692307693 0.14903846153846154 0.47836538461538464
0 0.30288461538461536 0.11298076923076923 0.3076923076923077 0.22596153846153846
0 0.18870192307692307 0 0.004807692307692308 0
0 0.6742788461538461 0.12740384615384615 0.4543269230769231 0.2548076923076923
0 0.9278846153846154 0.17668269230769232 0.13942307692307693 0.35336538461538464
0 0.9555288461538461 0.5721153846153846 0.08413461538461539 0.5432692307692307