0 0.1310096153846154 0.3798076923076923 0.09615384615384616 0.4423076923076923
0 0.3125 0.2620192307692308 0.2692307692307692 0.35096153846153844
0 0.4074519230769231 0.33052884615384615 0.30528846153846156 0.4206730769230769
0 0.44350961538461536 0.35216346153846156 0.4230769230769231 0.27884615384615385
0 0.5384615384615384 0.41586538461538464 0.41346153846153844 0.3701923076923077
0 0.5961538461538461 0.5300480769230769 0.4519230769230769 0.23076923076923078
0 0.7872596153846154 0.5240384615384616 0.3894230769230769 0.1201923076923077
0 0.7367788461538461 0.6069711538461539 0.5192307692307693 0.15384615384615385
0 0.38221153846153844 0.6935096153846154 0.21875 0.14182692307692307
0 0.16466346153846154 0.8401442307692307 0.3293269230769231 0.31490384615384615
0 0.09254807692307693 0.6862980769230769 0.0985576923076923 0.19230769230769232
0 0.1875 0.5985576923076923 0.1346153846153846 0.34375
0 0.25841346153846156 0.65625 0.16826923076923078 0.2403846153846154
0 0.3269230769230769 0.6502403846153846 0.11057692307692307 0.14182692307692307