0 0.08774038461538461 0.07091346153846154 0.14423076923076922 0.12980769230769232
0 0.042067307692307696 0.08774038461538461 0.07692307692307693 0.16346153846153846
0 0.025240384615384616 0.2403846153846154 0.04326923076923077 0.1971153846153846
0 0.0889423076923077 0.265625 0.15625 0.24519230769230768
0 0.027644230769230768 0.43990384615384615 0.04807692307692308 0.15865384615384615
0 0.07451923076923077 0.6201923076923077 0.14182692307692307 0.2692307692307692
0 0.021634615384615384 0.7680288461538461 0.036057692307692304 0.11538461538461539
0 0.036057692307692304 0.8221153846153846 0.06490384615384616 0.14903846153846154
0 0.11658653846153846 0.7836538461538461 0.15384615384615385 0.21153846153846154
0 0.11658653846153846 0.9387019230769231 0.17067307692307693 0.11778846153846154
0 0.046875 0.9074519230769231 0.08173076923076923 0.0673076923076923
0 0.020432692307692308 0.953125 0.03365384615384615 0.09134615384615384
0 0.19110576923076922 0.8774038461538461 0.07692307692307693 0.09134615384615384
0 0.22355769230769232 0.9471153846153846 0.07211538461538461 0.10096153846153846
0 0.2548076923076923 0.7620192307692307 0.15384615384615385 0.22355769230769232
0 0.24879807692307693 0.5925480769230769 0.12740384615384615 0.18028846153846154
0 0.15144230769230768 0.5132211538461539 0.18509615384615385 0.27403846153846156
0 0.28725961538461536 0.4483173076923077 0.09615384615384616 0.11057692307692307
0 0.22596153846153846 0.3137019230769231 0.12980769230769232 0.23557692307692307
0 0.18028846153846154 0.13341346153846154 0.09134615384615384 0.14903846153846154
0 0.08533653846153846 0.07091346153846154 0.16346153846153846 0.12980769230769232
0 0.21033653846153846 0.04326923076923077 0.13942307692307693 0.07692307692307693
0 0.30408653846153844 0.13341346153846154 0.16346153846153846 0.25721153846153844
0 0.3858173076923077 0.34134615384615385 0.1971153846153846 0.20192307692307693
0 0.4014423076923077 0.22956730769230768 0.16346153846153846 0.2403846153846154
0 0.4795673076923077 0.08173076923076923 0.16826923076923078 0.15384615384615385
0 0.5540865384615384 0.23798076923076922 0.14903846153846154 0.3317307692307692
0 0.5456730769230769 0.3581730769230769 0.14423076923076922 0.14903846153846154
0 0.43149038461538464 0.5168269230769231 0.1778846153846154 0.25721153846153844
0 0.3329326923076923 0.5625 0.1346153846153846 0.23076923076923078
0 0.23677884615384615 0.5769230769230769 0.08653846153846154 0.15865384615384615
0 0.4326923076923077 0.6694711538461539 0.09615384615384616 0.07211538461538461
0 0.4050480769230769 0.7956730769230769 0.14903846153846154 0.25721153846153844
0 0.30528846153846156 0.9050480769230769 0.15384615384615385 0.18509615384615385
0 0.3870192307692308 0.9651442307692307 0.07692307692307693 0.06490384615384616
0 0.49038461538461536 0.9194711538461539 0.16346153846153846 0.15625
0 0.5600961538461539 0.78125 0.17307692307692307 0.20673076923076922
0 0.6141826923076923 0.9579326923076923 0.11778846153846154 0.07932692307692307
0 0.6706730769230769 0.8497596153846154 0.14182692307692307 0.22355769230769232
0 0.7524038461538461 0.7872596153846154 0.15865384615384615 0.23076923076923078
0 0.6875 0.6394230769230769 0.11538461538461539 0.17307692307692307
0 0.6201923076923077 0.4567307692307692 0.17067307692307693 0.2692307692307692
0 0.7223557692307693 0.3798076923076923 0.1778846153846154 0.24519230769230768
0 0.7704326923076923 0.25961538461538464 0.17307692307692307 0.25721153846153844
0 0.6814903846153846 0.14182692307692307 0.16346153846153846 0.23076923076923078
0 0.7776442307692307 0.06610576923076923 0.21875 0.1201923076923077
0 0.6201923076923077 0.027644230769230768 0.08413461538461539 0.04326923076923077
0 0.9038461538461539 0.14423076923076922 0.15625 0.22355769230769232
0 0.9387019230769231 0.046875 0.11057692307692307 0.08173076923076923
0 0.9771634615384616 0.20432692307692307 0.040865384615384616 0.14903846153846154
0 0.9074519230769231 0.38822115384615385 0.18028846153846154 0.3293269230769231
0 0.8257211538461539 0.5793269230769231 0.18269230769230768 0.2403846153846154
0 0.8786057692307693 0.8713942307692307 0.1778846153846154 0.24519230769230768
0 0.9495192307692307 0.671875 0.09615384615384616 0.24278846153846154
0 0.8798076923076923 0.7019230769230769 0.04326923076923077 0.09134615384615384
0 0.9507211538461539 0.9182692307692307 0.09375 0.15865384615384615
0 0.8257211538461539 0.9723557692307693 0.16826923076923078 0.052884615384615384
0 0.78125 0.9206730769230769 0.08173076923076923 0.10336538461538461
0 0.7211538461538461 0.984375 0.07692307692307693 0.026442307692307692
0 0.5 0.5012019230769231 0.9951923076923077 0.9927884615384616