0 0.0985576923076923 0.6574519230769231 0.1971153846153846 0.4879807692307692
0 0.19110576923076922 0.4026442307692308 0.12740384615384615 0.1971153846153846
0 0.06370192307692307 0.3076923076923077 0.12740384615384615 0.21153846153846154
0 0.28125 0.46274038461538464 0.1346153846153846 0.21153846153846154
0 0.234375 0.6838942307692307 0.1658653846153846 0.36778846153846156
0 0.2620192307692308 0.7932692307692307 0.1658653846153846 0.32211538461538464
0 0.34615384615384615 0.5685096153846154 0.08653846153846154 0.25240384615384615
0 0.38100961538461536 0.49759615384615385 0.07211538461538461 0.20192307692307693
0 0.39663461538461536 0.3329326923076923 0.0673076923076923 0.10336538461538461
0 0.44711538461538464 0.3762019230769231 0.057692307692307696 0.09615384615384616
0 0.5108173076923077 0.35096153846153844 0.0673076923076923 0.11538461538461539
0 0.5757211538461539 0.38461538461538464 0.0673076923076923 0.11538461538461539
0 0.6322115384615384 0.3329326923076923 0.07211538461538461 0.125
0 0.7463942307692307 0.28966346153846156 0.07932692307692307 0.13221153846153846
0 0.8137019230769231 0.39663461538461536 0.1658653846153846 0.28846153846153844
0 0.9086538461538461 0.5024038461538461 0.08653846153846154 0.1201923076923077
0 0.9206730769230769 0.3557692307692308 0.07692307692307693 0.125
0 0.9435096153846154 0.39903846153846156 0.07932692307692307 0.11057692307692307
0 0.9591346153846154 0.6057692307692307 0.07692307692307693 0.3269230769230769
0 0.9326923076923077 0.7295673076923077 0.08653846153846154 0.34615384615384615
0 0.9807692307692307 0.7848557692307693 0.03125 0.2692307692307692
0 0.7584134615384616 0.8377403846153846 0.47836538461538464 0.31971153846153844
0 0.7788461538461539 0.6983173076923077 0.2620192307692308 0.3389423076923077
0 0.7379807692307693 0.5264423076923077 0.09615384615384616 0.14423076923076922
0 0.6622596153846154 0.44591346153846156 0.14423076923076922 0.21153846153846154
0 0.5637019230769231 0.4423076923076923 0.07211538461538461 0.10336538461538461
0 0.6442307692307693 0.6153846153846154 0.07692307692307693 0.125
0 0.5432692307692307 0.5865384615384616 0.14182692307692307 0.21875
0 0.48197115384615385 0.8257211538461539 0.1658653846153846 0.34375
0 0.5372596153846154 0.9146634615384616 0.0985576923076923 0.1658653846153846
0 0.26322115384615385 0.8485576923076923 0.3581730769230769 0.2980769230769231