0 0.7127403846153846 0.14783653846153846 0.33653846153846156 0.28365384615384615
0 0.765625 0.2548076923076923 0.3173076923076923 0.38461538461538464
0 0.7560096153846154 0.515625 0.27403846153846156 0.34134615384615385
0 0.828125 0.6826923076923077 0.25961538461538464 0.2692307692307692
0 0.7896634615384616 0.8076923076923077 0.2403846153846154 0.18269230769230768
0 0.7620192307692307 0.9302884615384616 0.14182692307692307 0.125
0 0.8161057692307693 0.9519230769230769 0.19951923076923078 0.09134615384615384
0 0.5973557692307693 0.9699519230769231 0.18028846153846154 0.055288461538461536
0 0.5649038461538461 0.8930288461538461 0.21153846153846154 0.1875
0 0.5372596153846154 0.7704326923076923 0.2764423076923077 0.25961538461538464
0 0.4891826923076923 0.5288461538461539 0.25 0.41346153846153844
0 0.3076923076923077 0.25841346153846156 0.30288461538461536 0.4519230769230769
0 0.20072115384615385 0.08774038461538461 0.2956730769230769 0.16346153846153846
0 0.04927884615384615 0.38100961538461536 0.09615384615384616 0.4230769230769231
0 0.15144230769230768 0.5757211538461539 0.30288461538461536 0.40865384615384615
0 0.2548076923076923 0.7548076923076923 0.28365384615384615 0.28846153846153844
0 0.29086538461538464 0.8737980769230769 0.21153846153846154 0.20192307692307693
0 0.35697115384615385 0.9387019230769231 0.19951923076923078 0.11778846153846154