0 0.16706730769230768 0.8689903846153846 0.17307692307692307 0.16346153846153846
0 0.13221153846153846 0.9603365384615384 0.08413461538461539 0.07211538461538461
0 0.27524038461538464 0.7692307692307693 0.2548076923076923 0.10817307692307693
0 0.12740384615384615 0.7824519230769231 0.07451923076923077 0.0673076923076923
0 0.16105769230769232 0.7103365384615384 0.04807692307692308 0.07692307692307693
0 0.13221153846153846 0.375 0.08413461538461539 0.10576923076923077
0 0.10817307692307693 0.46033653846153844 0.057692307692307696 0.08173076923076923
0 0.30408653846153844 0.5504807692307693 0.16346153846153846 0.1346153846153846
0 0.3329326923076923 0.6947115384615384 0.2980769230769231 0.16105769230769232
0 0.4735576923076923 0.8497596153846154 0.15384615384615385 0.16346153846153846
0 0.3545673076923077 0.8834134615384616 0.21153846153846154 0.21153846153846154
0 0.42908653846153844 0.9591346153846154 0.14903846153846154 0.07451923076923077
0 0.2644230769230769 0.9567307692307693 0.18028846153846154 0.07692307692307693
0 0.4338942307692308 0.4567307692307692 0.2644230769230769 0.15865384615384615
0 0.46274038461538464 0.5528846153846154 0.15384615384615385 0.07692307692307693
0 0.48677884615384615 0.6177884615384616 0.20192307692307693 0.10576923076923077
0 0.5216346153846154 0.7319711538461539 0.16346153846153846 0.12980769230769232
0 0.5877403846153846 0.859375 0.11538461538461539 0.09375
0 0.5612980769230769 0.953125 0.12740384615384615 0.08653846153846154
0 0.7199519230769231 0.8858173076923077 0.14903846153846154 0.125
0 0.6346153846153846 0.8930288461538461 0.0625 0.11538461538461539
0 0.7091346153846154 0.7776442307692307 0.16826923076923078 0.10096153846153846
0 0.6274038461538461 0.734375 0.15384615384615385 0.15865384615384615
0 0.6899038461538461 0.671875 0.14423076923076922 0.09375
0 0.65625 0.5901442307692307 0.18990384615384615 0.125
0 0.8040865384615384 0.6274038461538461 0.11538461538461539 0.07692307692307693
0 0.8461538461538461 0.5444711538461539 0.18990384615384615 0.13942307692307693
0 0.7512019230769231 0.5168269230769231 0.0625 0.06009615384615385
0 0.6935096153846154 0.4723557692307692 0.15865384615384615 0.11057692307692307
0 0.5901442307692307 0.41947115384615385 0.15384615384615385 0.1346153846153846
0 0.5745192307692307 0.5300480769230769 0.07932692307692307 0.07211538461538461
0 0.3858173076923077 0.37259615384615385 0.13701923076923078 0.10096153846153846
0 0.8629807692307693 0.9170673076923077 0.14903846153846154 0.11057692307692307
0 0.8100961538461539 0.9807692307692307 0.10576923076923077 0.03125
0 0.9387019230769231 0.9603365384615384 0.1201923076923077 0.07211538461538461
0 0.9591346153846154 0.8882211538461539 0.07692307692307693 0.08413461538461539
0 0.9302884615384616 0.8088942307692307 0.1346153846153846 0.11778846153846154
0 0.9507211538461539 0.7235576923076923 0.09375 0.08653846153846154
0 0.9651442307692307 0.3293269230769231 0.0673076923076923 0.0673076923076923
0 0.9122596153846154 0.2644230769230769 0.13221153846153846 0.10096153846153846
0 0.9855769230769231 0.265625 0.02403846153846154 0.06009615384615385
0 0.9855769230769231 0.2127403846153846 0.02403846153846154 0.05048076923076923
0 0.8413461538461539 0.22115384615384615 0.0625 0.052884615384615384
0 0.8365384615384616 0.2512019230769231 0.052884615384615384 0.038461538461538464
0 0.7836538461538461 0.25240384615384615 0.0625 0.04807692307692308
0 0.8064903846153846 0.18389423076923078 0.09134615384615384 0.08173076923076923
0 0.8858173076923077 0.1778846153846154 0.09134615384615384 0.07211538461538461
0 0.9591346153846154 0.171875 0.07692307692307693 0.07932692307692307
0 0.9158653846153846 0.10096153846153846 0.09615384615384616 0.0673076923076923
0 0.9795673076923077 0.10697115384615384 0.036057692307692304 0.06490384615384616
0 0.9507211538461539 0.038461538461538464 0.09375 0.07692307692307693
0 0.8545673076923077 0.036057692307692304 0.10096153846153846 0.07211538461538461
0 0.8173076923076923 0.1045673076923077 0.07932692307692307 0.07451923076923077
0 0.5504807692307693 0.17548076923076922 0.08413461538461539 0.07451923076923077
0 0.5745192307692307 0.1346153846153846 0.07932692307692307 0.052884615384615384
0 0.5973557692307693 0.06129807692307692 0.0625 0.057692307692307696
0 0.6237980769230769 0.042067307692307696 0.0985576923076923 0.08413461538461539
0 0.5637019230769231 0.016826923076923076 0.04807692307692308 0.03365384615384615
0 0.53125 0.0733173076923077 0.09134615384615384 0.0625
0 0.484375 0.11057692307692307 0.0673076923076923 0.04807692307692308
0 0.48197115384615385 0.15504807692307693 0.03125 0.03365384615384615
0 0.4206730769230769 0.1201923076923077 0.0673076923076923 0.04326923076923077
0 0.4423076923076923 0.056490384615384616 0.09134615384615384 0.0673076923076923
0 0.5024038461538461 0.02283653846153846 0.09615384615384616 0.04326923076923077
0 0.39903846153846156 0.030048076923076924 0.10096153846153846 0.06009615384615385
0 0.34975961538461536 0.08413461538461539 0.09615384615384616 0.0625
0 0.2860576923076923 0.028846153846153848 0.13942307692307693 0.057692307692307696
0 0.2403846153846154 0.06129807692307692 0.11057692307692307 0.0625