0 0.3798076923076923 0.4110576923076923 0.18269230769230768 0.15384615384615385
0 0.3329326923076923 0.27524038461538464 0.21394230769230768 0.1778846153846154
0 0.4639423076923077 0.3161057692307692 0.057692307692307696 0.10576923076923077
0 0.46875 0.23798076923076922 0.057692307692307696 0.07692307692307693
0 0.4266826923076923 0.11778846153846154 0.14182692307692307 0.2091346153846154
0 0.24879807692307693 0.10697115384615384 0.22115384615384615 0.20432692307692307
0 0.20432692307692307 0.3088942307692308 0.17067307692307693 0.19230769230769232
0 0.07211538461538461 0.2439903846153846 0.13942307692307693 0.11778846153846154
0 0.09735576923076923 0.12860576923076922 0.1778846153846154 0.1971153846153846
0 0.6394230769230769 0.3641826923076923 0.23076923076923078 0.2403846153846154
0 0.6935096153846154 0.16466346153846154 0.22355769230769232 0.23076923076923078
0 0.8257211538461539 0.8112980769230769 0.3485576923076923 0.37259615384615385
0 0.9182692307692307 0.5600961538461539 0.15384615384615385 0.22355769230769232
0 0.8774038461538461 0.34615384615384615 0.2091346153846154 0.21394230769230768
0 0.9026442307692307 0.16706730769230768 0.1875 0.21634615384615385
0 0.7668269230769231 0.5180288461538461 0.22596153846153846 0.21875
0 0.6418269230769231 0.6802884615384616 0.19230769230769232 0.1778846153846154
0 0.5516826923076923 0.5 0.09615384615384616 0.23557692307692307
0 0.59375 0.8377403846153846 0.18269230769230768 0.19951923076923078
0 0.5288461538461539 0.7067307692307693 0.052884615384615384 0.15865384615384615
0 0.6225961538461539 0.9483173076923077 0.21153846153846154 0.10096153846153846
0 0.32211538461538464 0.7019230769230769 0.04807692307692308 0.04326923076923077
0 0.33533653846153844 0.6598557692307693 0.038461538461538464 0.038461538461538464
0 0.3485576923076923 0.6286057692307693 0.038461538461538464 0.03125
0 0.34615384615384615 0.7463942307692307 0.04326923076923077 0.04326923076923077
0 0.3425480769230769 0.7824519230769231 0.026442307692307692 0.036057692307692304
0 0.3485576923076923 0.8353365384615384 0.038461538461538464 0.052884615384615384
0 0.3605769230769231 0.8822115384615384 0.036057692307692304 0.038461538461538464
0 0.3161057692307692 0.890625 0.036057692307692304 0.038461538461538464
0 0.30649038461538464 0.9314903846153846 0.036057692307692304 0.038461538461538464
0 0.3161057692307692 0.8461538461538461 0.036057692307692304 0.03125
0 0.30649038461538464 0.8088942307692307 0.04567307692307692 0.04326923076923077
0 0.3016826923076923 0.7644230769230769 0.036057692307692304 0.04326923076923077
0 0.24278846153846154 0.9579326923076923 0.03125 0.04807692307692308
0 0.23076923076923078 0.921875 0.052884615384615384 0.04807692307692308
0 0.21514423076923078 0.8774038461538461 0.04807692307692308 0.04807692307692308
0 0.19831730769230768 0.8293269230769231 0.038461538461538464 0.04807692307692308
0 0.17548076923076922 0.7596153846153846 0.04807692307692308 0.04326923076923077
0 0.16947115384615385 0.7019230769230769 0.036057692307692304 0.04326923076923077
0 0.2536057692307692 0.7872596153846154 0.036057692307692304 0.04326923076923077
0 0.24278846153846154 0.7331730769230769 0.038461538461538464 0.04326923076923077
0 0.2403846153846154 0.7019230769230769 0.04326923076923077 0.04326923076923077
0 0.21754807692307693 0.6646634615384616 0.04326923076923077 0.038461538461538464
0 0.22716346153846154 0.6358173076923077 0.04567307692307692 0.052884615384615384
0 0.21153846153846154 0.6105769230769231 0.03125 0.057692307692307696
0 0.2283653846153846 0.5757211538461539 0.057692307692307696 0.057692307692307696
0 0.2283653846153846 0.5396634615384616 0.03125 0.03125
0 0.020432692307692308 0.8016826923076923 0.040865384615384616 0.04807692307692308
0 0.004807692307692308 0.7307692307692307 0.009615384615384616 0.038461538461538464
0 0.004807692307692308 0.6959134615384616 0.009615384615384616 0.03125
0 0.007211538461538462 0.6538461538461539 0.014423076923076924 0.036057692307692304
0 0.052884615384615384 0.984375 0.026442307692307692 0.021634615384615384
0 0.578125 0.15144230769230768 0.14182692307692307 0.2932692307692308