0 0.46153846153846156 0.13581730769230768 0.27884615384615385 0.14903846153846154
0 0.5985576923076923 0.1201923076923077 0.11538461538461539 0.12980769230769232
0 0.5 0.06850961538461539 0.09134615384615384 0.07211538461538461
0 0.5108173076923077 0.22235576923076922 0.17067307692307693 0.07211538461538461
0 0.6370192307692307 0.21514423076923078 0.09375 0.11057692307692307
0 0.5817307692307693 0.25961538461538464 0.11538461538461539 0.04807692307692308
0 0.453125 0.2668269230769231 0.21875 0.12740384615384615
0 0.3004807692307692 0.2548076923076923 0.15384615384615385 0.08173076923076923
0 0.22115384615384615 0.1778846153846154 0.14903846153846154 0.0889423076923077
0 0.2764423076923077 0.15504807692307693 0.13701923076923078 0.0985576923076923
0 0.1502403846153846 0.27403846153846156 0.11538461538461539 0.11298076923076923
0 0.06129807692307692 0.2439903846153846 0.11778846153846154 0.15625
0 0.12259615384615384 0.19230769230769232 0.09134615384615384 0.04326923076923077
0 0.40384615384615385 0.9423076923076923 0.12980769230769232 0.08653846153846154
0 0.5324519230769231 0.9423076923076923 0.10336538461538461 0.07211538461538461
0 0.6334134615384616 0.9266826923076923 0.07692307692307693 0.07211538461538461
0 0.71875 0.9014423076923077 0.08173076923076923 0.08173076923076923
0 0.8064903846153846 0.8677884615384616 0.125 0.0625
0 0.8798076923076923 0.8293269230769231 0.11057692307692307 0.08173076923076923
0 0.9483173076923077 0.78125 0.09134615384615384 0.08653846153846154
0 0.8521634615384616 0.7764423076923077 0.0985576923076923 0.0985576923076923
0 0.7572115384615384 0.8413461538461539 0.08173076923076923 0.04807692307692308
0 0.7163461538461539 0.7764423076923077 0.21875 0.08413461538461539
0 0.6634615384615384 0.8449519230769231 0.09134615384615384 0.08413461538461539
0 0.5841346153846154 0.8641826923076923 0.07692307692307693 0.07692307692307693
0 0.2403846153846154 0.9423076923076923 0.13221153846153846 0.08173076923076923
0 0.32572115384615385 0.9507211538461539 0.05048076923076923 0.0673076923076923
0 0.3605769230769231 0.8798076923076923 0.0985576923076923 0.07211538461538461
0 0.4699519230769231 0.8798076923076923 0.08653846153846154 0.06490384615384616
0 0.5300480769230769 0.8978365384615384 0.07692307692307693 0.04326923076923077
0 0.1310096153846154 0.8822115384615384 0.1971153846153846 0.11298076923076923
0 0.03125 0.7536057692307693 0.057692307692307696 0.09375
0 0.04326923076923077 0.8185096153846154 0.0673076923076923 0.06490384615384616
0 0.10336538461538461 0.78125 0.12980769230769232 0.08653846153846154
0 0.1310096153846154 0.8341346153846154 0.14182692307692307 0.038461538461538464
0 0.07091346153846154 0.37259615384615385 0.0985576923076923 0.08413461538461539
0 0.14783653846153846 0.36899038461538464 0.07692307692307693 0.08413461538461539
0 0.2764423076923077 0.33774038461538464 0.15865384615384615 0.09615384615384616
0 0.4074519230769231 0.3545673076923077 0.10336538461538461 0.0985576923076923
0 0.49759615384615385 0.3329326923076923 0.1201923076923077 0.08413461538461539
0 0.6670673076923077 0.3293269230769231 0.16346153846153846 0.0985576923076923
0 0.7596153846153846 0.33653846153846156 0.0985576923076923 0.09134615384615384
0 0.7728365384615384 0.3894230769230769 0.09134615384615384 0.07451923076923077
0 0.6778846153846154 0.4110576923076923 0.1201923076923077 0.08173076923076923
0 0.6177884615384616 0.36899038461538464 0.0673076923076923 0.052884615384615384
0 0.5576923076923077 0.421875 0.12980769230769232 0.14423076923076922
0 0.3737980769230769 0.41947115384615385 0.09134615384615384 0.0985576923076923
0 0.2704326923076923 0.41225961538461536 0.09134615384615384 0.08413461538461539
0 0.16947115384615385 0.4495192307692308 0.13221153846153846 0.11298076923076923
0 0.10336538461538461 0.46033653846153844 0.08653846153846154 0.04807692307692308
0 0.036057692307692304 0.4326923076923077 0.07211538461538461 0.08653846153846154
0 0.16346153846153846 0.5504807692307693 0.15384615384615385 0.1201923076923077
0 0.3004807692307692 0.5072115384615384 0.14182692307692307 0.12740384615384615
0 0.42908653846153844 0.5432692307692307 0.125 0.08413461538461539
0 0.5132211538461539 0.5240384615384616 0.08653846153846154 0.08173076923076923
0 0.6201923076923077 0.5612980769230769 0.18028846153846154 0.10576923076923077
0 0.6201923076923077 0.4723557692307692 0.10336538461538461 0.11057692307692307
0 0.7163461538461539 0.5060096153846154 0.12980769230769232 0.09615384615384616
0 0.7980769230769231 0.46153846153846156 0.1201923076923077 0.07451923076923077
0 0.8930288461538461 0.49399038461538464 0.125 0.057692307692307696
0 0.7956730769230769 0.5564903846153846 0.09134615384615384 0.0889423076923077
0 0.8137019230769231 0.5961538461538461 0.0673076923076923 0.08173076923076923
0 0.9122596153846154 0.5564903846153846 0.12980769230769232 0.07211538461538461
0 0.9182692307692307 0.5997596153846154 0.12980769230769232 0.057692307692307696
0 0.9483173076923077 0.6586538461538461 0.09134615384615384 0.0889423076923077
0 0.8930288461538461 0.7019230769230769 0.10336538461538461 0.057692307692307696
0 0.828125 0.7055288461538461 0.07211538461538461 0.04326923076923077
0 0.7728365384615384 0.7295673076923077 0.09134615384615384 0.03365384615384615
0 0.7295673076923077 0.6850961538461539 0.18028846153846154 0.08413461538461539
0 0.71875 0.5997596153846154 0.11538461538461539 0.08173076923076923
0 0.828125 0.6141826923076923 0.06009615384615385 0.05048076923076923
0 0.5540865384615384 0.6177884615384616 0.13701923076923078 0.08173076923076923
0 0.5661057692307693 0.6706730769230769 0.19230769230769232 0.08413461538461539
0 0.5432692307692307 0.7331730769230769 0.15865384615384615 0.07692307692307693
0 0.5516826923076923 0.7896634615384616 0.12980769230769232 0.057692307692307696
0 0.5 0.84375 0.08173076923076923 0.07211538461538461
0 0.5793269230769231 0.8485576923076923 0.0673076923076923 0.07692307692307693
0 0.40384615384615385 0.7800480769230769 0.13221153846153846 0.08413461538461539
0 0.2956730769230769 0.6213942307692307 0.15384615384615385 0.125
0 0.4338942307692308 0.625 0.125 0.07211538461538461
0 0.39903846153846156 0.7019230769230769 0.1201923076923077 0.08173076923076923
0 0.36899038461538464 0.7259615384615384 0.08173076923076923 0.052884615384615384
0 0.2536057692307692 0.6887019230769231 0.10336538461538461 0.0625
0 0.24278846153846154 0.7295673076923077 0.09134615384615384 0.04807692307692308
0 0.24879807692307693 0.7800480769230769 0.18028846153846154 0.07692307692307693
0 0.2956730769230769 0.8413461538461539 0.14182692307692307 0.08413461538461539
0 0.09975961538461539 0.7091346153846154 0.19471153846153846 0.11057692307692307
0 0.14182692307692307 0.6394230769230769 0.15384615384615385 0.057692307692307696
0 0.046875 0.5324519230769231 0.09375 0.09134615384615384
0 0.052884615384615384 0.6105769230769231 0.10096153846153846 0.08173076923076923
2 0.8990384615384616 0.3016826923076923 0.19230769230769232 0.5961538461538461