0 0.04807692307692308 0.1814903846153846 0.09615384615384616 0.25961538461538464
0 0.18269230769230768 0.2536057692307692 0.19951923076923078 0.4879807692307692
0 0.25600961538461536 0.10336538461538461 0.10096153846153846 0.1346153846153846
0 0.4026442307692308 0.27163461538461536 0.21875 0.3557692307692308
0 0.4387019230769231 0.3425480769230769 0.10096153846153846 0.07211538461538461
0 0.3798076923076923 0.24639423076923078 0.1346153846153846 0.2548076923076923
0 0.40024038461538464 0.20192307692307693 0.16826923076923078 0.34134615384615385
0 0.5396634615384616 0.2548076923076923 0.27163461538461536 0.5048076923076923
0 0.4879807692307692 0.4891826923076923 0.21394230769230768 0.36778846153846156
0 0.6730769230769231 0.4951923076923077 0.08173076923076923 0.1201923076923077
0 0.6598557692307693 0.2127403846153846 0.2668269230769231 0.1346153846153846
0 0.7427884615384616 0.16346153846153846 0.125 0.20192307692307693
0 0.6358173076923077 0.12139423076923077 0.11057692307692307 0.08653846153846154
0 0.7872596153846154 0.12379807692307693 0.4206730769230769 0.24278846153846154
0 0.9098557692307693 0.2512019230769231 0.17307692307692307 0.18269230769230768
0 0.8737980769230769 0.33413461538461536 0.11538461538461539 0.21153846153846154
0 0.9483173076923077 0.3449519230769231 0.06490384615384616 0.11057692307692307
0 0.8533653846153846 0.5024038461538461 0.2860576923076923 0.1778846153846154
0 0.8125 0.6550480769230769 0.36538461538461536 0.2860576923076923
0 0.8954326923076923 0.7644230769230769 0.20192307692307693 0.13942307692307693
0 0.9050480769230769 0.8209134615384616 0.18269230769230768 0.18269230769230768
0 0.8930288461538461 0.8653846153846154 0.15384615384615385 0.08173076923076923
0 0.7824519230769231 0.8161057692307693 0.07692307692307693 0.13942307692307693
0 0.7367788461538461 0.8653846153846154 0.0625 0.0625
0 0.7151442307692307 0.8052884615384616 0.09615384615384616 0.1201923076923077
0 0.6658653846153846 0.8317307692307693 0.06490384615384616 0.12980769230769232
0 0.5853365384615384 0.7379807692307693 0.15625 0.3269230769230769
0 0.6778846153846154 0.6610576923076923 0.1778846153846154 0.23317307692307693
0 0.8209134615384616 0.6634615384615384 0.35096153846153844 0.29086538461538464
0 0.5348557692307693 0.7536057692307693 0.09134615384615384 0.28365384615384615
0 0.4579326923076923 0.7223557692307693 0.10096153846153846 0.2644230769230769
0 0.49038461538461536 0.59375 0.08653846153846154 0.0985576923076923
0 0.5492788461538461 0.5132211538461539 0.12980769230769232 0.0625
0 0.5252403846153846 0.44350961538461536 0.1778846153846154 0.2644230769230769
0 0.5528846153846154 0.2668269230769231 0.21394230769230768 0.47115384615384615
0 0.21394230769230768 0.5853365384615384 0.3894230769230769 0.11538461538461539
0 0.09975961538461539 0.7067307692307693 0.19951923076923078 0.31490384615384615
0 0.0625 0.7980769230769231 0.1201923076923077 0.16826923076923078
0 0.051682692307692304 0.84375 0.0985576923076923 0.1201923076923077
0 0.34134615384615385 0.8365384615384616 0.2403846153846154 0.12980769230769232
0 0.3401442307692308 0.7740384615384616 0.25961538461538464 0.24519230769230768
0 0.42788461538461536 0.7463942307692307 0.09134615384615384 0.1658653846153846
0 0.4699519230769231 0.7175480769230769 0.09134615384615384 0.2548076923076923
0 0.3641826923076923 0.6610576923076923 0.057692307692307696 0.08653846153846154
0 0.29927884615384615 0.45552884615384615 0.15625 0.15384615384615385
0 0.21995192307692307 0.47716346153846156 0.08653846153846154 0.1346153846153846
0 0.265625 0.3605769230769231 0.2644230769230769 0.11057692307692307
0 0.2800480769230769 0.2668269230769231 0.4326923076923077 0.0673076923076923
0 0.07692307692307693 0.36538461538461536 0.07692307692307693 0.14903846153846154
0 0.046875 0.44591346153846156 0.0889423076923077 0.1466346153846154
0 0.7896634615384616 0.11778846153846154 0.40625 0.23076923076923078
0 0.8858173076923077 0.036057692307692304 0.12259615384615384 0.0625
0 0.5 0.453125 0.9951923076923077 0.9014423076923077