0 0.30649038461538464 0.2764423076923077 0.1466346153846154 0.15865384615384615
0 0.35697115384615385 0.3125 0.10096153846153846 0.1346153846153846
0 0.2704326923076923 0.41586538461538464 0.08173076923076923 0.12259615384615384
0 0.2980769230769231 0.5516826923076923 0.13701923076923078 0.10817307692307693
0 0.26802884615384615 0.6081730769230769 0.10096153846153846 0.07211538461538461
0 0.2091346153846154 0.5348557692307693 0.057692307692307696 0.10336538461538461
0 0.3269230769230769 0.6430288461538461 0.1201923076923077 0.09375
0 0.23798076923076922 0.6598557692307693 0.07211538461538461 0.07932692307692307
0 0.3161057692307692 0.7019230769230769 0.08413461538461539 0.07211538461538461
0 0.3786057692307692 0.7067307692307693 0.1201923076923077 0.14423076923076922
0 0.5925480769230769 0.7632211538461539 0.25961538461538464 0.1971153846153846
0 0.4651442307692308 0.8377403846153846 0.04326923076923077 0.028846153846153848
0 0.38341346153846156 0.8076923076923077 0.15384615384615385 0.038461538461538464
0 0.5144230769230769 0.6802884615384616 0.15865384615384615 0.24519230769230768
0 0.5120192307692307 0.5564903846153846 0.20192307692307693 0.07932692307692307
0 0.6069711538461539 0.6033653846153846 0.08413461538461539 0.14423076923076922
0 0.7019230769230769 0.5733173076923077 0.14423076923076922 0.18269230769230768
0 0.7019230769230769 0.4651442307692308 0.13701923076923078 0.16346153846153846
0 0.7680288461538461 0.49759615384615385 0.08413461538461539 0.0985576923076923
0 0.6310096153846154 0.4807692307692308 0.036057692307692304 0.052884615384615384
0 0.5084134615384616 0.38221153846153844 0.29086538461538464 0.35096153846153844
0 0.33413461538461536 0.4411057692307692 0.06490384615384616 0.1346153846153846
0 0.546875 0.22956730769230768 0.24759615384615385 0.1346153846153846
0 0.421875 0.20673076923076922 0.036057692307692304 0.057692307692307696
0 0.6514423076923077 0.20192307692307693 0.028846153846153848 0.04807692307692308
0 0.7115384615384616 0.31971153846153844 0.15865384615384615 0.2764423076923077