0 0.09615384615384616 0.8125 0.04807692307692308 0.1466346153846154
0 0.20432692307692307 0.8209134615384616 0.028846153846153848 0.11538461538461539
0 0.16105769230769232 0.7067307692307693 0.07692307692307693 0.25961538461538464
0 0.11538461538461539 0.5492788461538461 0.08173076923076923 0.25240384615384615
0 0.09134615384615384 0.3858173076923077 0.10576923076923077 0.38221153846153844
0 0.055288461538461536 0.1346153846153846 0.0625 0.23557692307692307
0 0.12139423076923077 0.203125 0.038461538461538464 0.11538461538461539
0 0.15745192307692307 0.2644230769230769 0.036057692307692304 0.13942307692307693
0 0.1466346153846154 0.34975961538461536 0.08173076923076923 0.09615384615384616
0 0.18269230769230768 0.4831730769230769 0.052884615384615384 0.20192307692307693
0 0.25721153846153844 0.7764423076923077 0.040865384615384616 0.15384615384615385
0 0.2776442307692308 0.6826923076923077 0.038461538461538464 0.1466346153846154
0 0.2283653846153846 0.6298076923076923 0.0673076923076923 0.22115384615384615
0 0.29447115384615385 0.5564903846153846 0.03125 0.10576923076923077
0 0.3233173076923077 0.6382211538461539 0.036057692307692304 0.10576923076923077
0 0.35216346153846156 0.6875 0.036057692307692304 0.07211538461538461
0 0.3173076923076923 0.7560096153846154 0.038461538461538464 0.1466346153846154
0 0.35096153846153844 0.796875 0.038461538461538464 0.11538461538461539
0 0.39302884615384615 0.7596153846153846 0.04326923076923077 0.17067307692307693
0 0.6742788461538461 0.4026442307692308 0.11057692307692307 0.3173076923076923
0 0.6875 0.6057692307692307 0.09134615384615384 0.17067307692307693
0 0.7860576923076923 0.45072115384615385 0.11538461538461539 0.25240384615384615
0 0.3737980769230769 0.5084134615384616 0.11538461538461539 0.3317307692307692
0 0.2512019230769231 0.3329326923076923 0.0673076923076923 0.25961538461538464
0 0.22956730769230768 0.3449519230769231 0.07211538461538461 0.10576923076923077
0 0.22596153846153846 0.4230769230769231 0.04807692307692308 0.11538461538461539
0 0.20192307692307693 0.25961538461538464 0.038461538461538464 0.1466346153846154
0 0.15985576923076922 0.14182692307692307 0.036057692307692304 0.10576923076923077
0 0.19831730769230768 0.12139423076923077 0.036057692307692304 0.12980769230769232
0 0.14182692307692307 0.025240384615384616 0.1346153846153846 0.05048076923076923
0 0.12740384615384615 0.09735576923076923 0.0673076923076923 0.11538461538461539
0 0.08413461538461539 0.09375 0.040865384615384616 0.15384615384615385
0 0.20072115384615385 0.10216346153846154 0.04807692307692308 0.1875
0 0.24759615384615385 0.12620192307692307 0.0625 0.22115384615384615
0 0.234375 0.020432692307692308 0.052884615384615384 0.040865384615384616
0 0.36538461538461536 0.27283653846153844 0.1466346153846154 0.5432692307692307