0 0.7788461538461539 0.6658653846153846 0.17548076923076922 0.375
0 0.9146634615384616 0.6875 0.13942307692307693 0.15384615384615385
0 0.8894230769230769 0.7920673076923077 0.21153846153846154 0.19230769230769232
0 0.7295673076923077 0.8689903846153846 0.08653846153846154 0.0625
0 0.6490384615384616 0.8125 0.14423076923076922 0.1971153846153846
0 0.5697115384615384 0.7199519230769231 0.25240384615384615 0.2283653846153846
0 0.6442307692307693 0.5576923076923077 0.16346153846153846 0.15865384615384615
0 0.5180288461538461 0.5697115384615384 0.20192307692307693 0.25
0 0.44350961538461536 0.7235576923076923 0.18509615384615385 0.21153846153846154
0 0.3449519230769231 0.8557692307692307 0.21634615384615385 0.08173076923076923
0 0.5180288461538461 0.8629807692307693 0.12980769230769232 0.07211538461538461
0 0.12860576923076922 0.8088942307692307 0.25721153846153844 0.14903846153846154
0 0.21875 0.7067307692307693 0.34615384615384615 0.11538461538461539
0 0.3329326923076923 0.65625 0.0673076923076923 0.0625
0 0.15504807692307693 0.5985576923076923 0.3076923076923077 0.125
0 0.07451923076923077 0.6490384615384616 0.13942307692307693 0.07692307692307693
0 0.17307692307692307 0.4963942307692308 0.10817307692307693 0.10576923076923077
0 0.3173076923076923 0.5408653846153846 0.19230769230769232 0.16826923076923078
0 0.39663461538461536 0.4879807692307692 0.08173076923076923 0.057692307692307696
0 0.26322115384615385 0.43028846153846156 0.14423076923076922 0.12740384615384615
0 0.36538461538461536 0.42908653846153844 0.08173076923076923 0.10817307692307693
0 0.5180288461538461 0.4230769230769231 0.31490384615384615 0.1201923076923077
0 0.796875 0.39903846153846156 0.24278846153846154 0.21153846153846154
0 0.9026442307692307 0.46274038461538464 0.1346153846153846 0.06971153846153846
0 0.8040865384615384 0.34975961538461536 0.2692307692307692 0.09615384615384616
0 0.8894230769230769 0.4110576923076923 0.057692307692307696 0.04326923076923077
0 0.8173076923076923 0.2644230769230769 0.12980769230769232 0.08173076923076923
0 0.7271634615384616 0.21033653846153846 0.10336538461538461 0.07211538461538461
0 0.6826923076923077 0.2668269230769231 0.14903846153846154 0.09134615384615384
0 0.5588942307692307 0.23557692307692307 0.14903846153846154 0.06971153846153846
0 0.5540865384615384 0.3112980769230769 0.31490384615384615 0.1201923076923077
0 0.5072115384615384 0.31850961538461536 0.19230769230769232 0.09615384615384616
0 0.38100961538461536 0.3161057692307692 0.125 0.11538461538461539
0 0.3942307692307692 0.21634615384615385 0.20192307692307693 0.10096153846153846
0 0.24519230769230768 0.23197115384615385 0.10817307692307693 0.0625
0 0.21634615384615385 0.33774038461538464 0.1971153846153846 0.1971153846153846
0 0.17548076923076922 0.43028846153846156 0.07211538461538461 0.057692307692307696
0 0.010817307692307692 0.28725961538461536 0.019230769230769232 0.03365384615384615
0 0.03125 0.35697115384615385 0.0625 0.10576923076923077
0 0.006009615384615385 0.4266826923076923 0.01201923076923077 0.021634615384615384