0 0.5492788461538461 0.2704326923076923 0.8894230769230769 0.5336538461538461
0 0.7764423076923077 0.5144230769230769 0.4375 0.43990384615384615
0 0.7019230769230769 0.8605769230769231 0.5865384615384616 0.27403846153846156
0 0.5432692307692307 0.6923076923076923 0.6394230769230769 0.40384615384615385
0 0.15865384615384615 0.15865384615384615 0.3173076923076923 0.3076923076923077
0 0.13701923076923078 0.5564903846153846 0.27403846153846156 0.5024038461538461
0 0.23677884615384615 0.8882211538461539 0.4735576923076923 0.21875
0 0.9831730769230769 0.020432692307692308 0.021634615384615384 0.03365384615384615
0 0.9507211538461539 0.028846153846153848 0.052884615384615384 0.05048076923076923
0 0.9783653846153846 0.06370192307692307 0.03365384615384615 0.02403846153846154
0 0.9807692307692307 0.10697115384615384 0.028846153846153848 0.038461538461538464
0 0.9459134615384616 0.0985576923076923 0.03365384615384615 0.05048076923076923
0 0.9074519230769231 0.04326923076923077 0.04326923076923077 0.057692307692307696
0 0.8713942307692307 0.025240384615384616 0.07211538461538461 0.04326923076923077
0 0.7764423076923077 0.018028846153846152 0.15384615384615385 0.028846153846153848
0 0.7536057692307693 0.036057692307692304 0.11057692307692307 0.04326923076923077
0 0.765625 0.07091346153846154 0.1201923076923077 0.04807692307692308
0 0.6935096153846154 0.0733173076923077 0.03365384615384615 0.028846153846153848
0 0.6478365384615384 0.052884615384615384 0.04807692307692308 0.03365384615384615
0 0.6634615384615384 0.028846153846153848 0.08173076923076923 0.05048076923076923
0 0.5841346153846154 0.021634615384615384 0.07692307692307693 0.036057692307692304
0 0.5901442307692307 0.052884615384615384 0.07692307692307693 0.02403846153846154
0 0.5192307692307693 0.042067307692307696 0.0673076923076923 0.07692307692307693
0 0.49158653846153844 0.04927884615384615 0.03365384615384615 0.038461538461538464
0 0.4483173076923077 0.020432692307692308 0.052884615384615384 0.03365384615384615
0 0.45072115384615385 0.039663461538461536 0.028846153846153848 0.021634615384615384
0 0.4014423076923077 0.04927884615384615 0.038461538461538464 0.03365384615384615
0 0.3798076923076923 0.02403846153846154 0.08173076923076923 0.02403846153846154
0 0.34975961538461536 0.009615384615384616 0.052884615384615384 0.009615384615384616
0 0.2980769230769231 0.02403846153846154 0.038461538461538464 0.038461538461538464
0 0.33052884615384615 0.057692307692307696 0.09134615384615384 0.028846153846153848
0 0.8497596153846154 0.08413461538461539 0.06009615384615385 0.057692307692307696
0 0.8930288461538461 0.10216346153846154 0.07211538461538461 0.057692307692307696
0 0.9567307692307693 0.1658653846153846 0.07692307692307693 0.0673076923076923
0 0.9483173076923077 0.19831730769230768 0.09134615384615384 0.0625
0 0.8882211538461539 0.16706730769230768 0.04807692307692308 0.028846153846153848
0 0.8497596153846154 0.13221153846153846 0.125 0.04807692307692308
0 0.7956730769230769 0.09615384615384616 0.06009615384615385 0.03365384615384615
0 0.8497596153846154 0.08413461538461539 0.04807692307692308 0.05048076923076923
0 0.7079326923076923 0.10697115384615384 0.10336538461538461 0.038461538461538464
0 0.6310096153846154 0.11298076923076923 0.09134615384615384 0.057692307692307696
0 0.6394230769230769 0.08413461538461539 0.04326923076923077 0.028846153846153848
0 0.5625 0.08413461538461539 0.08653846153846154 0.036057692307692304
0 0.4807692307692308 0.09134615384615384 0.07692307692307693 0.036057692307692304
0 0.4230769230769231 0.0733173076923077 0.11538461538461539 0.036057692307692304
0 0.3581730769230769 0.11298076923076923 0.08173076923076923 0.07211538461538461
0 0.43149038461538464 0.11778846153846154 0.08653846153846154 0.04807692307692308
0 0.4807692307692308 0.15264423076923078 0.052884615384615384 0.04326923076923077
0 0.5360576923076923 0.12139423076923077 0.11057692307692307 0.038461538461538464
0 0.5384615384615384 0.1622596153846154 0.04807692307692308 0.038461538461538464
0 0.5985576923076923 0.14783653846153846 0.06009615384615385 0.04807692307692308
0 0.6442307692307693 0.16706730769230768 0.052884615384615384 0.05048076923076923
0 0.7127403846153846 0.1778846153846154 0.08173076923076923 0.08173076923076923
0 0.7019230769230769 0.12860576923076922 0.038461538461538464 0.019230769230769232
0 0.7572115384615384 0.14423076923076922 0.08173076923076923 0.04807692307692308
0 0.8137019230769231 0.17668269230769232 0.11057692307692307 0.04807692307692308
0 0.8473557692307693 0.19831730769230768 0.11057692307692307 0.03365384615384615
0 0.8882211538461539 0.22596153846153846 0.11538461538461539 0.036057692307692304
0 0.9266826923076923 0.25841346153846156 0.10336538461538461 0.057692307692307696
0 0.9591346153846154 0.2704326923076923 0.07211538461538461 0.052884615384615384
0 0.8329326923076923 0.2776442307692308 0.08173076923076923 0.052884615384615384
0 0.8257211538461539 0.24519230769230768 0.04326923076923077 0.052884615384615384
0 0.7956730769230769 0.24879807692307693 0.038461538461538464 0.04807692307692308
0 0.765625 0.21514423076923078 0.04326923076923077 0.057692307692307696
0 0.7463942307692307 0.24158653846153846 0.06009615384615385 0.038461538461538464
0 0.6826923076923077 0.21634615384615385 0.052884615384615384 0.04807692307692308
0 0.6418269230769231 0.20552884615384615 0.08173076923076923 0.038461538461538464
0 0.5793269230769231 0.18870192307692307 0.052884615384615384 0.036057692307692304
0 0.5384615384615384 0.2127403846153846 0.06009615384615385 0.038461538461538464
0 0.5024038461538461 0.19471153846153846 0.052884615384615384 0.038461538461538464
0 0.45072115384615385 0.21033653846153846 0.06009615384615385 0.04326923076923077
0 0.45072115384615385 0.18870192307692307 0.06009615384615385 0.028846153846153848
0 0.38221153846153844 0.18509615384615385 0.0673076923076923 0.057692307692307696
0 0.4182692307692308 0.15625 0.07211538461538461 0.04326923076923077
0 0.3389423076923077 0.15625 0.052884615384615384 0.04326923076923077
0 0.32572115384615385 0.13942307692307693 0.038461538461538464 0.019230769230769232
0 0.27884615384615385 0.17067307692307693 0.052884615384615384 0.04326923076923077
0 0.328125 0.19471153846153846 0.052884615384615384 0.03365384615384615
0 0.28125 0.21514423076923078 0.04807692307692308 0.036057692307692304
0 0.32211538461538464 0.22956730769230768 0.07692307692307693 0.04326923076923077
0 0.2980769230769231 0.265625 0.04807692307692308 0.036057692307692304
0 0.2764423076923077 0.24879807692307693 0.038461538461538464 0.03365384615384615
0 0.21875 0.2403846153846154 0.0673076923076923 0.04326923076923077
0 0.18269230769230768 0.27403846153846156 0.04807692307692308 0.038461538461538464
0 0.1778846153846154 0.31490384615384615 0.06009615384615385 0.038461538461538464
0 0.12860576923076922 0.32572115384615385 0.06009615384615385 0.038461538461538464
0 0.2536057692307692 0.3076923076923077 0.04807692307692308 0.038461538461538464
0 0.3137019230769231 0.3016826923076923 0.04807692307692308 0.036057692307692304
0 0.34975961538461536 0.26322115384615385 0.04326923076923077 0.03365384615384615
0 0.3858173076923077 0.24519230769230768 0.06009615384615385 0.04807692307692308
0 0.36899038461538464 0.22235576923076922 0.038461538461538464 0.028846153846153848
0 0.4098557692307692 0.21634615384615385 0.03365384615384615 0.02403846153846154
0 0.5 0.234375 0.06009615384615385 0.03365384615384615
0 0.49158653846153844 0.2668269230769231 0.07692307692307693 0.04807692307692308
0 0.43149038461538464 0.25600961538461536 0.052884615384615384 0.038461538461538464
0 0.37740384615384615 0.24759615384615385 0.052884615384615384 0.04326923076923077
0 0.5492788461538461 0.28125 0.04807692307692308 0.02403846153846154
0 0.546875 0.25240384615384615 0.04326923076923077 0.03365384615384615
0 0.6069711538461539 0.25841346153846156 0.052884615384615384 0.036057692307692304
0 0.6418269230769231 0.2776442307692308 0.04807692307692308 0.038461538461538464
0 0.6502403846153846 0.24759615384615385 0.052884615384615384 0.028846153846153848
0 0.6971153846153846 0.2764423076923077 0.06009615384615385 0.05048076923076923
0 0.7536057692307693 0.28365384615384615 0.0673076923076923 0.05048076923076923
0 0.3737980769230769 0.43509615384615385 0.22355769230769232 0.14182692307692307
0 0.5661057692307693 0.39302884615384615 0.16826923076923078 0.09615384615384616
0 0.4230769230769231 0.3485576923076923 0.14903846153846154 0.08653846153846154
0 0.31971153846153844 0.32572115384615385 0.13701923076923078 0.0985576923076923
0 0.20432692307692307 0.3329326923076923 0.10336538461538461 0.0673076923076923
0 0.7103365384615384 0.32211538461538464 0.16346153846153846 0.1201923076923077
0 0.9314903846153846 0.3076923076923077 0.04807692307692308 0.03365384615384615
0 0.8822115384615384 0.3076923076923077 0.04807692307692308 0.02403846153846154
0 0.9759615384615384 0.3112980769230769 0.038461538461538464 0.02403846153846154
0 0.9675480769230769 0.3473557692307692 0.052884615384615384 0.038461538461538464
0 0.9230769230769231 0.33774038461538464 0.04326923076923077 0.021634615384615384
0 0.9206730769230769 0.3545673076923077 0.04807692307692308 0.02403846153846154
0 0.7403846153846154 0.34134615384615385 0.07211538461538461 0.05048076923076923
0 0.7487980769230769 0.4579326923076923 0.04326923076923077 0.028846153846153848
0 0.8305288461538461 0.49278846153846156 0.052884615384615384 0.02403846153846154
0 0.8629807692307693 0.5144230769230769 0.052884615384615384 0.03365384615384615
0 0.9591346153846154 0.49278846153846156 0.04807692307692308 0.02403846153846154
0 0.9507211538461539 0.5709134615384616 0.052884615384615384 0.04326923076923077
0 0.8990384615384616 0.5504807692307693 0.06009615384615385 0.038461538461538464
0 0.9158653846153846 0.5997596153846154 0.06009615384615385 0.05048076923076923
0 0.9290865384615384 0.6141826923076923 0.12980769230769232 0.22596153846153846
0 0.9338942307692307 0.3798076923076923 0.1201923076923077 0.22115384615384615
0 0.8257211538461539 0.46153846153846156 0.1875 0.08653846153846154
0 0.8665865384615384 0.5576923076923077 0.19230769230769232 0.14182692307692307
0 0.7043269230769231 0.47115384615384615 0.17307692307692307 0.08413461538461539
0 0.8798076923076923 0.3641826923076923 0.15384615384615385 0.13942307692307693
0 0.6778846153846154 0.5889423076923077 0.052884615384615384 0.028846153846153848
0 0.6225961538461539 0.6057692307692307 0.04326923076923077 0.02403846153846154
0 0.6033653846153846 0.578125 0.04807692307692308 0.028846153846153848
0 0.6310096153846154 0.6382211538461539 0.038461538461538464 0.02403846153846154
0 0.6069711538461539 0.6274038461538461 0.052884615384615384 0.038461538461538464
0 0.5877403846153846 0.6033653846153846 0.028846153846153848 0.028846153846153848
0 0.5384615384615384 0.5985576923076923 0.038461538461538464 0.019230769230769232
0 0.5 0.5889423076923077 0.028846153846153848 0.021634615384615384
0 0.47596153846153844 0.5745192307692307 0.04326923076923077 0.021634615384615384
0 0.4723557692307692 0.5564903846153846 0.038461538461538464 0.021634615384615384
0 0.4699519230769231 0.6911057692307693 0.04326923076923077 0.021634615384615384
0 0.3737980769230769 0.5600961538461539 0.18028846153846154 0.09615384615384616
0 0.36899038461538464 0.7127403846153846 0.125 0.12980769230769232
0 0.5084134615384616 0.7740384615384616 0.12980769230769232 0.10096153846153846
0 0.6778846153846154 0.7151442307692307 0.16346153846153846 0.16346153846153846
0 0.6262019230769231 0.6550480769230769 0.21153846153846154 0.07211538461538461
0 0.5108173076923077 0.5276442307692307 0.125 0.04326923076923077
0 0.9567307692307693 0.8341346153846154 0.07692307692307693 0.055288461538461536
0 0.9230769230769231 0.8088942307692307 0.0673076923076923 0.07692307692307693
0 0.9639423076923077 0.7668269230769231 0.06009615384615385 0.07211538461538461
0 0.9074519230769231 0.7439903846153846 0.08653846153846154 0.052884615384615384
0 0.8221153846153846 0.7668269230769231 0.09134615384615384 0.04326923076923077
0 0.8521634615384616 0.7980769230769231 0.08653846153846154 0.052884615384615384
0 0.8173076923076923 0.8293269230769231 0.07211538461538461 0.04326923076923077
0 0.7596153846153846 0.8185096153846154 0.0673076923076923 0.06490384615384616
0 0.7788461538461539 0.875 0.06009615384615385 0.06971153846153846
0 0.7079326923076923 0.8509615384615384 0.07211538461538461 0.04326923076923077
0 0.7103365384615384 0.8894230769230769 0.08653846153846154 0.04807692307692308
0 0.6526442307692307 0.8834134615384616 0.038461538461538464 0.04326923076923077
0 0.6694711538461539 0.8473557692307693 0.04807692307692308 0.04326923076923077
0 0.5985576923076923 0.8762019230769231 0.07211538461538461 0.06490384615384616
0 0.5685096153846154 0.8341346153846154 0.052884615384615384 0.04807692307692308
0 0.5492788461538461 0.8942307692307693 0.07211538461538461 0.05048076923076923
0 0.5084134615384616 0.9050480769230769 0.07692307692307693 0.057692307692307696
0 0.5240384615384616 0.9507211538461539 0.052884615384615384 0.04807692307692308
0 0.5769230769230769 0.9435096153846154 0.06009615384615385 0.038461538461538464
0 0.9122596153846154 0.9314903846153846 0.052884615384615384 0.04326923076923077
0 0.9014423076923077 0.8894230769230769 0.07692307692307693 0.055288461538461536
0 0.9591346153846154 0.9122596153846154 0.04807692307692308 0.036057692307692304
0 0.9507211538461539 0.8725961538461539 0.08653846153846154 0.036057692307692304
0 0.8665865384615384 0.9543269230769231 0.06009615384615385 0.052884615384615384
0 0.8713942307692307 0.9122596153846154 0.14903846153846154 0.08173076923076923
0 0.8689903846153846 0.9783653846153846 0.17548076923076922 0.038461538461538464
0 0.6610576923076923 0.953125 0.34134615384615385 0.0889423076923077
0 0.23798076923076922 0.5600961538461539 0.06009615384615385 0.04326923076923077
0 0.21634615384615385 0.5144230769230769 0.07211538461538461 0.04807692307692308
0 0.18028846153846154 0.4795673076923077 0.0985576923076923 0.05048076923076923
0 0.1778846153846154 0.4230769230769231 0.07211538461538461 0.038461538461538464
0 0.109375 0.4423076923076923 0.07692307692307693 0.038461538461538464
0 0.10096153846153846 0.4050480769230769 0.04807692307692308 0.02403846153846154
0 0.11177884615384616 0.36538461538461536 0.06009615384615385 0.03365384615384615
0 0.18629807692307693 0.5949519230769231 0.08653846153846154 0.04807692307692308
0 0.24639423076923078 0.6021634615384616 0.052884615384615384 0.038461538461538464
0 0.2127403846153846 0.6382211538461539 0.07692307692307693 0.038461538461538464
0 0.20192307692307693 0.6838942307692307 0.04326923076923077 0.04326923076923077
0 0.15264423076923078 0.6706730769230769 0.052884615384615384 0.04807692307692308
0 0.3858173076923077 0.9723557692307693 0.09134615384615384 0.04807692307692308
0 0.4206730769230769 0.9314903846153846 0.052884615384615384 0.05048076923076923
0 0.2704326923076923 0.921875 0.09134615384615384 0.0673076923076923
0 0.35216346153846156 0.9362980769230769 0.10336538461538461 0.0985576923076923
0 0.15625 0.9014423076923077 0.08173076923076923 0.06490384615384616
0 0.2512019230769231 0.8557692307692307 0.11057692307692307 0.0985576923076923
0 0.12259615384615384 0.9435096153846154 0.13701923076923078 0.06971153846153846
0 0.06610576923076923 0.875 0.07692307692307693 0.04807692307692308
0 0.038461538461538464 0.9615384615384616 0.07692307692307693 0.038461538461538464
0 0.4987980769230769 0.5 0.9975961538461539 0.9951923076923077
0 0.10697115384615384 0.609375 0.07211538461538461 0.038461538461538464
0 0.1201923076923077 0.7548076923076923 0.20673076923076922 0.09134615384615384
0 0.14423076923076922 0.625 0.20192307692307693 0.17548076923076922
0 0.10096153846153846 0.48677884615384615 0.07211538461538461 0.13942307692307693
0 0.054086538461538464 0.36778846153846156 0.07692307692307693 0.16826923076923078