0 0.1935096153846154 0.3088942307692308 0.19230769230769232 0.46634615384615385
0 0.3449519230769231 0.6995192307692307 0.1466346153846154 0.43990384615384615
0 0.109375 0.59375 0.21875 0.5096153846153846
0 0.01201923076923077 0.5865384615384616 0.019230769230769232 0.10096153846153846
0 0.15144230769230768 0.8822115384615384 0.1971153846153846 0.22596153846153846
0 0.3293269230769231 0.9110576923076923 0.10817307692307693 0.16826923076923078
0 0.49038461538461536 0.056490384615384616 0.08653846153846154 0.10817307692307693
0 0.5516826923076923 0.05889423076923077 0.06009615384615385 0.11298076923076923
0 0.7127403846153846 0.25600961538461536 0.19951923076923078 0.45913461538461536
0 0.8353365384615384 0.6394230769230769 0.16826923076923078 0.5240384615384616
0 0.9555288461538461 0.5997596153846154 0.0625 0.14182692307692307
0 0.6358173076923077 0.5889423076923077 0.10576923076923077 0.4230769230769231
0 0.5240384615384616 0.48197115384615385 0.125 0.47596153846153844
0 0.46274038461538464 0.5661057692307693 0.21394230769230768 0.46634615384615385