0 0.3942307692307692 0.6346153846153846 0.10096153846153846 0.18509615384615385
0 0.47836538461538464 0.7067307692307693 0.1778846153846154 0.1971153846153846
0 0.6021634615384616 0.6706730769230769 0.125 0.16346153846153846
0 0.5925480769230769 0.48197115384615385 0.1346153846153846 0.18028846153846154
0 0.6430288461538461 0.4206730769230769 0.07211538461538461 0.14903846153846154
0 0.5576923076923077 0.31490384615384615 0.1346153846153846 0.125
0 0.4519230769230769 0.39663461538461536 0.12980769230769232 0.125
0 0.5036057692307693 0.5336538461538461 0.14423076923076922 0.18028846153846154
0 0.36658653846153844 0.5108173076923077 0.10817307692307693 0.16346153846153846
0 0.3557692307692308 0.4411057692307692 0.07692307692307693 0.08653846153846154
0 0.41346153846153844 0.3293269230769231 0.1466346153846154 0.14423076923076922
0 0.49759615384615385 0.5048076923076923 0.4182692307692308 0.5961538461538461