0 0.39663461538461536 0.7115384615384616 0.16346153846153846 0.12259615384615384
0 0.4170673076923077 0.8149038461538461 0.10336538461538461 0.08413461538461539
0 0.42788461538461536 0.8810096153846154 0.07211538461538461 0.052884615384615384
0 0.3629807692307692 0.8173076923076923 0.057692307692307696 0.0889423076923077
0 0.2860576923076923 0.7475961538461539 0.057692307692307696 0.1971153846153846
0 0.3269230769230769 0.8822115384615384 0.23076923076923078 0.1201923076923077
0 0.21634615384615385 0.8629807692307693 0.09134615384615384 0.1875
0 0.26322115384615385 0.6995192307692307 0.0625 0.16105769230769232
0 0.22716346153846154 0.6766826923076923 0.052884615384615384 0.18509615384615385
0 0.28125 0.4519230769230769 0.23076923076923078 0.17307692307692307
0 0.33533653846153844 0.53125 0.23557692307692307 0.1466346153846154
0 0.36899038461538464 0.6033653846153846 0.17067307692307693 0.11538461538461539
0 0.5180288461538461 0.6826923076923077 0.15865384615384615 0.10336538461538461
0 0.6153846153846154 0.7367788461538461 0.14903846153846154 0.1875
0 0.5745192307692307 0.7908653846153846 0.25240384615384615 0.2644230769230769
0 0.7007211538461539 0.6502403846153846 0.24759615384615385 0.12259615384615384
0 0.5288461538461539 0.5745192307692307 0.14903846153846154 0.1201923076923077
0 0.5673076923076923 0.44591346153846156 0.25721153846153844 0.15384615384615385
0 0.3269230769230769 0.35216346153846156 0.25240384615384615 0.1658653846153846
0 0.5564903846153846 0.27163461538461536 0.25721153846153844 0.20432692307692307
0 0.3329326923076923 0.1658653846153846 0.31490384615384615 0.24519230769230768