0 0.2439903846153846 0.15625 0.4807692307692308 0.3004807692307692
0 0.32572115384615385 0.5625 0.6442307692307693 0.7644230769230769
0 0.27403846153846156 0.9194711538461539 0.22596153846153846 0.15625
0 0.13822115384615385 0.9471153846153846 0.2283653846153846 0.10096153846153846
0 0.03245192307692308 0.96875 0.06009615384615385 0.057692307692307696
0 0.4495192307692308 0.9278846153846154 0.14423076923076922 0.13942307692307693
0 0.6237980769230769 0.8329326923076923 0.25961538461538464 0.28846153846153844
0 0.7548076923076923 0.8713942307692307 0.25 0.22355769230769232
0 0.8581730769230769 0.5721153846153846 0.27884615384615385 0.28365384615384615
0 0.8052884615384616 0.484375 0.38461538461538464 0.4254807692307692
0 0.8978365384615384 0.14423076923076922 0.20192307692307693 0.27884615384615385