0 0.21514423076923078 0.984375 0.09375 0.026442307692307692
0 0.2824519230769231 0.9567307692307693 0.11778846153846154 0.08173076923076923
0 0.3894230769230769 0.9867788461538461 0.07211538461538461 0.021634615384615384
0 0.5384615384615384 0.9723557692307693 0.21634615384615385 0.05048076923076923
0 0.6502403846153846 0.9278846153846154 0.07932692307692307 0.04807692307692308
0 0.6826923076923077 0.9627403846153846 0.08653846153846154 0.06009615384615385
0 0.75 0.9543269230769231 0.06009615384615385 0.028846153846153848
0 0.7944711538461539 0.9399038461538461 0.028846153846153848 0.03365384615384615
0 0.8425480769230769 0.9567307692307693 0.08653846153846154 0.038461538461538464
0 0.8605769230769231 0.9266826923076923 0.08173076923076923 0.0673076923076923
0 0.8100961538461539 0.8966346153846154 0.06009615384615385 0.038461538461538464
0 0.8569711538461539 0.8966346153846154 0.04326923076923077 0.038461538461538464
0 0.8870192307692307 0.8641826923076923 0.06490384615384616 0.04807692307692308
0 0.8197115384615384 0.8725961538461539 0.06009615384615385 0.02403846153846154
0 0.7644230769230769 0.9098557692307693 0.05048076923076923 0.06009615384615385
0 0.7247596153846154 0.9206730769230769 0.06009615384615385 0.03365384615384615
0 0.6778846153846154 0.8942307692307693 0.04326923076923077 0.04326923076923077
0 0.7295673076923077 0.8786057692307693 0.08173076923076923 0.036057692307692304
0 0.75 0.8461538461538461 0.08173076923076923 0.04326923076923077
0 0.8353365384615384 0.8209134615384616 0.06971153846153846 0.0625
0 0.8725961538461539 0.8341346153846154 0.055288461538461536 0.04326923076923077
0 0.7524038461538461 0.8052884615384616 0.07451923076923077 0.04807692307692308
0 0.6778846153846154 0.8461538461538461 0.06490384615384616 0.052884615384615384
0 0.6899038461538461 0.7944711538461539 0.09134615384615384 0.052884615384615384
0 0.6069711538461539 0.8185096153846154 0.06490384615384616 0.0673076923076923
0 0.6574519230769231 0.7644230769230769 0.09615384615384616 0.055288461538461536
0 0.7355769230769231 0.7487980769230769 0.06971153846153846 0.055288461538461536
0 0.8125 0.7692307692307693 0.07451923076923077 0.04807692307692308
0 0.8449519230769231 0.7067307692307693 0.08173076923076923 0.10096153846153846
0 0.8846153846153846 0.7427884615384616 0.05048076923076923 0.052884615384615384
0 0.8822115384615384 0.7884615384615384 0.04326923076923077 0.038461538461538464
0 0.8846153846153846 0.6670673076923077 0.05048076923076923 0.04326923076923077
0 0.8401442307692307 0.5600961538461539 0.09134615384615384 0.23557692307692307
0 0.7103365384615384 0.5793269230769231 0.25 0.3076923076923077
0 0.7019230769230769 0.6454326923076923 0.06490384615384616 0.07932692307692307
0 0.7019230769230769 0.6935096153846154 0.055288461538461536 0.04807692307692308
0 0.5997596153846154 0.671875 0.13942307692307693 0.125
0 0.6069711538461539 0.7367788461538461 0.08653846153846154 0.055288461538461536
0 0.5300480769230769 0.7848557692307693 0.1201923076923077 0.19230769230769232
0 0.5721153846153846 0.9098557692307693 0.20432692307692307 0.11538461538461539
0 0.4074519230769231 0.9026442307692307 0.23557692307692307 0.12980769230769232
0 0.39783653846153844 0.8064903846153846 0.18509615384615385 0.21153846153846154
0 0.46033653846153844 0.6754807692307693 0.08173076923076923 0.16346153846153846
0 0.35216346153846156 0.6430288461538461 0.15384615384615385 0.11538461538461539
0 0.23557692307692307 0.7295673076923077 0.17067307692307693 0.1201923076923077
0 0.28966346153846156 0.8269230769230769 0.11057692307692307 0.10096153846153846
0 0.3701923076923077 0.8221153846153846 0.038461538461538464 0.019230769230769232
0 0.22716346153846154 0.9002403846153846 0.125 0.08653846153846154
0 0.16706730769230768 0.8209134615384616 0.125 0.10336538461538461
0 0.19471153846153846 0.5961538461538461 0.18990384615384615 0.14903846153846154
0 0.2403846153846154 0.45072115384615385 0.18028846153846154 0.12740384615384615
0 0.3401442307692308 0.38822115384615385 0.13942307692307693 0.10096153846153846
0 0.3425480769230769 0.44591346153846156 0.02403846153846154 0.014423076923076924
0 0.3449519230769231 0.5336538461538461 0.16826923076923078 0.12740384615384615
0 0.41466346153846156 0.4639423076923077 0.11057692307692307 0.07692307692307693
0 0.5204326923076923 0.5456730769230769 0.18028846153846154 0.14423076923076922
0 0.6153846153846154 0.5036057692307693 0.08173076923076923 0.07692307692307693
0 0.6574519230769231 0.5793269230769231 0.125 0.09134615384615384
0 0.7271634615384616 0.41466346153846156 0.14423076923076922 0.12740384615384615
0 0.8377403846153846 0.40865384615384615 0.07451923076923077 0.0673076923076923
0 0.6370192307692307 0.39302884615384615 0.07451923076923077 0.08413461538461539
0 0.5180288461538461 0.3870192307692308 0.16346153846153846 0.12740384615384615
0 0.8497596153846154 0.39663461538461536 0.11057692307692307 0.10096153846153846
0 0.21995192307692307 0.33052884615384615 0.1201923076923077 0.10336538461538461
0 0.2920673076923077 0.3125 0.10576923076923077 0.08413461538461539
0 0.4098557692307692 0.296875 0.13942307692307693 0.10576923076923077
0 0.5480769230769231 0.2668269230769231 0.1658653846153846 0.1201923076923077
0 0.2548076923076923 0.23677884615384615 0.10096153846153846 0.09134615384615384
0 0.3425480769230769 0.24278846153846154 0.08653846153846154 0.055288461538461536
0 0.29447115384615385 0.14543269230769232 0.16826923076923078 0.14903846153846154
0 0.44471153846153844 0.18269230769230768 0.1201923076923077 0.11057692307692307
0 0.6225961538461539 0.2091346153846154 0.18509615384615385 0.08413461538461539
0 0.7704326923076923 0.2247596153846154 0.3605769230769231 0.31490384615384615
0 0.45552884615384615 0.1310096153846154 0.46153846153846156 0.21634615384615385
0 0.49278846153846156 0.030048076923076924 0.20673076923076922 0.052884615384615384
0 0.6526442307692307 0.06129807692307692 0.1346153846153846 0.11538461538461539
0 0.3076923076923077 0.030048076923076924 0.08653846153846154 0.052884615384615384
0 0.3798076923076923 0.020432692307692308 0.05048076923076923 0.03365384615384615
0 0.24278846153846154 0.03365384615384615 0.08653846153846154 0.06009615384615385
0 0.15504807692307693 0.09134615384615384 0.06971153846153846 0.03365384615384615
0 0.15504807692307693 0.04807692307692308 0.0889423076923077 0.04807692307692308
0 0.19951923076923078 0.020432692307692308 0.06009615384615385 0.03365384615384615
0 0.1971153846153846 0.21153846153846154 0.2860576923076923 0.30288461538461536
0 0.22235576923076922 0.23557692307692307 0.17548076923076922 0.18269230769230768