0 0.765625 0.8197115384615384 0.15144230769230768 0.20192307692307693
0 0.7151442307692307 0.7740384615384616 0.12259615384615384 0.44711538461538464
0 0.5709134615384616 0.7079326923076923 0.17548076923076922 0.46153846153846156
0 0.5757211538461539 0.2776442307692308 0.20673076923076922 0.34134615384615385
0 0.43149038461538464 0.14903846153846154 0.2932692307692308 0.2860576923076923
0 0.38221153846153844 0.5 0.25721153846153844 0.47115384615384615
0 0.41947115384615385 0.8834134615384616 0.21394230769230768 0.2283653846153846
0 0.21514423076923078 0.6514423076923077 0.30288461538461536 0.4375
0 0.21514423076923078 0.20552884615384615 0.24519230769230768 0.39903846153846156
0 0.09014423076923077 0.06490384615384616 0.10096153846153846 0.11778846153846154
0 0.09735576923076923 0.3485576923076923 0.19230769230769232 0.3942307692307692
0 0.07692307692307693 0.7019230769230769 0.14903846153846154 0.3269230769230769
0 0.171875 0.9110576923076923 0.2091346153846154 0.17307692307692307