0 0.15504807692307693 0.7944711538461539 0.12259615384615384 0.14423076923076922
0 0.22355769230769232 0.9050480769230769 0.17307692307692307 0.15865384615384615
0 0.2860576923076923 0.9783653846153846 0.10817307692307693 0.036057692307692304
0 0.3737980769230769 0.9158653846153846 0.15865384615384615 0.15384615384615385
0 0.45072115384615385 0.9723557692307693 0.15384615384615385 0.04807692307692308
0 0.5685096153846154 0.8954326923076923 0.21153846153846154 0.1778846153846154
0 0.6105769230769231 0.9879807692307693 0.10817307692307693 0.016826923076923076
0 0.7463942307692307 0.9459134615384616 0.19230769230769232 0.10096153846153846
0 0.9074519230769231 0.9134615384615384 0.18028846153846154 0.16826923076923078
0 0.7632211538461539 0.8209134615384616 0.1778846153846154 0.14903846153846154
0 0.9122596153846154 0.7560096153846154 0.17067307692307693 0.14182692307692307
0 0.8004807692307693 0.6790865384615384 0.15384615384615385 0.125
0 0.6382211538461539 0.7139423076923077 0.20192307692307693 0.1778846153846154
0 0.4675480769230769 0.7680288461538461 0.1971153846153846 0.18269230769230768
0 0.28846153846153844 0.7319711538461539 0.18269230769230768 0.17307692307692307
0 0.15745192307692307 0.6310096153846154 0.13942307692307693 0.15865384615384615
0 0.2512019230769231 0.6033653846153846 0.0889423076923077 0.09134615384615384
0 0.3713942307692308 0.6105769230769231 0.14423076923076922 0.1346153846153846
0 0.49278846153846156 0.6310096153846154 0.12980769230769232 0.10096153846153846
0 0.6009615384615384 0.5564903846153846 0.1778846153846154 0.15384615384615385
0 0.765625 0.5144230769230769 0.18269230769230768 0.15865384615384615
0 0.9170673076923077 0.5901442307692307 0.16105769230769232 0.15144230769230768
0 0.9098557692307693 0.43509615384615385 0.17548076923076922 0.16346153846153846
0 0.9915865384615384 0.36538461538461536 0.01201923076923077 0.07211538461538461
0 0.8870192307692307 0.2920673076923077 0.13942307692307693 0.10096153846153846
0 0.7704326923076923 0.36658653846153844 0.14423076923076922 0.12980769230769232
0 0.6177884615384616 0.4014423076923077 0.18269230769230768 0.15865384615384615
0 0.453125 0.484375 0.21634615384615385 0.16105769230769232
0 0.42908653846153844 0.35336538461538464 0.1875 0.14903846153846154
0 0.26802884615384615 0.4795673076923077 0.15384615384615385 0.15384615384615385
0 0.1502403846153846 0.4879807692307692 0.11298076923076923 0.13701923076923078
0 0.17427884615384615 0.3473557692307692 0.17307692307692307 0.15384615384615385
0 0.30528846153846156 0.33052884615384615 0.16826923076923078 0.16105769230769232
0 0.4855769230769231 0.296875 0.20192307692307693 0.15865384615384615
0 0.6502403846153846 0.25240384615384615 0.1778846153846154 0.13942307692307693
0 0.7908653846153846 0.19110576923076922 0.17307692307692307 0.13942307692307693
0 0.8918269230769231 0.07451923076923077 0.18269230769230768 0.14423076923076922
0 0.7163461538461539 0.07091346153846154 0.14423076923076922 0.11538461538461539
0 0.6033653846153846 0.039663461538461536 0.16346153846153846 0.07451923076923077
0 0.5420673076923077 0.13942307692307693 0.1778846153846154 0.14903846153846154
0 0.3894230769230769 0.16947115384615385 0.1778846153846154 0.14423076923076922
0 0.22716346153846154 0.1971153846153846 0.1971153846153846 0.16105769230769232
0 0.13341346153846154 0.1045673076923077 0.0889423076923077 0.16105769230769232
0 0.23798076923076922 0.0625 0.23076923076923078 0.1201923076923077
0 0.42908653846153844 0.046875 0.16826923076923078 0.09134615384615384