0 0.27163461538461536 0.8858173076923077 0.33653846153846156 0.22115384615384615
0 0.4254807692307692 0.8966346153846154 0.08173076923076923 0.0673076923076923
0 0.4675480769230769 0.8209134615384616 0.16346153846153846 0.09134615384615384
0 0.6069711538461539 0.9098557692307693 0.19230769230769232 0.10817307692307693
0 0.7223557692307693 0.875 0.17067307692307693 0.11298076923076923
0 0.7692307692307693 0.7740384615384616 0.17548076923076922 0.12740384615384615
0 0.6262019230769231 0.8173076923076923 0.17548076923076922 0.1201923076923077
0 0.5877403846153846 0.7103365384615384 0.1875 0.10817307692307693
0 0.4831730769230769 0.7151442307692307 0.14423076923076922 0.1346153846153846
0 0.59375 0.6177884615384616 0.14423076923076922 0.07692307692307693
0 0.7560096153846154 0.6382211538461539 0.22596153846153846 0.16105769230769232
0 0.6598557692307693 0.546875 0.22115384615384615 0.11538461538461539
0 0.2247596153846154 0.671875 0.3942307692307692 0.34375
0 0.10576923076923077 0.6081730769230769 0.20673076923076922 0.2403846153846154
0 0.12860576923076922 0.27524038461538464 0.13701923076923078 0.14423076923076922
0 0.14783653846153846 0.4170673076923077 0.16346153846153846 0.14423076923076922
0 0.055288461538461536 0.36899038461538464 0.055288461538461536 0.12259615384615384
0 0.08533653846153846 0.2403846153846154 0.10576923076923077 0.11057692307692307
0 0.21394230769230768 0.16466346153846154 0.11057692307692307 0.10576923076923077
0 0.23918269230769232 0.2644230769230769 0.07211538461538461 0.12259615384615384
0 0.33774038461538464 0.13581730769230768 0.15865384615384615 0.27163461538461536
0 0.3016826923076923 0.21875 0.35096153846153844 0.3942307692307692
0 0.3629807692307692 0.2247596153846154 0.3942307692307692 0.37740384615384615
0 0.3545673076923077 0.296875 0.5552884615384616 0.38461538461538464
0 0.29447115384615385 0.4170673076923077 0.125 0.11538461538461539
0 0.2860576923076923 0.4855769230769231 0.14423076923076922 0.10817307692307693
0 0.453125 0.42788461538461536 0.20192307692307693 0.25961538461538464
0 0.453125 0.49399038461538464 0.10576923076923077 0.2644230769230769
0 0.5709134615384616 0.25240384615384615 0.15384615384615385 0.09134615384615384
0 0.640625 0.20072115384615385 0.10576923076923077 0.07692307692307693
0 0.7115384615384616 0.2704326923076923 0.13701923076923078 0.0673076923076923
0 0.7007211538461539 0.33653846153846156 0.11538461538461539 0.07211538461538461
0 0.7884615384615384 0.3581730769230769 0.11538461538461539 0.10096153846153846
0 0.6730769230769231 0.40625 0.33653846153846156 0.14423076923076922
0 0.6538461538461539 0.49759615384615385 0.40625 0.15625
0 0.7668269230769231 0.4963942307692308 0.08173076923076923 0.07211538461538461
0 0.8245192307692307 0.5060096153846154 0.07692307692307693 0.09615384615384616
0 0.49158653846153844 0.5901442307692307 0.06009615384615385 0.04326923076923077