0 0.046875 0.13942307692307693 0.08173076923076923 0.12740384615384615
0 0.109375 0.2091346153846154 0.14182692307692307 0.0985576923076923
0 0.234375 0.17427884615384615 0.15384615384615385 0.125
0 0.3629807692307692 0.13822115384615385 0.18028846153846154 0.125
0 0.48677884615384615 0.046875 0.17307692307692307 0.08653846153846154
0 0.5901442307692307 0.07091346153846154 0.12980769230769232 0.07692307692307693
0 0.49399038461538464 0.13822115384615385 0.09134615384615384 0.09615384615384616
0 0.6033653846153846 0.14903846153846154 0.11538461538461539 0.08653846153846154
0 0.7103365384615384 0.15264423076923078 0.0985576923076923 0.09615384615384616
0 0.8004807692307693 0.12379807692307693 0.10336538461538461 0.10096153846153846
0 0.5360576923076923 0.21634615384615385 0.12980769230769232 0.08413461538461539
0 0.4230769230769231 0.21995192307692307 0.08173076923076923 0.0673076923076923
0 0.25721153846153844 0.2512019230769231 0.12980769230769232 0.08173076923076923
0 0.15625 0.3016826923076923 0.14903846153846154 0.11538461538461539
0 0.04326923076923077 0.2776442307692308 0.07692307692307693 0.07692307692307693
0 0.08173076923076923 0.38341346153846156 0.15384615384615385 0.1346153846153846
0 0.16706730769230768 0.40865384615384615 0.11538461538461539 0.0985576923076923
0 0.32572115384615385 0.3641826923076923 0.23557692307692307 0.15384615384615385
0 0.5216346153846154 0.29447115384615385 0.18028846153846154 0.10096153846153846
0 0.4098557692307692 0.2776442307692308 0.0673076923076923 0.052884615384615384
0 0.48677884615384615 0.38221153846153844 0.11057692307692307 0.09615384615384616
0 0.5709134615384616 0.3605769230769231 0.07211538461538461 0.05048076923076923
0 0.6778846153846154 0.32211538461538464 0.15384615384615385 0.0985576923076923
0 0.6334134615384616 0.25961538461538464 0.0673076923076923 0.02403846153846154
0 0.6418269230769231 0.22235576923076922 0.09134615384615384 0.06490384615384616
0 0.734375 0.21033653846153846 0.08173076923076923 0.028846153846153848
0 0.7512019230769231 0.2776442307692308 0.15865384615384615 0.11298076923076923
0 0.8221153846153846 0.24879807692307693 0.10336538461538461 0.08413461538461539
0 0.8605769230769231 0.22355769230769232 0.09134615384615384 0.0673076923076923
0 0.0985576923076923 0.5132211538461539 0.1875 0.11538461538461539
0 0.2403846153846154 0.4831730769230769 0.17307692307692307 0.11538461538461539
0 0.4266826923076923 0.45072115384615385 0.1201923076923077 0.08173076923076923
0 0.5384615384615384 0.4831730769230769 0.16826923076923078 0.125
0 0.6418269230769231 0.40865384615384615 0.18028846153846154 0.10576923076923077
0 0.7019230769230769 0.4891826923076923 0.13701923076923078 0.0985576923076923
0 0.8329326923076923 0.40865384615384615 0.18028846153846154 0.1201923076923077
0 0.8930288461538461 0.3233173076923077 0.11538461538461539 0.08653846153846154
0 0.9423076923076923 0.421875 0.07211538461538461 0.08173076923076923
0 0.8966346153846154 0.49759615384615385 0.12980769230769232 0.09615384615384616
0 0.765625 0.5252403846153846 0.15384615384615385 0.11298076923076923
0 0.9098557692307693 0.5817307692307693 0.10336538461538461 0.08173076923076923
0 0.8257211538461539 0.5805288461538461 0.12980769230769232 0.07692307692307693
0 0.734375 0.6129807692307693 0.06009615384615385 0.07692307692307693
0 0.6502403846153846 0.5925480769230769 0.12980769230769232 0.08653846153846154
0 0.6262019230769231 0.6838942307692307 0.16826923076923078 0.11057692307692307
0 0.4675480769230769 0.703125 0.16826923076923078 0.1201923076923077
0 0.3858173076923077 0.6418269230769231 0.11538461538461539 0.08413461538461539
0 0.3798076923076923 0.53125 0.13701923076923078 0.11538461538461539
0 0.49759615384615385 0.6021634615384616 0.16346153846153846 0.1201923076923077
0 0.7620192307692307 0.703125 0.11538461538461539 0.09134615384615384
0 0.8629807692307693 0.6694711538461539 0.1201923076923077 0.0889423076923077
0 0.8605769230769231 0.7728365384615384 0.14903846153846154 0.11298076923076923
0 0.7836538461538461 0.8617788461538461 0.13701923076923078 0.11778846153846154
0 0.7127403846153846 0.8449519230769231 0.125 0.08413461538461539
0 0.671875 0.7692307692307693 0.12980769230769232 0.09134615384615384
0 0.6310096153846154 0.8485576923076923 0.11538461538461539 0.08413461538461539
0 0.6418269230769231 0.9459134615384616 0.14903846153846154 0.10336538461538461
0 0.5192307692307693 0.8894230769230769 0.16346153846153846 0.11298076923076923
0 0.5276442307692307 0.7764423076923077 0.14903846153846154 0.10576923076923077
0 0.34975961538461536 0.7704326923076923 0.15384615384615385 0.11538461538461539
0 0.3737980769230769 0.8713942307692307 0.11538461538461539 0.09134615384615384
0 0.23197115384615385 0.8653846153846154 0.18028846153846154 0.11057692307692307
0 0.171875 0.7668269230769231 0.20192307692307693 0.125
0 0.08413461538461539 0.8365384615384616 0.13701923076923078 0.10336538461538461
0 0.038461538461538464 0.7692307692307693 0.0673076923076923 0.12740384615384615
0 0.07091346153846154 0.6418269230769231 0.12980769230769232 0.1346153846153846
0 0.22355769230769232 0.6490384615384616 0.1875 0.1201923076923077
0 0.26802884615384615 0.5745192307692307 0.17307692307692307 0.08653846153846154