0 0.24158653846153846 0.1310096153846154 0.06971153846153846 0.11538461538461539
0 0.1814903846153846 0.2127403846153846 0.07692307692307693 0.12980769230769232
0 0.2644230769230769 0.22956730769230768 0.08173076923076923 0.1201923076923077
0 0.19951923076923078 0.30408653846153844 0.08413461538461539 0.1201923076923077
0 0.265625 0.36658653846153844 0.08413461538461539 0.15384615384615385
0 0.21995192307692307 0.42908653846153844 0.0625 0.09615384615384616
0 0.1935096153846154 0.49759615384615385 0.07211538461538461 0.09615384615384616
0 0.14302884615384615 0.44591346153846156 0.057692307692307696 0.09615384615384616
0 0.09975961538461539 0.47475961538461536 0.07451923076923077 0.10817307692307693
0 0.14543269230769232 0.5540865384615384 0.052884615384615384 0.08653846153846154
0 0.056490384615384616 0.5336538461538461 0.07692307692307693 0.0673076923076923
0 0.1201923076923077 0.6045673076923077 0.052884615384615384 0.0625
0 0.10336538461538461 0.6586538461538461 0.06009615384615385 0.10096153846153846
0 0.052884615384615384 0.6081730769230769 0.07692307692307693 0.0673076923076923
0 0.054086538461538464 0.6899038461538461 0.052884615384615384 0.08653846153846154
0 0.07572115384615384 0.7560096153846154 0.06009615384615385 0.09134615384615384
0 0.12379807692307693 0.7788461538461539 0.052884615384615384 0.09134615384615384
0 0.36899038461538464 0.07091346153846154 0.0673076923076923 0.09615384615384616
0 0.4423076923076923 0.042067307692307696 0.07211538461538461 0.07211538461538461
0 0.4338942307692308 0.13581730769230768 0.09134615384615384 0.1346153846153846
0 0.3701923076923077 0.21634615384615385 0.08413461538461539 0.15865384615384615
0 0.44711538461538464 0.20192307692307693 0.0625 0.07211538461538461
0 0.42427884615384615 0.31009615384615385 0.08173076923076923 0.1201923076923077
0 0.3581730769230769 0.36899038461538464 0.0673076923076923 0.11538461538461539
0 0.31850961538461536 0.37740384615384615 0.028846153846153848 0.0625
0 0.3112980769230769 0.44350961538461536 0.04807692307692308 0.0673076923076923
0 0.36658653846153844 0.43149038461538464 0.057692307692307696 0.057692307692307696
0 0.43028846153846156 0.41466346153846156 0.06971153846153846 0.11538461538461539
0 0.5084134615384616 0.25240384615384615 0.0889423076923077 0.1201923076923077
0 0.5348557692307693 0.18990384615384615 0.03365384615384615 0.028846153846153848
0 0.5877403846153846 0.24759615384615385 0.07692307692307693 0.12980769230769232
0 0.5576923076923077 0.35216346153846156 0.08653846153846154 0.1346153846153846
0 0.5048076923076923 0.40865384615384615 0.057692307692307696 0.0673076923076923
0 0.48197115384615385 0.34134615384615385 0.0625 0.10096153846153846
0 0.46875 0.47716346153846156 0.07692307692307693 0.125
0 0.41466346153846156 0.47716346153846156 0.038461538461538464 0.0673076923076923
0 0.36658653846153844 0.5084134615384616 0.08413461538461539 0.10817307692307693
0 0.31850961538461536 0.5060096153846154 0.04807692307692308 0.09134615384615384
0 0.2932692307692308 0.6021634615384616 0.06971153846153846 0.11538461538461539
0 0.21153846153846154 0.5625 0.0673076923076923 0.10336538461538461
0 0.18509615384615385 0.6310096153846154 0.07692307692307693 0.07932692307692307
0 0.14903846153846154 0.6706730769230769 0.04567307692307692 0.0673076923076923
0 0.15384615384615385 0.7391826923076923 0.0625 0.09134615384615384
0 0.20793269230769232 0.6959134615384616 0.0673076923076923 0.09615384615384616
0 0.24879807692307693 0.6310096153846154 0.057692307692307696 0.10096153846153846
0 0.6225961538461539 0.34975961538461536 0.04807692307692308 0.09615384615384616
0 0.5961538461538461 0.40625 0.052884615384615384 0.052884615384615384
0 0.5625 0.4795673076923077 0.08413461538461539 0.10817307692307693
0 0.515625 0.53125 0.0673076923076923 0.1201923076923077
0 0.46875 0.6274038461538461 0.07692307692307693 0.10817307692307693
0 0.4423076923076923 0.5600961538461539 0.0673076923076923 0.09615384615384616
0 0.36177884615384615 0.5913461538461539 0.0673076923076923 0.10096153846153846
0 0.39903846153846156 0.6105769230769231 0.04326923076923077 0.08653846153846154
0 0.41947115384615385 0.65625 0.057692307692307696 0.08653846153846154
0 0.38341346153846156 0.7415865384615384 0.08173076923076923 0.15384615384615385
0 0.3545673076923077 0.6730769230769231 0.04567307692307692 0.0625
0 0.30408653846153844 0.7079326923076923 0.06971153846153846 0.09615384615384616
0 0.31971153846153844 0.7524038461538461 0.052884615384615384 0.07211538461538461
0 0.25841346153846156 0.7704326923076923 0.07692307692307693 0.10817307692307693
0 0.2548076923076923 0.7103365384615384 0.028846153846153848 0.057692307692307696
0 0.20432692307692307 0.7956730769230769 0.04567307692307692 0.09134615384615384
0 0.18870192307692307 0.8521634615384616 0.057692307692307696 0.0673076923076923
0 0.15745192307692307 0.8149038461538461 0.04326923076923077 0.052884615384615384
0 0.15264423076923078 0.8581730769230769 0.03125 0.03365384615384615
0 0.21875 0.8978365384615384 0.038461538461538464 0.02403846153846154
0 0.2548076923076923 0.8665865384615384 0.06971153846153846 0.09615384615384616
0 0.296875 0.8581730769230769 0.028846153846153848 0.07932692307692307
0 0.32211538461538464 0.8100961538461539 0.06971153846153846 0.08653846153846154
0 0.3389423076923077 0.8725961538461539 0.06971153846153846 0.09615384615384616
0 0.421875 0.8185096153846154 0.06009615384615385 0.07932692307692307
0 0.41586538461538464 0.8954326923076923 0.06971153846153846 0.08653846153846154
0 0.38822115384615385 0.9507211538461539 0.07932692307692307 0.09375
0 0.37259615384615385 0.8918269230769231 0.02403846153846154 0.0673076923076923
0 0.4699519230769231 0.8125 0.038461538461538464 0.07932692307692307
0 0.453125 0.7295673076923077 0.052884615384615384 0.08653846153846154
0 0.4891826923076923 0.6983173076923077 0.06971153846153846 0.10096153846153846
0 0.5204326923076923 0.6081730769230769 0.04807692307692308 0.07932692307692307
0 0.5685096153846154 0.6454326923076923 0.08173076923076923 0.1201923076923077
0 0.5841346153846154 0.5709134615384616 0.06971153846153846 0.10817307692307693
0 0.6646634615384616 0.40384615384615385 0.07692307692307693 0.125
0 0.6802884615384616 0.49158653846153844 0.08653846153846154 0.09615384615384616
0 0.7271634615384616 0.43509615384615385 0.04807692307692308 0.052884615384615384
0 0.765625 0.4855769230769231 0.06971153846153846 0.08653846153846154
0 0.7223557692307693 0.5060096153846154 0.038461538461538464 0.0673076923076923
0 0.6262019230769231 0.49759615384615385 0.04326923076923077 0.0625
0 0.6502403846153846 0.5829326923076923 0.06971153846153846 0.1201923076923077
0 0.6875 0.6502403846153846 0.08173076923076923 0.1201923076923077
0 0.7223557692307693 0.5600961538461539 0.0673076923076923 0.07211538461538461
0 0.7740384615384616 0.5456730769230769 0.03125 0.04567307692307692
0 0.6298076923076923 0.7127403846153846 0.07692307692307693 0.10817307692307693
0 0.5757211538461539 0.7644230769230769 0.07451923076923077 0.1201923076923077
0 0.5396634615384616 0.7043269230769231 0.03125 0.07932692307692307
0 0.5084134615384616 0.78125 0.07451923076923077 0.07211538461538461
0 0.5120192307692307 0.8353365384615384 0.07211538461538461 0.0673076923076923
0 0.46634615384615385 0.8149038461538461 0.038461538461538464 0.08653846153846154
0 0.4879807692307692 0.9038461538461539 0.0673076923076923 0.09134615384615384
0 0.44711538461538464 0.9459134615384616 0.04807692307692308 0.052884615384615384
0 0.5372596153846154 0.8978365384615384 0.04567307692307692 0.10096153846153846
0 0.5612980769230769 0.9314903846153846 0.03125 0.057692307692307696
0 0.5733173076923077 0.8810096153846154 0.028846153846153848 0.04567307692307692
0 0.5817307692307693 0.8269230769230769 0.057692307692307696 0.07211538461538461
0 0.6225961538461539 0.8497596153846154 0.03365384615384615 0.052884615384615384
0 0.6009615384615384 0.8834134615384616 0.019230769230769232 0.038461538461538464
0 0.6153846153846154 0.8016826923076923 0.03365384615384615 0.057692307692307696
0 0.6526442307692307 0.8185096153846154 0.0673076923076923 0.0673076923076923
0 0.6766826923076923 0.7668269230769231 0.0673076923076923 0.11538461538461539
0 0.7463942307692307 0.7608173076923077 0.0673076923076923 0.0673076923076923
0 0.7415865384615384 0.6959134615384616 0.057692307692307696 0.07211538461538461
0 0.7427884615384616 0.625 0.057692307692307696 0.125
0 0.7896634615384616 0.7103365384615384 0.028846153846153848 0.0673076923076923
0 0.7956730769230769 0.6502403846153846 0.057692307692307696 0.08653846153846154
0 0.7692307692307693 0.6310096153846154 0.07692307692307693 0.07932692307692307
0 0.8449519230769231 0.5829326923076923 0.057692307692307696 0.038461538461538464
0 0.8257211538461539 0.6586538461538461 0.04807692307692308 0.10336538461538461
0 0.8509615384615384 0.6310096153846154 0.04567307692307692 0.07932692307692307
0 0.9002403846153846 0.6225961538461539 0.057692307692307696 0.08653846153846154
0 0.9627403846153846 0.5877403846153846 0.052884615384615384 0.052884615384615384