0 0.8209134615384616 0.25 0.21153846153846154 0.14423076923076922
0 0.7716346153846154 0.296875 0.4519230769230769 0.11778846153846154
0 0.7103365384615384 0.4387019230769231 0.4543269230769231 0.1658653846153846
0 0.2704326923076923 0.4338942307692308 0.33653846153846156 0.1971153846153846
0 0.14543269230769232 0.5817307692307693 0.27884615384615385 0.2764423076923077
0 0.5336538461538461 0.6310096153846154 0.4206730769230769 0.23557692307692307
0 0.8882211538461539 0.59375 0.21875 0.20192307692307693
0 0.65625 0.7836538461538461 0.4375 0.2932692307692308
0 0.2127403846153846 0.7872596153846154 0.41586538461538464 0.25
0 0.35096153846153844 0.9074519230769231 0.3605769230769231 0.18028846153846154
0 0.08653846153846154 0.9350961538461539 0.16346153846153846 0.125
0 0.6995192307692307 0.9266826923076923 0.3317307692307692 0.14182692307692307
0 0.9074519230769231 0.8233173076923077 0.18028846153846154 0.20432692307692307