0 0.9206730769230769 0.8641826923076923 0.14903846153846154 0.21634615384615385
0 0.9483173076923077 0.9831730769230769 0.09134615384615384 0.026442307692307692
0 0.7295673076923077 0.8858173076923077 0.3125 0.22355769230769232
0 0.8521634615384616 0.8293269230769231 0.0673076923076923 0.036057692307692304
0 0.5516826923076923 0.6778846153846154 0.42788461538461536 0.17067307692307693
0 0.5300480769230769 0.8112980769230769 0.3173076923076923 0.11538461538461539
0 0.4338942307692308 0.9050480769230769 0.37740384615384615 0.18269230769230768
0 0.25721153846153844 0.7908653846153846 0.2403846153846154 0.25
0 0.22716346153846154 0.9362980769230769 0.2692307692307692 0.1201923076923077
0 0.06850961538461539 0.9086538461538461 0.13701923076923078 0.17307692307692307
0 0.09615384615384616 0.8365384615384616 0.19230769230769232 0.11538461538461539
0 0.09615384615384616 0.7379807692307693 0.19230769230769232 0.2403846153846154
0 0.21033653846153846 0.6274038461538461 0.34375 0.1346153846153846
0 0.47596153846153844 0.5841346153846154 0.1971153846153846 0.12740384615384615
0 0.7403846153846154 0.5637019230769231 0.28846153846153844 0.14423076923076922
0 0.8329326923076923 0.7067307692307693 0.32211538461538464 0.19951923076923078
0 0.40384615384615385 0.49038461538461536 0.3389423076923077 0.29086538461538464
0 0.23197115384615385 0.4423076923076923 0.22355769230769232 0.20673076923076922
0 0.15264423076923078 0.4675480769230769 0.16346153846153846 0.18509615384615385
0 0.06850961538461539 0.48677884615384615 0.13701923076923078 0.24759615384615385
0 0.7463942307692307 0.390625 0.36538461538461536 0.2932692307692308
0 0.9290865384615384 0.41225961538461536 0.12980769230769232 0.22115384615384615
0 0.8305288461538461 0.19831730769230768 0.3269230769230769 0.1778846153846154
0 0.8894230769230769 0.056490384615384616 0.21634615384615385 0.10817307692307693
0 0.5817307692307693 0.0733173076923077 0.5721153846153846 0.14423076923076922
0 0.43990384615384615 0.15504807692307693 0.27884615384615385 0.1346153846153846
0 0.6370192307692307 0.16947115384615385 0.15865384615384615 0.07692307692307693
0 0.49759615384615385 0.2848557692307692 0.3942307692307692 0.18509615384615385
0 0.19110576923076922 0.24158653846153846 0.2403846153846154 0.22115384615384615
0 0.2764423076923077 0.14423076923076922 0.16826923076923078 0.14903846153846154
0 0.21153846153846154 0.052884615384615384 0.21634615384615385 0.10096153846153846
0 0.07091346153846154 0.16346153846153846 0.14182692307692307 0.13942307692307693
0 0.09375 0.29447115384615385 0.1875 0.17067307692307693
0 0.04927884615384615 0.052884615384615384 0.0985576923076923 0.09134615384615384
0 0.05048076923076923 0.01201923076923077 0.10096153846153846 0.019230769230769232
0 0.4987980769230769 0.5 0.9975961538461539 0.9951923076923077