0 0.7548076923076923 0.6622596153846154 0.3870192307692308 0.29086538461538464
0 0.9507211538461539 0.5264423076923077 0.08653846153846154 0.1346153846153846
0 0.8918269230769231 0.375 0.20673076923076922 0.13942307692307693
0 0.7271634615384616 0.38461538461538464 0.11298076923076923 0.10576923076923077
0 0.7067307692307693 0.46153846153846156 0.11298076923076923 0.07211538461538461
0 0.8088942307692307 0.4807692307692308 0.17548076923076922 0.08173076923076923
0 0.48197115384615385 0.41346153846153844 0.33653846153846156 0.2692307692307692
0 0.47716346153846156 0.27403846153846156 0.04807692307692308 0.03125
0 0.6033653846153846 0.25240384615384615 0.03125 0.026442307692307692
0 0.6310096153846154 0.2932692307692308 0.057692307692307696 0.03125
0 0.7475961538461539 0.28725961538461536 0.03125 0.026442307692307692
0 0.7932692307692307 0.26802884615384615 0.03125 0.026442307692307692
0 0.9278846153846154 0.29927884615384615 0.019230769230769232 0.019230769230769232
0 0.9639423076923077 0.019230769230769232 0.0625 0.03125
0 0.6850961538461539 0.0889423076923077 0.040865384615384616 0.038461538461538464
0 0.6237980769230769 0.12740384615384615 0.040865384615384616 0.03125
0 0.75 0.1778846153846154 0.036057692307692304 0.03125
0 0.6394230769230769 0.16947115384615385 0.040865384615384616 0.03125
0 0.5949519230769231 0.16466346153846154 0.04807692307692308 0.03365384615384615
0 0.546875 0.1658653846153846 0.040865384615384616 0.03125
0 0.5432692307692307 0.140625 0.036057692307692304 0.026442307692307692
0 0.4567307692307692 0.1622596153846154 0.04807692307692308 0.02403846153846154
0 0.3245192307692308 0.1502403846153846 0.040865384615384616 0.03125
0 0.027644230769230768 0.0673076923076923 0.05048076923076923 0.04326923076923077
0 0.23557692307692307 0.22235576923076922 0.46634615384615385 0.25721153846153844
0 0.29086538461538464 0.46875 0.15865384615384615 0.14423076923076922
0 0.125 0.47475961538461536 0.24519230769230768 0.4206730769230769
0 0.3016826923076923 0.6298076923076923 0.45913461538461536 0.3245192307692308
0 0.17908653846153846 0.7776442307692307 0.35336538461538464 0.2860576923076923
0 0.5204326923076923 0.8353365384615384 0.3701923076923077 0.30528846153846156
0 0.796875 0.9038461538461539 0.23076923076923078 0.10096153846153846
0 0.8581730769230769 0.9038461538461539 0.27403846153846156 0.1466346153846154
0 0.8966346153846154 0.7668269230769231 0.1971153846153846 0.18269230769230768
0 0.7572115384615384 0.8161057692307693 0.08173076923076923 0.0889423076923077
0 0.578125 0.9747596153846154 0.40625 0.04567307692307692
0 0.19110576923076922 0.9194711538461539 0.35096153846153844 0.10817307692307693