0 0.6947115384615384 0.8894230769230769 0.23557692307692307 0.14423076923076922
0 0.265625 0.9086538461538461 0.25 0.14423076923076922
0 0.2920673076923077 0.7091346153846154 0.2932692307692308 0.21634615384615385
0 0.5889423076923077 0.6382211538461539 0.2403846153846154 0.17548076923076922
0 0.7920673076923077 0.6826923076923077 0.15625 0.14903846153846154
0 0.7055288461538461 0.4675480769230769 0.20192307692307693 0.15865384615384615
0 0.4735576923076923 0.41225961538461536 0.23076923076923078 0.17067307692307693
0 0.21394230769230768 0.4639423076923077 0.23076923076923078 0.16826923076923078
0 0.39903846153846156 0.5973557692307693 0.22355769230769232 0.1971153846153846
0 0.4735576923076923 0.8533653846153846 0.23076923076923078 0.23076923076923078
0 0.13221153846153846 0.8365384615384616 0.17307692307692307 0.11538461538461539
0 0.13221153846153846 0.3798076923076923 0.21394230769230768 0.25
0 0.33052884615384615 0.23197115384615385 0.19230769230769232 0.20673076923076922
0 0.18990384615384615 0.11177884615384616 0.19230769230769232 0.11057692307692307
0 0.5649038461538461 0.25841346153846156 0.21394230769230768 0.16826923076923078
0 0.78125 0.296875 0.23076923076923078 0.15865384615384615
0 0.71875 0.12139423076923077 0.1778846153846154 0.09134615384615384
0 0.46875 0.09735576923076923 0.2403846153846154 0.1875