0 0.7704326923076923 0.9663461538461539 0.24519230769230768 0.06009615384615385
0 0.8894230769230769 0.9831730769230769 0.04326923076923077 0.026442307692307692
0 0.9495192307692307 0.9735576923076923 0.0889423076923077 0.04807692307692308
0 0.8810096153846154 0.9170673076923077 0.15384615384615385 0.08653846153846154
0 0.9230769230769231 0.8653846153846154 0.14423076923076922 0.14423076923076922
0 0.6959134615384616 0.9050480769230769 0.21394230769230768 0.125
0 0.8305288461538461 0.8197115384615384 0.22115384615384615 0.08653846153846154
0 0.9230769230769231 0.09134615384615384 0.14423076923076922 0.12980769230769232
0 0.6045673076923077 0.40625 0.17307692307692307 0.1346153846153846
0 0.6814903846153846 0.49278846153846156 0.125 0.09375
0 0.8185096153846154 0.5853365384615384 0.22115384615384615 0.10336538461538461
0 0.9290865384615384 0.6298076923076923 0.12980769230769232 0.10576923076923077
0 0.8545673076923077 0.6646634615384616 0.10096153846153846 0.06971153846153846
0 0.7439903846153846 0.6598557692307693 0.1778846153846154 0.13942307692307693
0 0.9519230769230769 0.5396634615384616 0.08173076923076923 0.0673076923076923
0 0.8930288461538461 0.4963942307692308 0.14423076923076922 0.07211538461538461
0 0.8329326923076923 0.39663461538461536 0.1778846153846154 0.07211538461538461
0 0.7884615384615384 0.46634615384615385 0.13701923076923078 0.08173076923076923
0 0.5949519230769231 0.203125 0.1778846153846154 0.1466346153846154
0 0.6730769230769231 0.16466346153846154 0.09615384615384616 0.06971153846153846
0 0.6274038461538461 0.30528846153846156 0.16105769230769232 0.06971153846153846
0 0.7139423076923077 0.3329326923076923 0.07211538461538461 0.04807692307692308
0 0.4495192307692308 0.23798076923076922 0.11298076923076923 0.07692307692307693
0 0.4675480769230769 0.32211538461538464 0.18509615384615385 0.09615384615384616
0 0.4230769230769231 0.41225961538461536 0.1778846153846154 0.10336538461538461
0 0.45552884615384615 0.4567307692307692 0.20673076923076922 0.1201923076923077
0 0.6225961538461539 0.53125 0.125 0.08173076923076923
0 0.5564903846153846 0.5721153846153846 0.13701923076923078 0.09134615384615384
0 0.6225961538461539 0.6069711538461539 0.125 0.08653846153846154
0 0.6490384615384616 0.7103365384615384 0.12980769230769232 0.08173076923076923
0 0.5264423076923077 0.7427884615384616 0.14903846153846154 0.08653846153846154
0 0.4230769230769231 0.7536057692307693 0.09615384615384616 0.07211538461538461
0 0.3870192307692308 0.7836538461538461 0.10576923076923077 0.052884615384615384
0 0.2980769230769231 0.7896634615384616 0.12980769230769232 0.052884615384615384
0 0.22355769230769232 0.7980769230769231 0.14903846153846154 0.09134615384615384
0 0.2980769230769231 0.7319711538461539 0.15384615384615385 0.07692307692307693
0 0.1875 0.7271634615384616 0.0889423076923077 0.04807692307692308
0 0.16105769230769232 0.671875 0.12980769230769232 0.07692307692307693
0 0.2824519230769231 0.6418269230769231 0.17307692307692307 0.09615384615384616
0 0.39903846153846156 0.6550480769230769 0.16826923076923078 0.10336538461538461
0 0.3125 0.3233173076923077 0.16105769230769232 0.09375
0 0.36899038461538464 0.27524038461538464 0.10576923076923077 0.04326923076923077
0 0.2980769230769231 0.40865384615384615 0.09615384615384616 0.07692307692307693
0 0.2980769230769231 0.47115384615384615 0.1778846153846154 0.06971153846153846
0 0.30649038461538464 0.5384615384615384 0.16105769230769232 0.10336538461538461
0 0.1814903846153846 0.5600961538461539 0.125 0.08653846153846154
0 0.11899038461538461 0.6045673076923077 0.14423076923076922 0.06971153846153846
0 0.06850961538461539 0.5516826923076923 0.11298076923076923 0.06971153846153846
0 0.1310096153846154 0.4855769230769231 0.09615384615384616 0.0625
0 0.18990384615384615 0.4987980769230769 0.06009615384615385 0.04326923076923077
0 0.19591346153846154 0.43028846153846156 0.1201923076923077 0.07211538461538461
0 0.13701923076923078 0.38341346153846156 0.10576923076923077 0.07211538461538461
0 0.0829326923076923 0.4362980769230769 0.10576923076923077 0.11298076923076923
0 0.23197115384615385 0.3581730769230769 0.08173076923076923 0.06971153846153846