0 0.03365384615384615 0.7704326923076923 0.06009615384615385 0.24519230769230768
0 0.016826923076923076 0.8894230769230769 0.026442307692307692 0.04326923076923077
0 0.026442307692307692 0.9495192307692307 0.04807692307692308 0.0889423076923077
0 0.0829326923076923 0.8810096153846154 0.08653846153846154 0.15384615384615385
0 0.1346153846153846 0.9230769230769231 0.14423076923076922 0.14423076923076922
0 0.09495192307692307 0.6959134615384616 0.125 0.21394230769230768
0 0.18028846153846154 0.8305288461538461 0.08653846153846154 0.22115384615384615
0 0.9086538461538461 0.9230769230769231 0.12980769230769232 0.14423076923076922
0 0.59375 0.6045673076923077 0.1346153846153846 0.17307692307692307
0 0.5072115384615384 0.6814903846153846 0.09375 0.125
0 0.41466346153846156 0.8185096153846154 0.10336538461538461 0.22115384615384615
0 0.3701923076923077 0.9290865384615384 0.10576923076923077 0.12980769230769232
0 0.33533653846153844 0.8545673076923077 0.06971153846153846 0.10096153846153846
0 0.3401442307692308 0.7439903846153846 0.13942307692307693 0.1778846153846154
0 0.46033653846153844 0.9519230769230769 0.0673076923076923 0.08173076923076923
0 0.5036057692307693 0.8930288461538461 0.07211538461538461 0.14423076923076922
0 0.6033653846153846 0.8329326923076923 0.07211538461538461 0.1778846153846154
0 0.5336538461538461 0.7884615384615384 0.08173076923076923 0.13701923076923078
0 0.796875 0.5949519230769231 0.1466346153846154 0.18028846153846154
0 0.8353365384615384 0.6730769230769231 0.06971153846153846 0.09615384615384616
0 0.6947115384615384 0.6274038461538461 0.06971153846153846 0.16105769230769232
0 0.6670673076923077 0.7139423076923077 0.04807692307692308 0.07211538461538461
0 0.7620192307692307 0.4495192307692308 0.07692307692307693 0.11298076923076923
0 0.6778846153846154 0.4675480769230769 0.09615384615384616 0.18509615384615385
0 0.5877403846153846 0.4230769230769231 0.10336538461538461 0.1778846153846154
0 0.5432692307692307 0.45552884615384615 0.1201923076923077 0.20673076923076922
0 0.46875 0.6225961538461539 0.08173076923076923 0.125
0 0.42788461538461536 0.5564903846153846 0.09134615384615384 0.13701923076923078
0 0.39302884615384615 0.6225961538461539 0.08653846153846154 0.125
0 0.28966346153846156 0.6490384615384616 0.08173076923076923 0.12980769230769232
0 0.25721153846153844 0.5264423076923077 0.08653846153846154 0.14903846153846154
0 0.24639423076923078 0.4230769230769231 0.07211538461538461 0.09615384615384616
0 0.21634615384615385 0.3870192307692308 0.052884615384615384 0.10817307692307693
0 0.21033653846153846 0.2980769230769231 0.052884615384615384 0.13221153846153846
0 0.20192307692307693 0.22355769230769232 0.09134615384615384 0.14903846153846154
0 0.26802884615384615 0.2980769230769231 0.07692307692307693 0.15384615384615385
0 0.27283653846153844 0.1875 0.04807692307692308 0.0889423076923077
0 0.328125 0.16105769230769232 0.07692307692307693 0.12980769230769232
0 0.3581730769230769 0.2824519230769231 0.09615384615384616 0.17307692307692307
0 0.3449519230769231 0.39903846153846156 0.10336538461538461 0.16826923076923078
0 0.6766826923076923 0.3125 0.09375 0.16105769230769232
0 0.7247596153846154 0.36899038461538464 0.04326923076923077 0.10576923076923077
0 0.5913461538461539 0.2980769230769231 0.07692307692307693 0.09615384615384616
0 0.5288461538461539 0.2980769230769231 0.06971153846153846 0.1778846153846154
0 0.46153846153846156 0.30649038461538464 0.10336538461538461 0.16105769230769232
0 0.43990384615384615 0.1814903846153846 0.08653846153846154 0.125
0 0.3954326923076923 0.11899038461538461 0.06971153846153846 0.14423076923076922
0 0.4483173076923077 0.06850961538461539 0.06971153846153846 0.11298076923076923
0 0.5144230769230769 0.1310096153846154 0.0625 0.09615384615384616
0 0.5012019230769231 0.18990384615384615 0.04326923076923077 0.06009615384615385
0 0.5697115384615384 0.19591346153846154 0.07451923076923077 0.1201923076923077
0 0.6165865384615384 0.13701923076923078 0.07451923076923077 0.10576923076923077
0 0.5637019230769231 0.0829326923076923 0.11298076923076923 0.10576923076923077
0 0.6418269230769231 0.23197115384615385 0.06971153846153846 0.08173076923076923