0 0.7944711538461539 0.546875 0.23557692307692307 0.3269230769230769
0 0.7584134615384616 0.7836538461538461 0.22115384615384615 0.27884615384615385
0 0.5588942307692307 0.8786057692307693 0.18028846153846154 0.23798076923076922
0 0.5769230769230769 0.6826923076923077 0.19230769230769232 0.27403846153846156
0 0.35216346153846156 0.84375 0.22596153846153846 0.24519230769230768
0 0.17427884615384615 0.7512019230769231 0.28365384615384615 0.24519230769230768
0 0.3605769230769231 0.6141826923076923 0.2403846153846154 0.28846153846153844
0 0.17427884615384615 0.5060096153846154 0.28365384615384615 0.3125
0 0.25600961538461536 0.3389423076923077 0.0985576923076923 0.17307692307692307
0 0.18028846153846154 0.2956730769230769 0.0985576923076923 0.15384615384615385
0 0.296875 0.22716346153846154 0.1346153846153846 0.15865384615384615
0 0.3161057692307692 0.3389423076923077 0.036057692307692304 0.0985576923076923
0 0.34375 0.14182692307692307 0.14182692307692307 0.1875
0 0.47475961538461536 0.12259615384615384 0.12740384615384615 0.18028846153846154
0 0.5877403846153846 0.09254807692307693 0.0985576923076923 0.14182692307692307
0 0.6694711538461539 0.15264423076923078 0.10096153846153846 0.1875
0 0.765625 0.22956730769230768 0.1201923076923077 0.1971153846153846
0 0.8197115384615384 0.328125 0.08413461538461539 0.15384615384615385
0 0.7055288461538461 0.3737980769230769 0.11057692307692307 0.11538461538461539
0 0.65625 0.31971153846153844 0.1201923076923077 0.15865384615384615
0 0.5769230769230769 0.35216346153846156 0.07692307692307693 0.10336538461538461
0 0.5612980769230769 0.23197115384615385 0.14182692307692307 0.13701923076923078
0 0.4230769230769231 0.25721153846153844 0.1346153846153846 0.12980769230769232
0 0.3894230769230769 0.328125 0.12980769230769232 0.0985576923076923
0 0.49759615384615385 0.3137019230769231 0.08173076923076923 0.10336538461538461
0 0.5204326923076923 0.4206730769230769 0.08653846153846154 0.12980769230769232
0 0.6177884615384616 0.4723557692307692 0.14423076923076922 0.15865384615384615
0 0.5060096153846154 0.5108173076923077 0.08173076923076923 0.07211538461538461
0 0.4326923076923077 0.42908653846153844 0.09615384615384616 0.11538461538461539
0 0.3449519230769231 0.4230769230769231 0.08653846153846154 0.10336538461538461