0 0.7367788461538461 0.8413461538461539 0.40384615384615385 0.2620192307692308
0 0.8197115384615384 0.9074519230769231 0.35096153846153844 0.1778846153846154
0 0.5024038461538461 0.9146634615384616 0.28365384615384615 0.16346153846153846
0 0.18629807692307693 0.9014423076923077 0.37259615384615385 0.19230769230769232
0 0.020432692307692308 0.9747596153846154 0.040865384615384616 0.04326923076923077
0 0.11057692307692307 0.7896634615384616 0.22115384615384615 0.25240384615384615
0 0.24278846153846154 0.7572115384615384 0.09134615384615384 0.06971153846153846
0 0.14423076923076922 0.7668269230769231 0.09134615384615384 0.09615384615384616
0 0.1778846153846154 0.7043269230769231 0.09615384615384616 0.07451923076923077
0 0.26322115384615385 0.6935096153846154 0.11298076923076923 0.07451923076923077
0 0.33533653846153844 0.6466346153846154 0.125 0.09615384615384616
0 0.38461538461538464 0.6814903846153846 0.13942307692307693 0.11057692307692307
0 0.5024038461538461 0.6237980769230769 0.13942307692307693 0.07211538461538461
0 0.41466346153846156 0.6045673076923077 0.07692307692307693 0.057692307692307696
0 0.33533653846153844 0.5769230769230769 0.07211538461538461 0.05048076923076923
0 0.28125 0.5372596153846154 0.04807692307692308 0.04807692307692308
0 0.2548076923076923 0.5793269230769231 0.07692307692307693 0.0625
0 0.24519230769230768 0.6346153846153846 0.04807692307692308 0.04326923076923077
0 0.18870192307692307 0.5661057692307693 0.0673076923076923 0.04326923076923077
0 0.18028846153846154 0.6274038461538461 0.18509615384615385 0.0889423076923077
0 0.09495192307692307 0.5576923076923077 0.1201923076923077 0.08173076923076923
0 0.054086538461538464 0.5132211538461539 0.057692307692307696 0.03125
0 0.06009615384615385 0.6370192307692307 0.1201923076923077 0.25
0 0.22115384615384615 0.4266826923076923 0.2980769230769231 0.25
0 0.484375 0.4831730769230769 0.3798076923076923 0.2548076923076923
0 0.4326923076923077 0.6754807692307693 0.7307692307692307 0.4951923076923077
0 0.7680288461538461 0.6622596153846154 0.11298076923076923 0.0889423076923077
0 0.8329326923076923 0.6838942307692307 0.12980769230769232 0.08653846153846154
0 0.9230769230769231 0.7163461538461539 0.14423076923076922 0.21153846153846154
0 0.06490384615384616 0.26802884615384615 0.12980769230769232 0.2668269230769231
0 0.1346153846153846 0.3317307692307692 0.2692307692307692 0.16346153846153846
0 0.22235576923076922 0.3798076923076923 0.44471153846153844 0.1778846153846154
0 0.328125 0.3894230769230769 0.65625 0.25
0 0.7319711538461539 0.39783653846153844 0.21634615384615385 0.20673076923076922
0 0.8918269230769231 0.4326923076923077 0.10336538461538461 0.06971153846153846
0 0.9435096153846154 0.4651442307692308 0.052884615384615384 0.04326923076923077
0 0.9867788461538461 0.48677884615384615 0.014423076923076924 0.02403846153846154
0 0.9483173076923077 0.5060096153846154 0.040865384615384616 0.038461538461538464
0 0.9771634615384616 0.5216346153846154 0.02403846153846154 0.038461538461538464
0 0.9591346153846154 0.5576923076923077 0.07211538461538461 0.057692307692307696
0 0.9711538461538461 0.6057692307692307 0.04807692307692308 0.052884615384615384
0 0.9254807692307693 0.5901442307692307 0.07692307692307693 0.038461538461538464
0 0.8689903846153846 0.6045673076923077 0.057692307692307696 0.04326923076923077
0 0.8064903846153846 0.6117788461538461 0.07692307692307693 0.04326923076923077
0 0.7752403846153846 0.6598557692307693 0.09615384615384616 0.08653846153846154
0 0.8197115384615384 0.5673076923076923 0.0625 0.0625
0 0.8810096153846154 0.5504807692307693 0.08173076923076923 0.057692307692307696
0 0.8353365384615384 0.5216346153846154 0.0625 0.0625
0 0.8245192307692307 0.4675480769230769 0.052884615384615384 0.04807692307692308
0 0.8149038461538461 0.4423076923076923 0.052884615384615384 0.026442307692307692
0 0.8870192307692307 0.36899038461538464 0.07211538461538461 0.05048076923076923
0 0.8449519230769231 0.38221153846153844 0.019230769230769232 0.03125
0 0.9350961538461539 0.36538461538461536 0.04807692307692308 0.04326923076923077
0 0.9591346153846154 0.3942307692307692 0.07211538461538461 0.04807692307692308
0 0.9711538461538461 0.4362980769230769 0.04807692307692308 0.052884615384615384
0 0.6802884615384616 0.3161057692307692 0.040865384615384616 0.04807692307692308
0 0.48677884615384615 0.2800480769230769 0.33653846153846156 0.1971153846153846
0 0.22115384615384615 0.4074519230769231 0.28846153846153844 0.30528846153846156
0 0.18269230769230768 0.11778846153846154 0.36538461538461536 0.21153846153846154
0 0.12620192307692307 0.32572115384615385 0.0673076923076923 0.057692307692307696
0 0.27524038461538464 0.027644230769230768 0.5504807692307693 0.05048076923076923
0 0.5612980769230769 0.14783653846153846 0.8677884615384616 0.29086538461538464
0 0.6346153846153846 0.1658653846153846 0.21634615384615385 0.08653846153846154
0 0.6574519230769231 0.22235576923076922 0.057692307692307696 0.026442307692307692
0 0.6887019230769231 0.23918269230769232 0.0673076923076923 0.04807692307692308
0 0.7163461538461539 0.22235576923076922 0.07211538461538461 0.07211538461538461
0 0.7632211538461539 0.22235576923076922 0.07211538461538461 0.05048076923076923
0 0.7524038461538461 0.1778846153846154 0.0625 0.04807692307692308
0 0.7548076923076923 0.12740384615384615 0.036057692307692304 0.03125
0 0.8221153846153846 0.1778846153846154 0.0673076923076923 0.04807692307692308
0 0.8425480769230769 0.2283653846153846 0.09615384615384616 0.052884615384615384
0 0.8894230769230769 0.18389423076923078 0.0673076923076923 0.057692307692307696
0 0.9567307692307693 0.17548076923076922 0.07692307692307693 0.057692307692307696
0 0.96875 0.20793269230769232 0.052884615384615384 0.038461538461538464
0 0.9615384615384616 0.22596153846153846 0.0673076923076923 0.03365384615384615
0 0.9387019230769231 0.17548076923076922 0.11298076923076923 0.12740384615384615
0 0.8605769230769231 0.11538461538461539 0.15384615384615385 0.09134615384615384
0 0.4987980769230769 0.5012019230769231 0.9975961538461539 0.9975961538461539