0 0.6274038461538461 0.8353365384615384 0.49038461538461536 0.21394230769230768
0 0.5949519230769231 0.625 0.5 0.22115384615384615
0 0.7752403846153846 0.4362980769230769 0.20673076923076922 0.2283653846153846
0 0.7716346153846154 0.3641826923076923 0.22115384615384615 0.24278846153846154
0 0.7644230769230769 0.24158653846153846 0.2283653846153846 0.23076923076923078
0 0.7439903846153846 0.11778846153846154 0.2668269230769231 0.2283653846153846
0 0.5336538461538461 0.33774038461538464 0.3125 0.36778846153846156
0 0.453125 0.8978365384615384 0.14903846153846154 0.20192307692307693
0 0.28125 0.8930288461538461 0.27403846153846156 0.2091346153846154
0 0.17067307692307693 0.8701923076923077 0.33653846153846156 0.2548076923076923
0 0.15745192307692307 0.7956730769230769 0.31009615384615385 0.1875
0 0.13942307692307693 0.6911057692307693 0.27884615384615385 0.11057692307692307
0 0.13942307692307693 0.6021634615384616 0.27884615384615385 0.13942307692307693
0 0.43028846153846156 0.5853365384615384 0.2932692307692308 0.27163461538461536
0 0.2439903846153846 0.5324519230769231 0.21153846153846154 0.27884615384615385
0 0.11538461538461539 0.5216346153846154 0.22596153846153846 0.17307692307692307
0 0.1622596153846154 0.44350961538461536 0.31971153846153844 0.19471153846153846
0 0.4411057692307692 0.3629807692307692 0.2283653846153846 0.24519230769230768
0 0.20793269230769232 0.3389423076923077 0.3942307692307692 0.10096153846153846
0 0.3161057692307692 0.10336538461538461 0.0673076923076923 0.036057692307692304
0 0.39663461538461536 0.09134615384615384 0.038461538461538464 0.03365384615384615
0 0.16105769230769232 0.23918269230769232 0.19951923076923078 0.05048076923076923