0 0.109375 0.609375 0.20673076923076922 0.18509615384615385
0 0.06850961538461539 0.3605769230769231 0.125 0.21875
0 0.09254807692307693 0.09975961538461539 0.17307692307692307 0.19230769230769232
0 0.19110576923076922 0.05048076923076923 0.11057692307692307 0.09615384615384616
0 0.36658653846153844 0.08774038461538461 0.2403846153846154 0.16826923076923078
0 0.43149038461538464 0.036057692307692304 0.15384615384615385 0.06490384615384616
0 0.5276442307692307 0.11057692307692307 0.125 0.14182692307692307
0 0.45072115384615385 0.20192307692307693 0.20192307692307693 0.14182692307692307
0 0.0733173076923077 0.8978365384615384 0.13701923076923078 0.12980769230769232
0 0.36899038461538464 0.5168269230769231 0.07211538461538461 0.10096153846153846
0 0.39663461538461536 0.48677884615384615 0.09134615384615384 0.10096153846153846
0 0.42908653846153844 0.4855769230769231 0.07211538461538461 0.10576923076923077
0 0.453125 0.44350961538461536 0.052884615384615384 0.08173076923076923
0 0.4675480769230769 0.38341346153846156 0.13701923076923078 0.0625
0 0.47596153846153844 0.30408653846153844 0.1201923076923077 0.11298076923076923
3 0.5985576923076923 0.4543269230769231 0.21153846153846154 0.125
3 0.4338942307692308 0.3449519230769231 0.038461538461538464 0.021634615384615384