0 0.8209134615384616 0.75 0.21153846153846154 0.14423076923076922
0 0.7716346153846154 0.7055288461538461 0.4519230769230769 0.11778846153846154
0 0.7103365384615384 0.5612980769230769 0.4543269230769231 0.16346153846153846
0 0.2704326923076923 0.5661057692307693 0.33653846153846156 0.1971153846153846
0 0.14543269230769232 0.4182692307692308 0.27884615384615385 0.2764423076923077
0 0.5336538461538461 0.36899038461538464 0.4206730769230769 0.23557692307692307
0 0.8882211538461539 0.40865384615384615 0.21875 0.20192307692307693
0 0.65625 0.21634615384615385 0.4375 0.2932692307692308
0 0.2127403846153846 0.2127403846153846 0.41346153846153844 0.25
0 0.34975961538461536 0.09134615384615384 0.3581730769230769 0.18269230769230768
0 0.08533653846153846 0.06370192307692307 0.16105769230769232 0.12740384615384615
0 0.6983173076923077 0.07211538461538461 0.3293269230769231 0.14423076923076922
0 0.9074519230769231 0.17908653846153846 0.18028846153846154 0.20432692307692307