0 0.6911057692307693 0.8365384615384616 0.06971153846153846 0.11298076923076923
0 0.7295673076923077 0.8990384615384616 0.0673076923076923 0.10576923076923077
0 0.8449519230769231 0.9254807692307693 0.30288461538461536 0.13701923076923078
0 0.9567307692307693 0.8834134615384616 0.0673076923076923 0.125
0 0.8052884615384616 0.8834134615384616 0.05048076923076923 0.07692307692307693
0 0.7283653846153846 0.6430288461538461 0.14423076923076922 0.15384615384615385
0 0.9086538461538461 0.5769230769230769 0.1778846153846154 0.23798076923076922
0 0.9038461538461539 0.6694711538461539 0.1875 0.20673076923076922
0 0.8413461538461539 0.6694711538461539 0.057692307692307696 0.06490384615384616
0 0.7896634615384616 0.3125 0.22596153846153846 0.30288461538461536
0 0.6346153846153846 0.1935096153846154 0.14903846153846154 0.2932692307692308
0 0.7115384615384616 0.25600961538461536 0.05048076923076923 0.15384615384615385
0 0.5612980769230769 0.16346153846153846 0.13701923076923078 0.3269230769230769
0 0.5216346153846154 0.31009615384615385 0.07692307692307693 0.08173076923076923
0 0.5084134615384616 0.125 0.09615384615384616 0.25
0 0.39783653846153844 0.14903846153846154 0.13701923076923078 0.22596153846153846
0 0.40384615384615385 0.2980769230769231 0.15384615384615385 0.1778846153846154
0 0.5985576923076923 0.7055288461538461 0.12980769230769232 0.18509615384615385
0 0.546875 0.8449519230769231 0.19230769230769232 0.21394230769230768
0 0.625 0.8040865384615384 0.07692307692307693 0.09615384615384616
0 0.5865384615384616 0.9519230769230769 0.09375 0.08173076923076923
0 0.47115384615384615 0.9615384615384616 0.11057692307692307 0.06490384615384616
0 0.34615384615384615 0.8774038461538461 0.3798076923076923 0.23076923076923078
0 0.328125 0.7439903846153846 0.23557692307692307 0.2620192307692308
0 0.3016826923076923 0.6574519230769231 0.28846153846153844 0.18509615384615385
0 0.12139423076923077 0.6009615384615384 0.038461538461538464 0.07211538461538461
0 0.09975961538461539 0.6550480769230769 0.03365384615384615 0.06009615384615385
0 0.13942307692307693 0.6670673076923077 0.03365384615384615 0.06009615384615385
0 0.11057692307692307 0.7355769230769231 0.026442307692307692 0.07692307692307693
0 0.078125 0.7259615384615384 0.028846153846153848 0.07211538461538461
0 0.051682692307692304 0.6814903846153846 0.038461538461538464 0.07692307692307693
0 0.07451923076923077 0.6550480769230769 0.02403846153846154 0.06009615384615385
0 0.018028846153846152 0.7295673076923077 0.028846153846153848 0.0889423076923077
0 0.04807692307692308 0.7740384615384616 0.028846153846153848 0.07211538461538461
0 0.08774038461538461 0.7980769230769231 0.04326923076923077 0.08173076923076923
0 0.04807692307692308 0.8569711538461539 0.09615384615384616 0.12980769230769232
0 0.025240384615384616 0.9230769230769231 0.05048076923076923 0.1201923076923077
0 0.026442307692307692 0.6129807692307693 0.052884615384615384 0.14423076923076922
0 0.07451923076923077 0.5985576923076923 0.028846153846153848 0.07692307692307693
0 0.23677884615384615 0.10697115384615384 0.08653846153846154 0.21394230769230768
0 0.20552884615384615 0.21995192307692307 0.13701923076923078 0.32211538461538464
0 0.3088942307692308 0.17307692307692307 0.0625 0.2980769230769231
2 0.7463942307692307 0.5805288461538461 0.1875 0.2932692307692308
2 0.17307692307692307 0.35096153846153844 0.1201923076923077 0.5600961538461539
2 0.0985576923076923 0.3125 0.09134615384615384 0.4951923076923077