0 0.12259615384615384 0.6117788461538461 0.11298076923076923 0.18028846153846154
0 0.10576923076923077 0.859375 0.12259615384615384 0.1971153846153846
0 0.9050480769230769 0.8665865384615384 0.10096153846153846 0.17067307692307693
0 0.46634615384615385 0.15745192307692307 0.09134615384615384 0.14423076923076922
0 0.6766826923076923 0.12980769230769232 0.08653846153846154 0.1346153846153846
0 0.7307692307692307 0.18870192307692307 0.07451923076923077 0.09134615384615384
0 0.7367788461538461 0.2920673076923077 0.08653846153846154 0.12740384615384615
0 0.9423076923076923 0.26322115384615385 0.07692307692307693 0.12259615384615384
0 0.7067307692307693 0.4543269230769231 0.07211538461538461 0.11057692307692307
0 0.6346153846153846 0.4675480769230769 0.10576923076923077 0.12740384615384615
0 0.5576923076923077 0.48677884615384615 0.10817307692307693 0.14423076923076922
0 0.4807692307692308 0.5396634615384616 0.1201923076923077 0.16346153846153846
0 0.39783653846153844 0.5985576923076923 0.11538461538461539 0.16346153846153846
0 0.3317307692307692 0.6862980769230769 0.10576923076923077 0.14903846153846154
0 0.29086538461538464 0.7824519230769231 0.08173076923076923 0.11538461538461539
0 0.5372596153846154 0.6778846153846154 0.6778846153846154 0.5697115384615384
0 0.4423076923076923 0.47596153846153844 0.5865384615384616 0.75