0 0.09615384615384616 0.09134615384615384 0.18028846153846154 0.17307692307692307
0 0.20793269230769232 0.1141826923076923 0.12980769230769232 0.12740384615384615
0 0.11778846153846154 0.22235576923076922 0.125 0.125
0 0.06009615384615385 0.28365384615384615 0.052884615384615384 0.06490384615384616
0 0.16947115384615385 0.30408653846153844 0.07692307692307693 0.038461538461538464
0 0.11778846153846154 0.2980769230769231 0.04807692307692308 0.04326923076923077
0 0.25961538461538464 0.4891826923076923 0.06009615384615385 0.16346153846153846
0 0.21033653846153846 0.4362980769230769 0.08173076923076923 0.17307692307692307
0 0.14783653846153846 0.5060096153846154 0.08653846153846154 0.12980769230769232
0 0.07932692307692307 0.5841346153846154 0.09134615384615384 0.24278846153846154
0 0.030048076923076924 0.36899038461538464 0.04807692307692308 0.3894230769230769
0 0.21634615384615385 0.6177884615384616 0.16826923076923078 0.09615384615384616
0 0.21033653846153846 0.7019230769230769 0.16826923076923078 0.125
0 0.27283653846153844 0.5204326923076923 0.052884615384615384 0.08653846153846154
0 0.24879807692307693 0.47475961538461536 0.06009615384615385 0.10576923076923077
0 0.34134615384615385 0.25240384615384615 0.22355769230769232 0.0625
0 0.3798076923076923 0.18509615384615385 0.13701923076923078 0.22596153846153846
0 0.45913461538461536 0.09495192307692307 0.14182692307692307 0.18269230769230768
0 0.6286057692307693 0.17427884615384615 0.14182692307692307 0.15865384615384615
0 0.5709134615384616 0.13822115384615385 0.10336538461538461 0.10096153846153846
0 0.609375 0.08413461538461539 0.10336538461538461 0.05048076923076923
0 0.5793269230769231 0.038461538461538464 0.052884615384615384 0.052884615384615384
0 0.5961538461538461 0.22355769230769232 0.052884615384615384 0.038461538461538464
0 0.5408653846153846 0.19831730769230768 0.04326923076923077 0.04807692307692308
0 0.4807692307692308 0.19471153846153846 0.052884615384615384 0.052884615384615384
0 0.5060096153846154 0.23677884615384615 0.07211538461538461 0.036057692307692304
0 0.5685096153846154 0.28365384615384615 0.04326923076923077 0.04326923076923077
0 0.5709134615384616 0.24158653846153846 0.04807692307692308 0.052884615384615384
0 0.6117788461538461 0.25600961538461536 0.052884615384615384 0.038461538461538464
0 0.6262019230769231 0.2980769230769231 0.06009615384615385 0.05048076923076923
0 0.5817307692307693 0.3161057692307692 0.038461538461538464 0.014423076923076924
0 0.5769230769230769 0.34134615384615385 0.028846153846153848 0.036057692307692304
0 0.5108173076923077 0.28725961538461536 0.06009615384615385 0.04326923076923077
0 0.5300480769230769 0.33413461538461536 0.07692307692307693 0.057692307692307696
0 0.47596153846153844 0.3485576923076923 0.0673076923076923 0.05048076923076923
0 0.45072115384615385 0.2980769230769231 0.06009615384615385 0.04326923076923077
0 0.0985576923076923 0.78125 0.12980769230769232 0.10096153846153846
0 0.057692307692307696 0.7379807692307693 0.04807692307692308 0.036057692307692304
0 0.04326923076923077 0.7776442307692307 0.052884615384615384 0.04326923076923077
0 0.18870192307692307 0.8088942307692307 0.038461538461538464 0.052884615384615384
0 0.16105769230769232 0.8786057692307693 0.13701923076923078 0.0985576923076923
0 0.07692307692307693 0.9002403846153846 0.14423076923076922 0.19471153846153846
0 0.18629807692307693 0.9579326923076923 0.07692307692307693 0.055288461538461536
0 0.2824519230769231 0.9326923076923077 0.22355769230769232 0.12980769230769232
0 0.4543269230769231 0.8798076923076923 0.3269230769230769 0.23557692307692307
0 0.5576923076923077 0.765625 0.07692307692307693 0.07692307692307693
0 0.4723557692307692 0.7067307692307693 0.11538461538461539 0.07692307692307693
0 0.2704326923076923 0.7199519230769231 0.22355769230769232 0.15865384615384615
0 0.39663461538461536 0.5060096153846154 0.20192307692307693 0.24759615384615385
0 0.35216346153846156 0.3293269230769231 0.18028846153846154 0.09134615384615384
0 0.38822115384615385 0.3713942307692308 0.04326923076923077 0.036057692307692304
0 0.2536057692307692 0.12379807692307693 0.15865384615384615 0.22596153846153846
0 0.45913461538461536 0.5360576923076923 0.08653846153846154 0.0985576923076923
0 0.5913461538461539 0.9663461538461539 0.0625 0.0625
0 0.5709134615384616 0.6598557692307693 0.10336538461538461 0.1201923076923077
0 0.5961538461538461 0.546875 0.1201923076923077 0.11298076923076923
0 0.5540865384615384 0.4891826923076923 0.08173076923076923 0.04807692307692308
0 0.5276442307692307 0.43149038461538464 0.13701923076923078 0.0673076923076923
0 0.49399038461538464 0.4723557692307692 0.07211538461538461 0.09615384615384616
0 0.6117788461538461 0.3858173076923077 0.08653846153846154 0.04326923076923077
0 0.6634615384615384 0.4050480769230769 0.08173076923076923 0.0625
0 0.7163461538461539 0.40865384615384615 0.07692307692307693 0.0625
0 0.6742788461538461 0.2980769230769231 0.08173076923076923 0.07211538461538461
0 0.6610576923076923 0.2548076923076923 0.07692307692307693 0.036057692307692304
0 0.7379807692307693 0.25961538461538464 0.08653846153846154 0.038461538461538464
0 0.7427884615384616 0.19951923076923078 0.08653846153846154 0.06490384615384616
0 0.7512019230769231 0.14543269230769232 0.09134615384615384 0.05048076923076923
0 0.7956730769230769 0.11778846153846154 0.06009615384615385 0.052884615384615384
0 0.7980769230769231 0.06129807692307692 0.0673076923076923 0.057692307692307696
0 0.7079326923076923 0.07451923076923077 0.22355769230769232 0.14182692307692307
0 0.7439903846153846 0.9326923076923077 0.2620192307692308 0.12980769230769232
0 0.7043269230769231 0.9254807692307693 0.08653846153846154 0.052884615384615384
0 0.7103365384615384 0.8798076923076923 0.07692307692307693 0.05048076923076923
0 0.7872596153846154 0.8401442307692307 0.14182692307692307 0.10336538461538461
0 0.7463942307692307 0.6983173076923077 0.20192307692307693 0.20432692307692307
0 0.6442307692307693 0.7836538461538461 0.1201923076923077 0.09134615384615384
0 0.6826923076923077 0.84375 0.0673076923076923 0.036057692307692304
0 0.6310096153846154 0.8365384615384616 0.038461538461538464 0.036057692307692304
0 0.6286057692307693 0.7127403846153846 0.08653846153846154 0.06490384615384616
0 0.6778846153846154 0.6622596153846154 0.03365384615384615 0.028846153846153848
0 0.6418269230769231 0.6706730769230769 0.06009615384615385 0.02403846153846154
0 0.6586538461538461 0.625 0.10336538461538461 0.04326923076923077
0 0.6935096153846154 0.6057692307692307 0.052884615384615384 0.03365384615384615
0 0.6526442307692307 0.5817307692307693 0.06009615384615385 0.04326923076923077
0 0.6802884615384616 0.5252403846153846 0.07211538461538461 0.0673076923076923
0 0.6586538461538461 0.46875 0.16826923076923078 0.07211538461538461
0 0.65625 0.3449519230769231 0.14182692307692307 0.05048076923076923
0 0.7512019230769231 0.3076923076923077 0.08173076923076923 0.04807692307692308
0 0.8882211538461539 0.6706730769230769 0.08173076923076923 0.06971153846153846
0 0.8930288461538461 0.6165865384615384 0.07211538461538461 0.04807692307692308
0 0.8197115384615384 0.5985576923076923 0.0985576923076923 0.0673076923076923
0 0.8557692307692307 0.5540865384615384 0.09134615384615384 0.052884615384615384
0 0.8930288461538461 0.7307692307692307 0.06009615384615385 0.05048076923076923
0 0.8798076923076923 0.7932692307692307 0.0673076923076923 0.057692307692307696
0 0.9122596153846154 0.6658653846153846 0.11057692307692307 0.28365384615384615
0 0.9723557692307693 0.6742788461538461 0.052884615384615384 0.08413461538461539
0 0.9483173076923077 0.8329326923076923 0.06009615384615385 0.07211538461538461
0 0.9242788461538461 0.8918269230769231 0.1466346153846154 0.11538461538461539
0 0.9423076923076923 0.9723557692307693 0.09134615384615384 0.052884615384615384
0 0.9939903846153846 0.8401442307692307 0.009615384615384616 0.04326923076923077
0 0.984375 0.7704326923076923 0.026442307692307692 0.07451923076923077
0 0.9879807692307693 0.6213942307692307 0.019230769230769232 0.026442307692307692
0 0.9735576923076923 0.5925480769230769 0.04807692307692308 0.05048076923076923
0 0.9639423076923077 0.53125 0.04807692307692308 0.057692307692307696
0 0.7235576923076923 0.5324519230769231 0.08173076923076923 0.08413461538461539
0 0.7403846153846154 0.5709134615384616 0.06009615384615385 0.05048076923076923
0 0.6911057692307693 0.5288461538461539 0.06009615384615385 0.052884615384615384
0 0.8004807692307693 0.5108173076923077 0.10336538461538461 0.052884615384615384
0 0.8088942307692307 0.4543269230769231 0.08653846153846154 0.06490384615384616
0 0.7536057692307693 0.46033653846153844 0.0673076923076923 0.052884615384615384
0 0.8173076923076923 0.4050480769230769 0.07211538461538461 0.038461538461538464
0 0.8858173076923077 0.5024038461538461 0.052884615384615384 0.05048076923076923
0 0.9266826923076923 0.4963942307692308 0.038461538461538464 0.04807692307692308
0 0.96875 0.4723557692307692 0.057692307692307696 0.04567307692307692
0 0.9771634615384616 0.42427884615384615 0.040865384615384616 0.06971153846153846
0 0.9819711538461539 0.359375 0.03125 0.055288461538461536
0 0.9903846153846154 0.31850961538461536 0.014423076923076924 0.026442307692307692
0 0.984375 0.27283653846153844 0.026442307692307692 0.055288461538461536
0 0.984375 0.22596153846153846 0.026442307692307692 0.03365384615384615
0 0.9819711538461539 0.19591346153846154 0.03125 0.016826923076923076
0 0.9795673076923077 0.14783653846153846 0.036057692307692304 0.07932692307692307
0 0.9290865384615384 0.03245192307692308 0.0673076923076923 0.04326923076923077
0 0.9459134615384616 0.08173076923076923 0.07692307692307693 0.04807692307692308
0 0.8930288461538461 0.09975961538461539 0.08173076923076923 0.052884615384615384
0 0.8689903846153846 0.03125 0.07692307692307693 0.052884615384615384
0 0.8473557692307693 0.09495192307692307 0.04326923076923077 0.057692307692307696
0 0.8557692307692307 0.05048076923076923 0.06009615384615385 0.04326923076923077
0 0.8365384615384616 0.13581730769230768 0.0673076923076923 0.0625
0 0.8930288461538461 0.14543269230769232 0.04807692307692308 0.028846153846153848
0 0.9423076923076923 0.14423076923076922 0.07211538461538461 0.0625
0 0.8930288461538461 0.20673076923076922 0.08173076923076923 0.06490384615384616
0 0.8473557692307693 0.18389423076923078 0.0985576923076923 0.038461538461538464
0 0.8064903846153846 0.22716346153846154 0.06009615384615385 0.038461538461538464
0 0.8521634615384616 0.23317307692307693 0.04326923076923077 0.04326923076923077
0 0.9074519230769231 0.265625 0.0673076923076923 0.05048076923076923
0 0.9399038461538461 0.22716346153846154 0.052884615384615384 0.038461538461538464
0 0.8137019230769231 0.2704326923076923 0.07692307692307693 0.038461538461538464
0 0.8557692307692307 0.28725961538461536 0.08173076923076923 0.04326923076923077
0 0.9158653846153846 0.3088942307692308 0.06009615384615385 0.05048076923076923
0 0.9567307692307693 0.2668269230769231 0.04326923076923077 0.038461538461538464
0 0.9266826923076923 0.36899038461538464 0.09134615384615384 0.07692307692307693
0 0.9122596153846154 0.4423076923076923 0.07692307692307693 0.0625
0 0.8774038461538461 0.4230769230769231 0.04807692307692308 0.052884615384615384
0 0.8629807692307693 0.3581730769230769 0.0673076923076923 0.052884615384615384
0 0.8112980769230769 0.33653846153846156 0.04807692307692308 0.04807692307692308
0 0.7596153846153846 0.3798076923076923 0.11057692307692307 0.08413461538461539
0 0.5 0.5012019230769231 0.9951923076923077 0.9975961538461539