0 0.31009615384615385 0.7728365384615384 0.34134615384615385 0.4495192307692308
0 0.7247596153846154 0.8341346153846154 0.31490384615384615 0.3269230769230769
0 0.6862980769230769 0.5144230769230769 0.4014423076923077 0.5769230769230769
0 0.4855769230769231 0.15264423076923078 0.2548076923076923 0.2932692307692308
0 0.6358173076923077 0.14423076923076922 0.20192307692307693 0.2764423076923077
0 0.3473557692307692 0.39783653846153844 0.2644230769230769 0.41346153846153844
0 0.30649038461538464 0.171875 0.2692307692307692 0.3317307692307692
0 0.09495192307692307 0.7235576923076923 0.18990384615384615 0.3605769230769231
0 0.16346153846153846 0.9194711538461539 0.20673076923076922 0.15625
0 0.44350961538461536 0.9735576923076923 0.09375 0.04807692307692308
0 0.8497596153846154 0.08533653846153846 0.11057692307692307 0.1346153846153846