0 0.29086538461538464 0.38221153846153844 0.5673076923076923 0.4375
0 0.07211538461538461 0.5925480769230769 0.12980769230769232 0.0625
0 0.03365384615384615 0.6201923076923077 0.055288461538461536 0.08413461538461539
0 0.0889423076923077 0.671875 0.11057692307692307 0.08653846153846154
0 0.057692307692307696 0.7295673076923077 0.10096153846153846 0.13221153846153846
0 0.21875 0.1814903846153846 0.4230769230769231 0.19471153846153846
0 0.07211538461538461 0.04927884615384615 0.12980769230769232 0.0985576923076923
0 0.3701923076923077 0.7932692307692307 0.6009615384615384 0.40865384615384615
0 0.5925480769230769 0.7271634615384616 0.6634615384615384 0.46634615384615385
0 0.9098557692307693 0.5793269230769231 0.17548076923076922 0.40384615384615385
0 0.6370192307692307 0.1310096153846154 0.3701923076923077 0.2620192307692308
0 0.5408653846153846 0.28365384615384615 0.24519230769230768 0.14423076923076922
3 0.7391826923076923 0.4254807692307692 0.46634615384615385 0.35096153846153844