0 0.7944711538461539 0.43509615384615385 0.3557692307692308 0.28365384615384615
0 0.6502403846153846 0.2512019230769231 0.33653846153846156 0.2932692307692308
0 0.36899038461538464 0.14543269230769232 0.3269230769230769 0.28365384615384615
0 0.6129807692307693 0.026442307692307692 0.25 0.04567307692307692
0 0.16466346153846154 0.08533653846153846 0.22596153846153846 0.16346153846153846
0 0.21033653846153846 0.29086538461538464 0.21153846153846154 0.25
0 0.3545673076923077 0.4651442307692308 0.3269230769230769 0.29086538461538464
0 0.4567307692307692 0.32572115384615385 0.13942307692307693 0.15384615384615385
0 0.5985576923076923 0.5204326923076923 0.22115384615384615 0.2692307692307692
0 0.7560096153846154 0.7163461538461539 0.28846153846153844 0.23798076923076922
0 0.46875 0.7740384615384616 0.3173076923076923 0.2860576923076923
0 0.39903846153846156 0.6682692307692307 0.22596153846153846 0.125
0 0.19831730769230768 0.6947115384615384 0.24519230769230768 0.35096153846153844
0 0.14783653846153846 0.45072115384615385 0.125 0.13701923076923078
0 0.3786057692307692 0.8942307692307693 0.38221153846153844 0.20673076923076922
0 0.640625 0.8461538461538461 0.18269230769230768 0.11778846153846154