0 0.5288461538461539 0.8762019230769231 0.16826923076923078 0.23557692307692307
0 0.4014423076923077 0.8894230769230769 0.125 0.20673076923076922
0 0.3737980769230769 0.8028846153846154 0.14903846153846154 0.3798076923076923
0 0.19230769230769232 0.9134615384615384 0.125 0.15865384615384615
0 0.05889423076923077 0.1346153846153846 0.11778846153846154 0.22596153846153846
0 0.04807692307692308 0.0625 0.09615384615384616 0.125
0 0.046875 0.24639423076923078 0.09375 0.1466346153846154
0 0.22115384615384615 0.2860576923076923 0.18990384615384615 0.10336538461538461
0 0.21033653846153846 0.125 0.15144230769230768 0.25
0 0.33653846153846156 0.09975961538461539 0.09615384615384616 0.19951923076923078
0 0.4266826923076923 0.09375 0.10336538461538461 0.1875
0 0.5360576923076923 0.7211538461538461 0.03125 0.0625
0 0.5360576923076923 0.5348557692307693 0.019230769230769232 0.0625
0 0.6057692307692307 0.42788461538461536 0.028846153846153848 0.0673076923076923
0 0.5120192307692307 0.42427884615384615 0.028846153846153848 0.09134615384615384
0 0.4987980769230769 0.27884615384615385 0.026442307692307692 0.04807692307692308
0 0.4699519230769231 0.27884615384615385 0.03125 0.07692307692307693
0 0.44711538461538464 0.328125 0.03125 0.07692307692307693
0 0.4639423076923077 0.38221153846153844 0.026442307692307692 0.0625
0 0.4567307692307692 0.46153846153846156 0.02403846153846154 0.0673076923076923
0 0.453125 0.5961538461538461 0.026442307692307692 0.0625
0 0.4411057692307692 0.6382211538461539 0.019230769230769232 0.0625
0 0.4266826923076923 0.5348557692307693 0.026442307692307692 0.04807692307692308
0 0.4326923076923077 0.4831730769230769 0.026442307692307692 0.0673076923076923
0 0.4362980769230769 0.41346153846153844 0.03365384615384615 0.0673076923076923
0 0.41947115384615385 0.3449519230769231 0.02403846153846154 0.0673076923076923
0 0.43149038461538464 0.27283653846153844 0.02403846153846154 0.04807692307692308
0 0.40384615384615385 0.2860576923076923 0.026442307692307692 0.09134615384615384
0 0.25 0.46153846153846156 0.028846153846153848 0.09615384615384616
0 0.2764423076923077 0.5204326923076923 0.02403846153846154 0.0625
0 0.3004807692307692 0.5408653846153846 0.019230769230769232 0.04807692307692308
0 0.30649038461538464 0.5865384615384616 0.019230769230769232 0.040865384615384616
0 0.3293269230769231 0.5516826923076923 0.03125 0.055288461538461536
0 0.3317307692307692 0.6105769230769231 0.026442307692307692 0.0625
0 0.3581730769230769 0.5961538461538461 0.019230769230769232 0.04807692307692308
0 0.37259615384615385 0.5685096153846154 0.026442307692307692 0.04807692307692308
0 0.40625 0.5829326923076923 0.04326923076923077 0.10336538461538461
0 0.3545673076923077 0.5276442307692307 0.03125 0.07692307692307693
0 0.3737980769230769 0.5132211538461539 0.028846153846153848 0.04807692307692308
0 0.3798076923076923 0.46153846153846156 0.028846153846153848 0.0673076923076923
0 0.4074519230769231 0.46875 0.02403846153846154 0.08173076923076923
0 0.3870192307692308 0.39663461538461536 0.026442307692307692 0.04807692307692308
0 0.3918269230769231 0.3581730769230769 0.019230769230769232 0.040865384615384616
0 0.3737980769230769 0.3557692307692308 0.02403846153846154 0.0625
0 0.375 0.2824519230769231 0.019230769230769232 0.0673076923076923
0 0.38100961538461536 0.20673076923076922 0.019230769230769232 0.0673076923076923
0 0.3894230769230769 0.15865384615384615 0.019230769230769232 0.055288461538461536
0 0.3545673076923077 0.22355769230769232 0.026442307692307692 0.04807692307692308
0 0.33052884615384615 0.19951923076923078 0.02403846153846154 0.055288461538461536
0 0.30288461538461536 0.16947115384615385 0.026442307692307692 0.0625
0 0.3317307692307692 0.2512019230769231 0.026442307692307692 0.0625
0 0.35336538461538464 0.265625 0.016826923076923076 0.03365384615384615
0 0.3545673076923077 0.3173076923076923 0.026442307692307692 0.0673076923076923
0 0.3329326923076923 0.3173076923076923 0.02403846153846154 0.055288461538461536
0 0.3389423076923077 0.4206730769230769 0.028846153846153848 0.08173076923076923
0 0.359375 0.3894230769230769 0.028846153846153848 0.09134615384615384
0 0.35096153846153844 0.4651442307692308 0.028846153846153848 0.0625
0 0.3233173076923077 0.4483173076923077 0.03125 0.0673076923076923
0 0.32091346153846156 0.36177884615384615 0.03125 0.07692307692307693
0 0.29447115384615385 0.3894230769230769 0.026442307692307692 0.07692307692307693
0 0.2824519230769231 0.33052884615384615 0.026442307692307692 0.055288461538461536
0 0.29927884615384615 0.4483173076923077 0.02403846153846154 0.040865384615384616
0 0.28725961538461536 0.4795673076923077 0.016826923076923076 0.04807692307692308
0 0.3137019230769231 0.4831730769230769 0.03365384615384615 0.055288461538461536
0 0.04447115384615385 0.7620192307692307 0.0889423076923077 0.2548076923076923
0 0.15144230769230768 0.7896634615384616 0.21153846153846154 0.21394230769230768
0 0.0889423076923077 0.8485576923076923 0.052884615384615384 0.1658653846153846
0 0.17548076923076922 0.7415865384615384 0.21875 0.15865384615384615
0 0.13341346153846154 0.7728365384615384 0.18269230769230768 0.08173076923076923
0 0.1814903846153846 0.7548076923076923 0.18269230769230768 0.0625
0 0.13221153846153846 0.7067307692307693 0.11538461538461539 0.0625
0 0.23076923076923078 0.671875 0.10576923076923077 0.0625
0 0.056490384615384616 0.6201923076923077 0.10576923076923077 0.11057692307692307
0 0.08774038461538461 0.6754807692307693 0.1466346153846154 0.09615384615384616
0 0.0673076923076923 0.5721153846153846 0.10576923076923077 0.1778846153846154
0 0.07211538461538461 0.4795673076923077 0.14423076923076922 0.15865384615384615
0 0.0733173076923077 0.4723557692307692 0.1466346153846154 0.2980769230769231
0 0.13221153846153846 0.5588942307692307 0.14903846153846154 0.0673076923076923
0 0.19110576923076922 0.46153846153846156 0.0889423076923077 0.09615384615384616
0 0.2127403846153846 0.4519230769230769 0.09615384615384616 0.17307692307692307
0 0.1814903846153846 0.46875 0.0625 0.13942307692307693
0 0.24879807692307693 0.5661057692307693 0.09615384615384616 0.055288461538461536
0 0.25240384615384615 0.6141826923076923 0.08173076923076923 0.040865384615384616