0 0.8677884615384616 0.32091346153846156 0.038461538461538464 0.06009615384615385
0 0.9651442307692307 0.8774038461538461 0.038461538461538464 0.06490384615384616
0 0.8052884615384616 0.9603365384615384 0.052884615384615384 0.07451923076923077
0 0.7512019230769231 0.9579326923076923 0.057692307692307696 0.08173076923076923
0 0.8245192307692307 0.9399038461538461 0.02403846153846154 0.07211538461538461
0 0.96875 0.6334134615384616 0.057692307692307696 0.10096153846153846
0 0.3269230769230769 0.7175480769230769 0.16826923076923078 0.5288461538461539
0 0.4519230769230769 0.7680288461538461 0.09134615384615384 0.31009615384615385
0 0.4254807692307692 0.5745192307692307 0.05048076923076923 0.0889423076923077
0 0.41947115384615385 0.43990384615384615 0.026442307692307692 0.15384615384615385
0 0.47836538461538464 0.3269230769230769 0.04326923076923077 0.04807692307692308
0 0.5072115384615384 0.22355769230769232 0.04807692307692308 0.07692307692307693
0 0.5384615384615384 0.15745192307692307 0.04326923076923077 0.07692307692307693
0 0.5600961538461539 0.8774038461538461 0.11298076923076923 0.22115384615384615
0 0.5733173076923077 0.6875 0.08653846153846154 0.23076923076923078
0 0.6105769230769231 0.5685096153846154 0.10096153846153846 0.16105769230769232
3 0.4266826923076923 0.5384615384615384 0.08653846153846154 0.06490384615384616