0 0.8689903846153846 0.7584134615384616 0.11538461538461539 0.06971153846153846
0 0.7872596153846154 0.8185096153846154 0.12980769230769232 0.07692307692307693
0 0.7704326923076923 0.7355769230769231 0.1201923076923077 0.08173076923076923
0 0.6959134615384616 0.8004807692307693 0.1201923076923077 0.08413461538461539
0 0.6334134615384616 0.734375 0.15384615384615385 0.08413461538461539
0 0.5709134615384616 0.7800480769230769 0.09615384615384616 0.0625
0 0.5024038461538461 0.8064903846153846 0.09615384615384616 0.07211538461538461
0 0.5540865384615384 0.8569711538461539 0.09615384615384616 0.057692307692307696
0 0.5252403846153846 0.9002403846153846 0.10817307692307693 0.07211538461538461
0 0.44591346153846156 0.8545673076923077 0.08653846153846154 0.052884615384615384
0 0.46634615384615385 0.9435096153846154 0.0673076923076923 0.07692307692307693
0 0.3954326923076923 0.8798076923076923 0.0625 0.052884615384615384
0 0.34134615384615385 0.8966346153846154 0.10096153846153846 0.06009615384615385
0 0.3918269230769231 0.9471153846153846 0.0673076923076923 0.07692307692307693
0 0.31009615384615385 0.9459134615384616 0.08653846153846154 0.052884615384615384
0 0.2439903846153846 0.9242788461538461 0.09134615384615384 0.057692307692307696
0 0.22115384615384615 0.8762019230769231 0.09134615384615384 0.052884615384615384
0 0.9290865384615384 0.6310096153846154 0.09615384615384616 0.0673076923076923
0 0.9579326923076923 0.5576923076923077 0.07211538461538461 0.07211538461538461
0 0.8641826923076923 0.5661057692307693 0.1346153846153846 0.09134615384615384
0 0.7836538461538461 0.6298076923076923 0.15865384615384615 0.08413461538461539
0 0.7980769230769231 0.5528846153846154 0.07211538461538461 0.0625
0 0.6899038461538461 0.5757211538461539 0.1201923076923077 0.08173076923076923
0 0.6310096153846154 0.6418269230769231 0.11538461538461539 0.0673076923076923
0 0.6225961538461539 0.6814903846153846 0.0625 0.028846153846153848
0 0.5564903846153846 0.6887019230769231 0.0673076923076923 0.04807692307692308
0 0.5685096153846154 0.6334134615384616 0.057692307692307696 0.057692307692307696
0 0.5853365384615384 0.5697115384615384 0.11538461538461539 0.06971153846153846
0 0.7475961538461539 0.49158653846153844 0.1201923076923077 0.08653846153846154
0 0.8100961538461539 0.4651442307692308 0.028846153846153848 0.03365384615384615
0 0.7524038461538461 0.41225961538461536 0.12980769230769232 0.07692307692307693
0 0.6478365384615384 0.4423076923076923 0.1346153846153846 0.08653846153846154
0 0.5913461538461539 0.4951923076923077 0.0673076923076923 0.057692307692307696
0 0.6586538461538461 0.5180288461538461 0.10096153846153846 0.0625
0 0.5228365384615384 0.53125 0.125 0.07692307692307693
0 0.5228365384615384 0.5853365384615384 0.0673076923076923 0.038461538461538464
0 0.49158653846153844 0.6334134615384616 0.10817307692307693 0.08413461538461539
0 0.49399038461538464 0.6814903846153846 0.09134615384615384 0.04807692307692308
0 0.39783653846153844 0.7067307692307693 0.11538461538461539 0.06971153846153846
0 0.4375 0.7884615384615384 0.10096153846153846 0.0673076923076923
0 0.36899038461538464 0.8149038461538461 0.07932692307692307 0.07692307692307693
0 0.3293269230769231 0.8509615384615384 0.0673076923076923 0.04567307692307692
0 0.2608173076923077 0.8461538461538461 0.09134615384615384 0.0625
0 0.30408653846153844 0.7920673076923077 0.09615384615384616 0.0673076923076923
0 0.36899038461538464 0.7512019230769231 0.10096153846153846 0.057692307692307696
0 0.6502403846153846 0.37740384615384615 0.09615384615384616 0.04807692307692308
0 0.59375 0.40384615384615385 0.052884615384615384 0.052884615384615384
0 0.5204326923076923 0.4375 0.10817307692307693 0.08413461538461539
0 0.46875 0.484375 0.1201923076923077 0.0673076923076923
0 0.37259615384615385 0.53125 0.10817307692307693 0.07692307692307693
0 0.43990384615384615 0.5576923076923077 0.09615384615384616 0.0673076923076923
0 0.40865384615384615 0.6382211538461539 0.10096153846153846 0.0673076923076923
0 0.3894230769230769 0.6009615384615384 0.08653846153846154 0.04326923076923077
0 0.34375 0.5805288461538461 0.08653846153846154 0.057692307692307696
0 0.25841346153846156 0.6165865384615384 0.15384615384615385 0.08173076923076923
0 0.3269230769230769 0.6454326923076923 0.0625 0.04567307692307692
0 0.2920673076923077 0.6959134615384616 0.09615384615384616 0.06971153846153846
0 0.24759615384615385 0.6802884615384616 0.07211538461538461 0.052884615384615384
0 0.22956730769230768 0.7415865384615384 0.10817307692307693 0.07692307692307693
0 0.28966346153846156 0.7451923076923077 0.057692307692307696 0.028846153846153848
0 0.20432692307692307 0.7956730769230769 0.09134615384615384 0.04567307692307692
0 0.14783653846153846 0.8112980769230769 0.0673076923076923 0.057692307692307696
0 0.18509615384615385 0.8425480769230769 0.052884615384615384 0.040865384615384616
0 0.14182692307692307 0.8473557692307693 0.03365384615384615 0.03125
0 0.10216346153846154 0.78125 0.02403846153846154 0.038461538461538464
0 0.13341346153846154 0.7451923076923077 0.09615384615384616 0.06971153846153846
0 0.14182692307692307 0.703125 0.07932692307692307 0.028846153846153848
0 0.18990384615384615 0.6778846153846154 0.08653846153846154 0.06971153846153846
0 0.12740384615384615 0.6610576923076923 0.09615384615384616 0.06971153846153846
0 0.1814903846153846 0.578125 0.07932692307692307 0.057692307692307696
0 0.1045673076923077 0.5841346153846154 0.08653846153846154 0.06971153846153846
0 0.04807692307692308 0.6117788461538461 0.09615384615384616 0.07692307692307693
0 0.10817307692307693 0.6274038461538461 0.0673076923076923 0.02403846153846154
0 0.1875 0.5300480769230769 0.07932692307692307 0.038461538461538464
0 0.2704326923076923 0.546875 0.08653846153846154 0.052884615384615384
0 0.3016826923076923 0.5108173076923077 0.10096153846153846 0.06971153846153846
0 0.3918269230769231 0.4795673076923077 0.07932692307692307 0.04807692307692308
0 0.3545673076923077 0.43149038461538464 0.1201923076923077 0.08173076923076923
0 0.42908653846153844 0.41586538461538464 0.10817307692307693 0.06971153846153846
0 0.5961538461538461 0.33533653846153844 0.125 0.07692307692307693
0 0.5084134615384616 0.31971153846153844 0.09615384615384616 0.08653846153846154
0 0.5649038461538461 0.27283653846153844 0.052884615384615384 0.04807692307692308
0 0.5144230769230769 0.234375 0.08653846153846154 0.06971153846153846
0 0.49399038461538464 0.2776442307692308 0.0673076923076923 0.038461538461538464
0 0.5024038461538461 0.3737980769230769 0.0625 0.04326923076923077
0 0.4170673076923077 0.34975961538461536 0.1201923076923077 0.06971153846153846
0 0.34975961538461536 0.3125 0.1201923076923077 0.08173076923076923
0 0.43990384615384615 0.2776442307692308 0.07211538461538461 0.0673076923076923
0 0.4543269230769231 0.22596153846153846 0.04567307692307692 0.03125
0 0.28725961538461536 0.3701923076923077 0.10817307692307693 0.07692307692307693
0 0.23557692307692307 0.42427884615384615 0.1201923076923077 0.07211538461538461
0 0.2956730769230769 0.46033653846153844 0.07932692307692307 0.03125
0 0.21875 0.49158653846153844 0.07211538461538461 0.07211538461538461
0 0.16466346153846154 0.4879807692307692 0.0673076923076923 0.07211538461538461
0 0.18509615384615385 0.5336538461538461 0.08653846153846154 0.038461538461538464
0 0.09615384615384616 0.5120192307692307 0.09134615384615384 0.0673076923076923
0 0.054086538461538464 0.5528846153846154 0.052884615384615384 0.04807692307692308
0 0.10216346153846154 0.46274038461538464 0.10096153846153846 0.04567307692307692
0 0.06850961538461539 0.4387019230769231 0.057692307692307696 0.03125
0 0.11899038461538461 0.4266826923076923 0.04567307692307692 0.028846153846153848
0 0.17307692307692307 0.4182692307692308 0.07211538461538461 0.057692307692307696
0 0.1502403846153846 0.37740384615384615 0.052884615384615384 0.03365384615384615
0 0.11658653846153846 0.39903846153846156 0.038461538461538464 0.019230769230769232
0 0.19831730769230768 0.38461538461538464 0.057692307692307696 0.03365384615384615
0 0.1814903846153846 0.3473557692307692 0.0673076923076923 0.0673076923076923
0 0.23317307692307693 0.3233173076923077 0.11538461538461539 0.0673076923076923
0 0.23918269230769232 0.2536057692307692 0.0673076923076923 0.0673076923076923
0 0.30408653846153844 0.25841346153846156 0.07211538461538461 0.057692307692307696
0 0.375 0.25721153846153844 0.125 0.057692307692307696
0 0.28966346153846156 0.21033653846153846 0.0673076923076923 0.028846153846153848
0 0.34975961538461536 0.20432692307692307 0.08653846153846154 0.057692307692307696
0 0.36899038461538464 0.23076923076923078 0.07932692307692307 0.07692307692307693
0 0.4170673076923077 0.15504807692307693 0.038461538461538464 0.057692307692307696
0 0.34134615384615385 0.17427884615384615 0.10096153846153846 0.04807692307692308
0 0.36899038461538464 0.14903846153846154 0.07932692307692307 0.04567307692307692
0 0.37740384615384615 0.09975961538461539 0.08653846153846154 0.057692307692307696
0 0.41225961538461536 0.037259615384615384 0.052884615384615384 0.052884615384615384