0 0.16947115384615385 0.171875 0.23076923076923078 0.3317307692307692
0 0.1778846153846154 0.3389423076923077 0.3485576923076923 0.5360576923076923
0 0.07091346153846154 0.49158653846153844 0.1346153846153846 0.7115384615384616
0 0.2127403846153846 0.8137019230769231 0.18509615384615385 0.28365384615384615
0 0.08173076923076923 0.9038461538461539 0.15625 0.18028846153846154
0 0.1658653846153846 0.9627403846153846 0.12980769230769232 0.06971153846153846
0 0.13822115384615385 0.5168269230769231 0.16826923076923078 0.3125
0 0.0733173076923077 0.28966346153846156 0.11057692307692307 0.16346153846153846
0 0.3713942307692308 0.6069711538461539 0.1971153846153846 0.2403846153846154
0 0.421875 0.7295673076923077 0.21875 0.24519230769230768
0 0.4326923076923077 0.9278846153846154 0.15384615384615385 0.13942307692307693
0 0.36899038461538464 0.9194711538461539 0.10817307692307693 0.15625
0 0.25961538461538464 0.9723557692307693 0.0673076923076923 0.052884615384615384
0 0.38341346153846156 0.33052884615384615 0.25 0.37740384615384615
0 0.41947115384615385 0.15865384615384615 0.3317307692307692 0.3076923076923077
0 0.4110576923076923 0.030048076923076924 0.18269230769230768 0.04807692307692308
0 0.6382211538461539 0.12860576923076922 0.1201923076923077 0.16826923076923078
0 0.6586538461538461 0.28125 0.16826923076923078 0.27884615384615385
0 0.5288461538461539 0.39903846153846156 0.10576923076923077 0.1201923076923077
0 0.6237980769230769 0.6069711538461539 0.25961538461538464 0.38221153846153844
0 0.5564903846153846 0.8581730769230769 0.1875 0.25
0 0.6442307692307693 0.9543269230769231 0.27403846153846156 0.08653846153846154
0 0.8473557692307693 0.953125 0.12980769230769232 0.09134615384615384
0 0.8725961538461539 0.8365384615384616 0.057692307692307696 0.20673076923076922
0 0.7728365384615384 0.8581730769230769 0.18509615384615385 0.23076923076923078
0 0.7932692307692307 0.6418269230769231 0.2980769230769231 0.5961538461538461
0 0.9326923076923077 0.6322115384615384 0.12980769230769232 0.2932692307692308
0 0.8725961538461539 0.828125 0.057692307692307696 0.15865384615384615
0 0.9050480769230769 0.45072115384615385 0.1875 0.3317307692307692
0 0.8149038461538461 0.2704326923076923 0.18269230769230768 0.27884615384615385
0 0.7451923076923077 0.08052884615384616 0.5048076923076923 0.15144230769230768
0 0.9471153846153846 0.3233173076923077 0.10096153846153846 0.3870192307692308
0 0.9471153846153846 0.8918269230769231 0.10096153846153846 0.21153846153846154
0 0.9723557692307693 0.7463942307692307 0.052884615384615384 0.14903846153846154
0 0.5 0.5012019230769231 0.9951923076923077 0.9927884615384616