0 0.5132211538461539 0.5516826923076923 0.24519230769230768 0.2668269230769231
0 0.7596153846153846 0.48197115384615385 0.27403846153846156 0.28846153846153844
0 0.7932692307692307 0.6514423076923077 0.11057692307692307 0.08413461538461539
0 0.6694711538461539 0.7908653846153846 0.17307692307692307 0.22115384615384615
0 0.6153846153846154 0.9471153846153846 0.11057692307692307 0.0985576923076923
0 0.4795673076923077 0.7644230769230769 0.22115384615384615 0.1778846153846154
0 0.4951923076923077 0.9026442307692307 0.17307692307692307 0.10576923076923077
0 0.2283653846153846 0.7151442307692307 0.23557692307692307 0.16826923076923078
0 0.14423076923076922 0.4951923076923077 0.18269230769230768 0.23557692307692307
0 0.3293269230769231 0.5180288461538461 0.15865384615384615 0.21634615384615385
0 0.5264423076923077 0.3401442307692308 0.19230769230769232 0.15384615384615385
0 0.5336538461538461 0.1622596153846154 0.1971153846153846 0.23557692307692307
0 0.7115384615384616 0.2956730769230769 0.125 0.13942307692307693
0 0.2956730769230769 0.2776442307692308 0.17307692307692307 0.1201923076923077
0 0.35096153846153844 0.39302884615384615 0.15865384615384615 0.12980769230769232
0 0.2800480769230769 0.8461538461538461 0.1875 0.1201923076923077
0 0.35336538461538464 0.9290865384615384 0.19230769230769232 0.1346153846153846
0 0.20673076923076922 0.96875 0.11057692307692307 0.052884615384615384
0 0.08653846153846154 0.6754807692307693 0.08413461538461539 0.125
0 0.17307692307692307 0.8449519230769231 0.11538461538461539 0.15865384615384615
0 0.18028846153846154 0.38221153846153844 0.13942307692307693 0.11538461538461539
0 0.2091346153846154 0.18028846153846154 0.15865384615384615 0.17307692307692307
0 0.36177884615384615 0.14182692307692307 0.13942307692307693 0.1875
0 0.4375 0.06490384615384616 0.17307692307692307 0.12980769230769232
0 0.4338942307692308 0.29086538461538464 0.10096153846153846 0.16346153846153846
0 0.6394230769230769 0.28846153846153844 0.07211538461538461 0.25721153846153844