0 0.7295673076923077 0.8846153846153846 0.4831730769230769 0.22355769230769232
0 0.7127403846153846 0.6826923076923077 0.5625 0.20673076923076922
0 0.3473557692307692 0.7055288461538461 0.2692307692307692 0.25
0 0.29927884615384615 0.5721153846153846 0.31009615384615385 0.15865384615384615
0 0.3762019230769231 0.8737980769230769 0.3605769230769231 0.23076923076923078
0 0.6766826923076923 0.9122596153846154 0.5841346153846154 0.17067307692307693
0 0.6298076923076923 0.39783653846153844 0.7307692307692307 0.375
0 0.1814903846153846 0.5120192307692307 0.3605769230769231 0.3701923076923077
0 0.15504807692307693 0.6598557692307693 0.2980769230769231 0.1346153846153846
0 0.19591346153846154 0.2692307692307692 0.16105769230769232 0.11778846153846154
0 0.12740384615384615 0.14182692307692307 0.25 0.27884615384615385
0 0.53125 0.15144230769230768 0.9254807692307693 0.2980769230769231