0 0.8221153846153846 0.3233173076923077 0.10336538461538461 0.14423076923076922
0 0.7055288461538461 0.43028846153846156 0.12980769230769232 0.19230769230769232
0 0.7115384615384616 0.296875 0.17307692307692307 0.16826923076923078
0 0.7764423076923077 0.11778846153846154 0.2403846153846154 0.22355769230769232
0 0.5769230769230769 0.609375 0.11538461538461539 0.10576923076923077
0 0.6105769230769231 0.5336538461538461 0.04567307692307692 0.07692307692307693
0 0.65625 0.5649038461538461 0.04567307692307692 0.04807692307692308
0 0.6730769230769231 0.5204326923076923 0.04807692307692308 0.07211538461538461
0 0.7139423076923077 0.49759615384615385 0.038461538461538464 0.07692307692307693
0 0.7367788461538461 0.4795673076923077 0.028846153846153848 0.08173076923076923
0 0.7043269230769231 0.4266826923076923 0.125 0.1778846153846154
0 0.6358173076923077 0.19230769230769232 0.1346153846153846 0.1778846153846154
0 0.6370192307692307 0.08653846153846154 0.028846153846153848 0.04807692307692308
0 0.6298076923076923 0.03125 0.04567307692307692 0.052884615384615384
0 0.5877403846153846 0.055288461538461536 0.07692307692307693 0.0985576923076923
0 0.5588942307692307 0.14302884615384615 0.08653846153846154 0.1201923076923077
0 0.5192307692307693 0.2608173076923077 0.10096153846153846 0.09375
0 0.5492788461538461 0.2548076923076923 0.0625 0.0625
0 0.5324519230769231 0.22115384615384615 0.07211538461538461 0.0673076923076923
0 0.5360576923076923 0.125 0.07211538461538461 0.1778846153846154
0 0.484375 0.20552884615384615 0.038461538461538464 0.13942307692307693
0 0.3954326923076923 0.21875 0.125 0.11538461538461539
0 0.4423076923076923 0.23197115384615385 0.038461538461538464 0.0673076923076923
0 0.43509615384615385 0.14302884615384615 0.10096153846153846 0.13942307692307693
0 0.4735576923076923 0.13822115384615385 0.04567307692307692 0.0673076923076923
0 0.484375 0.057692307692307696 0.0673076923076923 0.0625
0 0.484375 0.028846153846153848 0.12980769230769232 0.04807692307692308
0 0.34375 0.09615384615384616 0.16826923076923078 0.0673076923076923
0 0.30288461538461536 0.11778846153846154 0.125 0.11057692307692307
0 0.3629807692307692 0.140625 0.04567307692307692 0.03125
0 0.2692307692307692 0.15625 0.10336538461538461 0.07211538461538461
0 0.3076923076923077 0.18269230769230768 0.13942307692307693 0.052884615384615384
0 0.2764423076923077 0.21153846153846154 0.21634615384615385 0.07692307692307693
0 0.265625 0.26802884615384615 0.08653846153846154 0.057692307692307696
0 0.22716346153846154 0.11177884615384616 0.06490384615384616 0.11057692307692307
0 0.21995192307692307 0.16346153846153846 0.08173076923076923 0.057692307692307696
0 0.27524038461538464 0.15384615384615385 0.09134615384615384 0.04807692307692308
0 0.33533653846153844 0.038461538461538464 0.16826923076923078 0.0673076923076923
0 0.49399038461538464 0.020432692307692308 0.10336538461538461 0.03125
0 0.22115384615384615 0.018028846153846152 0.052884615384615384 0.026442307692307692
0 0.1778846153846154 0.0625 0.07211538461538461 0.10576923076923077
0 0.14903846153846154 0.04447115384615385 0.0625 0.07692307692307693
0 0.15264423076923078 0.14543269230769232 0.052884615384615384 0.0625
0 0.14302884615384615 0.19230769230769232 0.057692307692307696 0.0625
0 0.1971153846153846 0.24519230769230768 0.04807692307692308 0.0625
0 0.20432692307692307 0.3016826923076923 0.04807692307692308 0.052884615384615384
0 0.1658653846153846 0.3125 0.03365384615384615 0.04326923076923077
0 0.16466346153846154 0.26322115384615385 0.04567307692307692 0.057692307692307696
0 0.12379807692307693 0.29927884615384615 0.04807692307692308 0.04807692307692308
0 0.11658653846153846 0.24519230769230768 0.057692307692307696 0.08173076923076923
0 0.08774038461538461 0.19471153846153846 0.04567307692307692 0.057692307692307696
0 0.09975961538461539 0.140625 0.052884615384615384 0.08173076923076923
0 0.052884615384615384 0.21153846153846154 0.04567307692307692 0.0673076923076923
0 0.051682692307692304 0.265625 0.026442307692307692 0.019230769230769232
0 0.08173076923076923 0.25240384615384615 0.03365384615384615 0.057692307692307696
0 0.07692307692307693 0.3641826923076923 0.15384615384615385 0.1971153846153846
0 0.25721153846153844 0.6322115384615384 0.11057692307692307 0.12980769230769232
0 0.2247596153846154 0.7319711538461539 0.10096153846153846 0.057692307692307696
0 0.4651442307692308 0.7632211538461539 0.07692307692307693 0.0673076923076923
0 0.47115384615384615 0.703125 0.08653846153846154 0.11538461538461539
0 0.4831730769230769 0.671875 0.06490384615384616 0.08173076923076923
0 0.4879807692307692 0.5985576923076923 0.052884615384615384 0.04326923076923077
0 0.3737980769230769 0.71875 0.10576923076923077 0.04326923076923077
0 0.13701923076923078 0.6694711538461539 0.12980769230769232 0.2764423076923077
0 0.05048076923076923 0.6490384615384616 0.10096153846153846 0.08173076923076923
0 0.040865384615384616 0.4699519230769231 0.08173076923076923 0.13221153846153846
0 0.3112980769230769 0.2608173076923077 0.026442307692307692 0.04326923076923077
0 0.3317307692307692 0.28846153846153844 0.02403846153846154 0.036057692307692304
0 0.35697115384615385 0.29927884615384615 0.019230769230769232 0.026442307692307692
0 0.3762019230769231 0.2860576923076923 0.026442307692307692 0.03125
0 0.4098557692307692 0.29927884615384615 0.026442307692307692 0.026442307692307692
0 0.43149038461538464 0.30528846153846156 0.014423076923076924 0.026442307692307692
0 0.44471153846153844 0.28846153846153844 0.03365384615384615 0.026442307692307692
0 0.45552884615384615 0.31971153846153844 0.026442307692307692 0.036057692307692304
0 0.47716346153846156 0.3173076923076923 0.02403846153846154 0.019230769230769232
0 0.49278846153846156 0.31490384615384615 0.014423076923076924 0.014423076923076924
0 0.5192307692307693 0.3016826923076923 0.038461538461538464 0.03125
0 0.5456730769230769 0.2860576923076923 0.02403846153846154 0.03125
0 0.5625 0.30528846153846156 0.026442307692307692 0.036057692307692304
0 0.5853365384615384 0.27884615384615385 0.026442307692307692 0.036057692307692304
0 0.5997596153846154 0.3076923076923077 0.02403846153846154 0.03125
0 0.609375 0.28846153846153844 0.026442307692307692 0.036057692307692304
0 0.6009615384615384 0.3329326923076923 0.019230769230769232 0.03125
0 0.6225961538461539 0.3233173076923077 0.02403846153846154 0.03125
0 0.2848557692307692 0.27403846153846156 0.019230769230769232 0.036057692307692304
0 0.3076923076923077 0.29447115384615385 0.026442307692307692 0.026442307692307692
0 0.2620192307692308 0.28125 0.01201923076923077 0.03125
0 0.27524038461538464 0.29927884615384615 0.02403846153846154 0.036057692307692304
0 0.29447115384615385 0.3389423076923077 0.02403846153846154 0.03125
0 0.3173076923076923 0.3389423076923077 0.02403846153846154 0.03125
0 0.33533653846153844 0.34615384615384615 0.014423076923076924 0.026442307692307692
0 0.3605769230769231 0.3233173076923077 0.026442307692307692 0.04326923076923077
0 0.42788461538461536 0.3545673076923077 0.028846153846153848 0.04326923076923077
0 0.45072115384615385 0.4375 0.02403846153846154 0.03125
0 0.4543269230769231 0.4014423076923077 0.02403846153846154 0.03125
0 0.515625 0.4423076923076923 0.02403846153846154 0.03125
0 0.3641826923076923 0.44591346153846156 0.026442307692307692 0.036057692307692304
0 0.3245192307692308 0.4639423076923077 0.028846153846153848 0.04326923076923077
0 0.11298076923076923 0.47115384615384615 0.04326923076923077 0.036057692307692304
0 0.14543269230769232 0.453125 0.052884615384615384 0.0625
0 0.16466346153846154 0.49759615384615385 0.11538461538461539 0.07692307692307693
0 0.2800480769230769 0.5384615384615384 0.13942307692307693 0.0889423076923077
0 0.359375 0.5649038461538461 0.12259615384615384 0.0673076923076923
0 0.3858173076923077 0.5264423076923077 0.16826923076923078 0.07211538461538461
0 0.46153846153846156 0.4326923076923077 0.07692307692307693 0.25961538461538464
0 0.5709134615384616 0.39302884615384615 0.23317307692307693 0.19230769230769232
0 0.5360576923076923 0.515625 0.07211538461538461 0.052884615384615384
0 0.40625 0.41466346153846156 0.11778846153846154 0.23557692307692307
0 0.30288461538461536 0.40865384615384615 0.15625 0.21394230769230768
0 0.26322115384615385 0.40625 0.22115384615384615 0.14423076923076922