0 0.9483173076923077 0.038461538461538464 0.09134615384615384 0.06971153846153846
0 0.8737980769230769 0.04807692307692308 0.057692307692307696 0.0673076923076923
0 0.8088942307692307 0.04447115384615385 0.08173076923076923 0.07211538461538461
0 0.7295673076923077 0.07572115384615384 0.0673076923076923 0.0889423076923077
0 0.6526442307692307 0.051682692307692304 0.09615384615384616 0.0673076923076923
0 0.5973557692307693 0.038461538461538464 0.09134615384615384 0.052884615384615384
0 0.5204326923076923 0.019230769230769232 0.07211538461538461 0.03125
0 0.7091346153846154 0.015625 0.07692307692307693 0.02403846153846154
0 0.4483173076923077 0.026442307692307692 0.09134615384615384 0.04807692307692308
0 0.5108173076923077 0.06370192307692307 0.0625 0.07211538461538461
0 0.4206730769230769 0.0829326923076923 0.09615384615384616 0.057692307692307696
0 0.3473557692307692 0.038461538461538464 0.1201923076923077 0.06971153846153846
0 0.24759615384615385 0.042067307692307696 0.11298076923076923 0.06971153846153846
0 0.15745192307692307 0.04447115384615385 0.07692307692307693 0.0673076923076923
0 0.12620192307692307 0.06009615384615385 0.10817307692307693 0.05048076923076923
0 0.056490384615384616 0.07572115384615384 0.11298076923076923 0.057692307692307696
0 0.9206730769230769 0.12980769230769232 0.07692307692307693 0.057692307692307696
0 0.8509615384615384 0.0985576923076923 0.08173076923076923 0.0673076923076923
0 0.9771634615384616 0.14423076923076922 0.036057692307692304 0.0673076923076923
0 0.9591346153846154 0.20432692307692307 0.07211538461538461 0.06971153846153846
0 0.8737980769230769 0.18509615384615385 0.0673076923076923 0.04807692307692308
0 0.8870192307692307 0.23798076923076922 0.10336538461538461 0.057692307692307696
0 0.9507211538461539 0.2860576923076923 0.08653846153846154 0.0625
0 0.9350961538461539 0.34134615384615385 0.08653846153846154 0.05048076923076923
0 0.9747596153846154 0.3798076923076923 0.040865384615384616 0.03365384615384615
0 0.9507211538461539 0.41947115384615385 0.08653846153846154 0.05048076923076923
0 0.9639423076923077 0.46274038461538464 0.0625 0.04807692307692308
0 0.051682692307692304 0.1466346153846154 0.09134615384615384 0.07692307692307693
0 0.1346153846153846 0.11538461538461539 0.0625 0.052884615384615384
0 0.21153846153846154 0.0985576923076923 0.08173076923076923 0.057692307692307696
0 0.29086538461538464 0.09254807692307693 0.057692307692307696 0.04807692307692308
0 0.3473557692307692 0.12740384615384615 0.07692307692307693 0.08653846153846154
0 0.42788461538461536 0.1346153846153846 0.0625 0.052884615384615384
0 0.5108173076923077 0.12740384615384615 0.0625 0.0625
0 0.5793269230769231 0.18870192307692307 0.0673076923076923 0.07692307692307693
0 0.5516826923076923 0.15264423076923078 0.07211538461538461 0.04326923076923077
0 0.5793269230769231 0.10576923076923077 0.07692307692307693 0.07211538461538461
0 0.6310096153846154 0.15865384615384615 0.057692307692307696 0.052884615384615384
0 0.6706730769230769 0.12139423076923077 0.07211538461538461 0.0673076923076923
0 0.7572115384615384 0.140625 0.08173076923076923 0.057692307692307696
0 0.7608173076923077 0.20432692307692307 0.07692307692307693 0.0625
0 0.8245192307692307 0.203125 0.07211538461538461 0.0673076923076923
0 0.7932692307692307 0.2608173076923077 0.07211538461538461 0.07211538461538461
0 0.71875 0.2548076923076923 0.10817307692307693 0.06971153846153846
0 0.6670673076923077 0.19831730769230768 0.08653846153846154 0.057692307692307696
0 0.6237980769230769 0.2512019230769231 0.07211538461538461 0.04807692307692308
0 0.5516826923076923 0.23557692307692307 0.0625 0.052884615384615384
0 0.008413461538461538 0.17067307692307693 0.016826923076923076 0.052884615384615384
0 0.042067307692307696 0.23918269230769232 0.08413461538461539 0.06490384615384616
0 0.08533653846153846 0.20432692307692307 0.0673076923076923 0.06971153846153846
0 0.1346153846153846 0.22956730769230768 0.08173076923076923 0.0673076923076923
0 0.15745192307692307 0.18509615384615385 0.07692307692307693 0.04807692307692308
0 0.21153846153846154 0.22956730769230768 0.08173076923076923 0.057692307692307696
0 0.29927884615384615 0.18389423076923078 0.09134615384615384 0.057692307692307696
0 0.3016826923076923 0.24278846153846154 0.07692307692307693 0.052884615384615384
0 0.3762019230769231 0.24519230769230768 0.052884615384615384 0.057692307692307696
0 0.4411057692307692 0.24759615384615385 0.0673076923076923 0.052884615384615384
0 0.4411057692307692 0.20072115384615385 0.057692307692307696 0.038461538461538464
0 0.5072115384615384 0.24278846153846154 0.04807692307692308 0.052884615384615384
0 0.515625 0.2824519230769231 0.0625 0.04807692307692308
0 0.5829326923076923 0.29927884615384615 0.07211538461538461 0.0673076923076923
0 0.6550480769230769 0.296875 0.052884615384615384 0.052884615384615384
0 0.7115384615384616 0.31850961538461536 0.0625 0.05048076923076923
0 0.7728365384615384 0.3161057692307692 0.052884615384615384 0.04807692307692308
0 0.8449519230769231 0.3557692307692308 0.0625 0.04807692307692308
0 0.8581730769230769 0.30288461538461536 0.08653846153846154 0.057692307692307696
0 0.8762019230769231 0.39783653846153844 0.09134615384615384 0.0625
0 0.9122596153846154 0.4651442307692308 0.07211538461538461 0.0673076923076923
0 0.8293269230769231 0.44591346153846156 0.08173076923076923 0.05048076923076923
0 0.9483173076923077 0.5120192307692307 0.0625 0.05048076923076923
0 0.9639423076923077 0.5576923076923077 0.0625 0.04326923076923077
0 0.06129807692307692 0.2932692307692308 0.08173076923076923 0.052884615384615384
0 0.12860576923076922 0.328125 0.07211538461538461 0.052884615384615384
0 0.22115384615384615 0.328125 0.08173076923076923 0.0625
0 0.30408653846153844 0.3112980769230769 0.0625 0.04326923076923077
0 0.3786057692307692 0.2932692307692308 0.07692307692307693 0.04807692307692308
0 0.44350961538461536 0.2932692307692308 0.040865384615384616 0.052884615384615384
0 0.48197115384615385 0.3317307692307692 0.057692307692307696 0.0625
0 0.5540865384615384 0.33052884615384615 0.07692307692307693 0.0673076923076923
0 0.5588942307692307 0.3858173076923077 0.057692307692307696 0.04807692307692308
0 0.6213942307692307 0.38822115384615385 0.04807692307692308 0.05048076923076923
0 0.6598557692307693 0.38221153846153844 0.03125 0.04807692307692308
0 0.7139423076923077 0.41346153846153844 0.057692307692307696 0.052884615384615384
0 0.7572115384615384 0.38221153846153844 0.07211538461538461 0.052884615384615384
0 0.7475961538461539 0.46274038461538464 0.052884615384615384 0.038461538461538464
0 0.7608173076923077 0.5673076923076923 0.04807692307692308 0.052884615384615384
0 0.8245192307692307 0.6009615384615384 0.07211538461538461 0.0673076923076923
0 0.8605769230769231 0.6442307692307693 0.08173076923076923 0.04807692307692308
0 0.9098557692307693 0.5949519230769231 0.057692307692307696 0.052884615384615384
0 0.8894230769230769 0.5024038461538461 0.04807692307692308 0.038461538461538464
0 0.9122596153846154 0.546875 0.07211538461538461 0.05048076923076923
0 0.8581730769230769 0.5384615384615384 0.057692307692307696 0.04326923076923077
0 0.8221153846153846 0.5576923076923077 0.0673076923076923 0.04326923076923077
0 0.7788461538461539 0.5192307692307693 0.0625 0.04326923076923077
0 0.8353365384615384 0.49038461538461536 0.07211538461538461 0.04807692307692308
0 0.7139423076923077 0.5096153846153846 0.07692307692307693 0.052884615384615384
0 0.6826923076923077 0.46274038461538464 0.0673076923076923 0.04807692307692308
0 0.6394230769230769 0.5132211538461539 0.07211538461538461 0.052884615384615384
0 0.018028846153846152 0.8209134615384616 0.036057692307692304 0.05048076923076923
0 0.028846153846153848 0.7740384615384616 0.057692307692307696 0.04326923076923077
0 0.02403846153846154 0.7199519230769231 0.04807692307692308 0.06009615384615385
0 0.020432692307692308 0.6598557692307693 0.040865384615384616 0.06971153846153846
0 0.02403846153846154 0.6105769230769231 0.04807692307692308 0.028846153846153848
0 0.03365384615384615 0.5829326923076923 0.057692307692307696 0.02403846153846154
0 0.013221153846153846 0.5612980769230769 0.02403846153846154 0.05048076923076923
0 0.07211538461538461 0.5408653846153846 0.0625 0.04807692307692308
0 0.028846153846153848 0.5132211538461539 0.057692307692307696 0.038461538461538464
0 0.018028846153846152 0.4735576923076923 0.036057692307692304 0.07211538461538461
0 0.0673076923076923 0.46875 0.07211538461538461 0.05048076923076923
0 0.020432692307692308 0.4110576923076923 0.040865384615384616 0.057692307692307696
0 0.08533653846153846 0.41346153846153844 0.07692307692307693 0.04807692307692308
0 0.042067307692307696 0.35096153846153844 0.08413461538461539 0.057692307692307696
0 0.10817307692307693 0.3786057692307692 0.07211538461538461 0.0625
0 0.18028846153846154 0.37259615384615385 0.0625 0.057692307692307696
0 0.24519230769230768 0.3701923076923077 0.057692307692307696 0.052884615384615384
0 0.15745192307692307 0.4098557692307692 0.0673076923076923 0.038461538461538464
0 0.1346153846153846 0.45913461538461536 0.052884615384615384 0.04807692307692308
0 0.1935096153846154 0.47836538461538464 0.0673076923076923 0.052884615384615384
0 0.21875 0.4326923076923077 0.07692307692307693 0.04807692307692308
0 0.28125 0.453125 0.0673076923076923 0.057692307692307696
0 0.2860576923076923 0.40384615384615385 0.057692307692307696 0.057692307692307696
0 0.31971153846153844 0.36899038461538464 0.07211538461538461 0.04326923076923077
0 0.39903846153846156 0.3762019230769231 0.07692307692307693 0.03365384615384615
0 0.33774038461538464 0.4014423076923077 0.04807692307692308 0.038461538461538464
0 0.39663461538461536 0.41346153846153844 0.0625 0.03125
0 0.42788461538461536 0.453125 0.0625 0.04326923076923077
0 0.47475961538461536 0.41466346153846156 0.052884615384615384 0.03365384615384615
0 0.48197115384615385 0.3786057692307692 0.07692307692307693 0.038461538461538464
0 0.49759615384615385 0.45913461538461536 0.0673076923076923 0.04807692307692308
0 0.5492788461538461 0.46153846153846156 0.04807692307692308 0.03365384615384615
0 0.5432692307692307 0.4266826923076923 0.04807692307692308 0.026442307692307692
0 0.6057692307692307 0.43990384615384615 0.036057692307692304 0.038461538461538464
0 0.6237980769230769 0.46274038461538464 0.07211538461538461 0.038461538461538464
0 0.5721153846153846 0.5168269230769231 0.07211538461538461 0.06971153846153846
0 0.5252403846153846 0.5709134615384616 0.052884615384615384 0.03125
0 0.5973557692307693 0.5661057692307693 0.07211538461538461 0.04326923076923077
0 0.6550480769230769 0.5612980769230769 0.0625 0.04326923076923077
0 0.6911057692307693 0.6009615384615384 0.052884615384615384 0.057692307692307696
0 0.7548076923076923 0.6213942307692307 0.057692307692307696 0.052884615384615384
0 0.07451923076923077 0.8088942307692307 0.057692307692307696 0.057692307692307696
0 0.1466346153846154 0.7992788461538461 0.0673076923076923 0.0625
0 0.21394230769230768 0.796875 0.057692307692307696 0.05048076923076923
0 0.27524038461538464 0.7824519230769231 0.036057692307692304 0.04326923076923077
0 0.32211538461538464 0.7680288461538461 0.02403846153846154 0.03125
0 0.36538461538461536 0.7512019230769231 0.040865384615384616 0.03365384615384615
0 0.4170673076923077 0.7415865384615384 0.03125 0.04807692307692308
0 0.453125 0.7620192307692307 0.052884615384615384 0.04326923076923077
0 0.5228365384615384 0.7608173076923077 0.036057692307692304 0.038461538461538464
0 0.5588942307692307 0.7331730769230769 0.057692307692307696 0.04807692307692308
0 0.6105769230769231 0.7487980769230769 0.036057692307692304 0.0625
0 0.6418269230769231 0.7175480769230769 0.04807692307692308 0.038461538461538464
0 0.6911057692307693 0.7427884615384616 0.052884615384615384 0.05048076923076923
0 0.7524038461538461 0.7379807692307693 0.052884615384615384 0.052884615384615384
0 0.8064903846153846 0.7199519230769231 0.04807692307692308 0.05048076923076923
0 0.8629807692307693 0.7259615384615384 0.057692307692307696 0.038461538461538464
0 0.9278846153846154 0.703125 0.0625 0.04807692307692308
0 0.9663461538461539 0.6742788461538461 0.057692307692307696 0.057692307692307696
0 0.07451923076923077 0.7331730769230769 0.0673076923076923 0.052884615384615384
0 0.1346153846153846 0.7067307692307693 0.07211538461538461 0.0625
0 0.18509615384615385 0.7451923076923077 0.07211538461538461 0.052884615384615384
0 0.12860576923076922 0.7512019230769231 0.0625 0.05048076923076923
0 0.21634615384615385 0.6911057692307693 0.052884615384615384 0.04807692307692308
0 0.265625 0.6814903846153846 0.04807692307692308 0.057692307692307696
0 0.24519230769230768 0.7415865384615384 0.057692307692307696 0.052884615384615384
0 0.3173076923076923 0.6850961538461539 0.0673076923076923 0.057692307692307696
0 0.39903846153846156 0.6875 0.057692307692307696 0.04807692307692308
0 0.06971153846153846 0.6538461538461539 0.057692307692307696 0.04326923076923077
0 0.09735576923076923 0.6141826923076923 0.07211538461538461 0.052884615384615384
0 0.14903846153846154 0.6274038461538461 0.08173076923076923 0.05048076923076923
0 0.16706730769230768 0.671875 0.07692307692307693 0.038461538461538464
0 0.20072115384615385 0.6117788461538461 0.09134615384615384 0.057692307692307696
0 0.14423076923076922 0.5853365384615384 0.09134615384615384 0.04326923076923077
0 0.16706730769230768 0.5384615384615384 0.10817307692307693 0.0673076923076923
0 0.234375 0.5384615384615384 0.07692307692307693 0.04326923076923077
0 0.23197115384615385 0.5733173076923077 0.052884615384615384 0.01201923076923077
0 0.3016826923076923 0.5673076923076923 0.0673076923076923 0.052884615384615384
0 0.30649038461538464 0.5168269230769231 0.057692307692307696 0.04807692307692308
0 0.3581730769230769 0.484375 0.057692307692307696 0.05048076923076923
0 0.4170673076923077 0.49759615384615385 0.08173076923076923 0.0625
0 0.5072115384615384 0.5024038461538461 0.04807692307692308 0.038461538461538464
0 0.45072115384615385 0.5252403846153846 0.07692307692307693 0.04807692307692308
0 0.3713942307692308 0.5516826923076923 0.0625 0.052884615384615384
0 0.41225961538461536 0.5757211538461539 0.052884615384615384 0.038461538461538464
0 0.4891826923076923 0.5769230769230769 0.08173076923076923 0.04326923076923077
0 0.5204326923076923 0.6153846153846154 0.040865384615384616 0.05048076923076923
0 0.5649038461538461 0.6310096153846154 0.057692307692307696 0.057692307692307696
0 0.5829326923076923 0.5961538461538461 0.040865384615384616 0.04326923076923077
0 0.6346153846153846 0.6153846153846154 0.040865384615384616 0.05048076923076923
0 0.6370192307692307 0.6658653846153846 0.057692307692307696 0.057692307692307696
0 0.6802884615384616 0.6586538461538461 0.040865384615384616 0.026442307692307692
0 0.5673076923076923 0.6814903846153846 0.10336538461538461 0.057692307692307696
0 0.4639423076923077 0.7199519230769231 0.0625 0.04326923076923077
0 0.48197115384615385 0.6850961538461539 0.0673076923076923 0.026442307692307692
0 0.46153846153846156 0.6177884615384616 0.09615384615384616 0.04807692307692308
0 0.4206730769230769 0.6538461538461539 0.0673076923076923 0.03365384615384615
0 0.3870192307692308 0.6274038461538461 0.0625 0.05048076923076923
0 0.3329326923076923 0.6081730769230769 0.057692307692307696 0.05048076923076923
0 0.2704326923076923 0.6141826923076923 0.057692307692307696 0.038461538461538464
0 0.0673076923076923 0.8882211538461539 0.0625 0.052884615384615384
0 0.018028846153846152 0.9098557692307693 0.036057692307692304 0.04326923076923077
0 0.03125 0.9362980769230769 0.0625 0.05048076923076923
0 0.039663461538461536 0.9795673076923077 0.07932692307692307 0.036057692307692304
0 0.10096153846153846 0.9615384615384616 0.057692307692307696 0.052884615384615384
0 0.171875 0.9867788461538461 0.13701923076923078 0.021634615384615384
0 0.18870192307692307 0.9627403846153846 0.09615384615384616 0.05048076923076923
0 0.18028846153846154 0.9050480769230769 0.09134615384615384 0.05048076923076923
0 0.25 0.9050480769230769 0.0673076923076923 0.057692307692307696
0 0.3173076923076923 0.8954326923076923 0.07692307692307693 0.052884615384615384
0 0.32211538461538464 0.9483173076923077 0.0673076923076923 0.05048076923076923
0 0.29086538461538464 0.9603365384615384 0.09134615384615384 0.07451923076923077
0 0.38100961538461536 0.8846153846153846 0.040865384615384616 0.04807692307692308
0 0.4254807692307692 0.8846153846153846 0.057692307692307696 0.052884615384615384
0 0.4795673076923077 0.8762019230769231 0.0625 0.04807692307692308
0 0.53125 0.8918269230769231 0.052884615384615384 0.04807692307692308
0 0.38100961538461536 0.9302884615384616 0.052884615384615384 0.04807692307692308
0 0.35697115384615385 0.9795673076923077 0.07451923076923077 0.036057692307692304
0 0.42427884615384615 0.9747596153846154 0.06490384615384616 0.04567307692307692
0 0.46153846153846156 0.9194711538461539 0.04807692307692308 0.04807692307692308
0 0.5288461538461539 0.9387019230769231 0.08653846153846154 0.0625
0 0.5120192307692307 0.9807692307692307 0.08653846153846154 0.03365384615384615
0 0.5528846153846154 0.9807692307692307 0.0673076923076923 0.03365384615384615
0 0.5901442307692307 0.9867788461538461 0.05048076923076923 0.021634615384615384
0 0.6189903846153846 0.9591346153846154 0.052884615384615384 0.03365384615384615
0 0.5949519230769231 0.9206730769230769 0.0673076923076923 0.04326923076923077
0 0.5769230769230769 0.8798076923076923 0.0625 0.052884615384615384
0 0.6670673076923077 0.8822115384615384 0.0673076923076923 0.05048076923076923
0 0.6213942307692307 0.8605769230769231 0.057692307692307696 0.03125
0 0.734375 0.8629807692307693 0.04807692307692308 0.04326923076923077
0 0.7860576923076923 0.8509615384615384 0.036057692307692304 0.026442307692307692
0 0.8353365384615384 0.8461538461538461 0.040865384615384616 0.03125
0 0.9026442307692307 0.8401442307692307 0.052884615384615384 0.019230769230769232
0 0.9615384615384616 0.8317307692307693 0.02403846153846154 0.004807692307692308
0 0.9254807692307693 0.8653846153846154 0.0673076923076923 0.04807692307692308
0 0.9663461538461539 0.8786057692307693 0.036057692307692304 0.04326923076923077
0 0.7319711538461539 0.9110576923076923 0.052884615384615384 0.052884615384615384
0 0.7728365384615384 0.8894230769230769 0.040865384615384616 0.04326923076923077
0 0.8112980769230769 0.9074519230769231 0.04807692307692308 0.0625
0 0.8473557692307693 0.9423076923076923 0.036057692307692304 0.02403846153846154
0 0.9110576923076923 0.9290865384615384 0.17307692307692307 0.13701923076923078
0 0.8834134615384616 0.9747596153846154 0.04567307692307692 0.04567307692307692
0 0.6466346153846154 0.9891826923076923 0.04807692307692308 0.016826923076923076
0 0.6911057692307693 0.9399038461538461 0.07211538461538461 0.04326923076923077
0 0.7175480769230769 0.9867788461538461 0.06490384615384616 0.021634615384615384
0 0.7788461538461539 0.9399038461538461 0.07211538461538461 0.04326923076923077
0 0.8040865384615384 0.9795673076923077 0.08413461538461539 0.036057692307692304