0 0.4423076923076923 0.40384615384615385 0.30528846153846156 0.10096153846153846
0 0.7175480769230769 0.46153846153846156 0.33653846153846156 0.11057692307692307
0 0.41947115384615385 0.4963942307692308 0.30528846153846156 0.07692307692307693
0 0.35096153846153844 0.5673076923076923 0.25961538461538464 0.08173076923076923
0 0.5348557692307693 0.6081730769230769 0.33653846153846156 0.11057692307692307
0 0.5420673076923077 0.5456730769230769 0.32211538461538464 0.07211538461538461
0 0.5528846153846154 0.84375 0.7115384615384616 0.2860576923076923
0 0.5949519230769231 0.04447115384615385 0.6730769230769231 0.08173076923076923
0 0.4963942307692308 0.03245192307692308 0.6105769230769231 0.038461538461538464
0 0.5528846153846154 0.0985576923076923 0.5576923076923077 0.057692307692307696
0 0.39663461538461536 0.06850961538461539 0.41346153846153844 0.038461538461538464
0 0.203125 0.08653846153846154 0.40625 0.057692307692307696
0 0.5721153846153846 0.12379807692307693 0.42788461538461536 0.03365384615384615
0 0.7752403846153846 0.1466346153846154 0.34375 0.02403846153846154
0 0.6105769230769231 0.16706730769230768 0.5192307692307693 0.06009615384615385
0 0.30528846153846156 0.1346153846153846 0.16826923076923078 0.026442307692307692
0 0.21033653846153846 0.11298076923076923 0.20673076923076922 0.038461538461538464
0 0.14903846153846154 0.12259615384615384 0.14423076923076922 0.036057692307692304
0 0.32091346153846156 0.14783653846153846 0.24519230769230768 0.052884615384615384
0 0.6947115384615384 0.19951923076923078 0.5192307692307693 0.057692307692307696
0 0.171875 0.15985576923076922 0.19230769230769232 0.03365384615384615
0 0.5264423076923077 0.20673076923076922 0.5048076923076923 0.06971153846153846
0 0.5036057692307693 0.2403846153846154 0.5048076923076923 0.06971153846153846
0 0.18269230769230768 0.18990384615384615 0.16826923076923078 0.03125
0 0.19110576923076922 0.22115384615384615 0.15384615384615385 0.03125
0 0.19471153846153846 0.24158653846153846 0.14423076923076922 0.026442307692307692
0 0.328125 0.2536057692307692 0.27403846153846156 0.06009615384615385
0 0.44711538461538464 0.2776442307692308 0.4951923076923077 0.052884615384615384
0 0.40865384615384615 0.2956730769230769 0.3894230769230769 0.0673076923076923
0 0.4735576923076923 0.30288461538461536 0.4423076923076923 0.06490384615384616
0 0.5228365384615384 0.3161057692307692 0.25240384615384615 0.038461538461538464