0 0.4230769230769231 0.43149038461538464 0.4543269230769231 0.7548076923076923
0 0.11778846153846154 0.4375 0.23076923076923078 0.41586538461538464
0 0.5180288461538461 0.43990384615384615 0.8125 0.3004807692307692
0 0.8016826923076923 0.28125 0.32211538461538464 0.5528846153846154
0 0.24158653846153846 0.7463942307692307 0.47596153846153844 0.4326923076923077
0 0.2932692307692308 0.7319711538461539 0.49038461538461536 0.3173076923076923
0 0.6742788461538461 0.7800480769230769 0.34375 0.43509615384615385
0 0.5504807692307693 0.9338942307692307 0.1778846153846154 0.12980769230769232
0 0.9326923076923077 0.5144230769230769 0.12980769230769232 0.4326923076923077
0 0.8930288461538461 0.75 0.2091346153846154 0.3317307692307692
0 0.8557692307692307 0.9170673076923077 0.17307692307692307 0.16105769230769232