0 0.22355769230769232 0.8786057692307693 0.12740384615384615 0.09375
0 0.06370192307692307 0.8269230769230769 0.11538461538461539 0.09375
0 0.13341346153846154 0.8509615384615384 0.08653846153846154 0.06009615384615385
0 0.17548076923076922 0.7872596153846154 0.13942307692307693 0.08173076923076923
0 0.3088942307692308 0.7932692307692307 0.12740384615384615 0.057692307692307696
0 0.3088942307692308 0.8545673076923077 0.11538461538461539 0.07451923076923077
0 0.39663461538461536 0.8713942307692307 0.10096153846153846 0.07932692307692307
0 0.4338942307692308 0.9086538461538461 0.06971153846153846 0.057692307692307696
0 0.44471153846153844 0.8413461538461539 0.10096153846153846 0.07692307692307693
0 0.5264423076923077 0.8713942307692307 0.10576923076923077 0.0625
0 0.5132211538461539 0.8076923076923077 0.10096153846153846 0.057692307692307696
0 0.6225961538461539 0.796875 0.11538461538461539 0.07211538461538461
0 0.6538461538461539 0.8581730769230769 0.11538461538461539 0.08173076923076923
0 0.7367788461538461 0.7740384615384616 0.10096153846153846 0.07932692307692307
0 0.6730769230769231 0.7391826923076923 0.06971153846153846 0.04326923076923077
0 0.037259615384615384 0.7295673076923077 0.0625 0.057692307692307696
0 0.021634615384615384 0.7848557692307693 0.03365384615384615 0.040865384615384616
0 0.07932692307692307 0.7439903846153846 0.07451923076923077 0.0625
0 0.1466346153846154 0.71875 0.09134615384615384 0.057692307692307696
0 0.23197115384615385 0.7403846153846154 0.10096153846153846 0.040865384615384616
0 0.30288461538461536 0.7295673076923077 0.10576923076923077 0.07211538461538461
0 0.21754807692307693 0.6899038461538461 0.13942307692307693 0.0673076923076923
0 0.39302884615384615 0.6862980769230769 0.11538461538461539 0.08173076923076923
0 0.43028846153846156 0.7596153846153846 0.11538461538461539 0.0625
0 0.41225961538461536 0.8040865384615384 0.09134615384615384 0.03365384615384615
0 0.5 0.7067307692307693 0.09615384615384616 0.07211538461538461
0 0.5348557692307693 0.7572115384615384 0.12259615384615384 0.0673076923076923
0 0.609375 0.7295673076923077 0.12259615384615384 0.057692307692307696
0 0.6971153846153846 0.6850961538461539 0.10576923076923077 0.07211538461538461
0 0.7548076923076923 0.6983173076923077 0.08653846153846154 0.06009615384615385
0 0.8004807692307693 0.7307692307692307 0.07932692307692307 0.07451923076923077
0 0.875 0.6983173076923077 0.06971153846153846 0.05048076923076923
0 0.9038461538461539 0.6454326923076923 0.07451923076923077 0.0673076923076923
0 0.9014423076923077 0.5949519230769231 0.06971153846153846 0.04807692307692308
0 0.8329326923076923 0.6454326923076923 0.07932692307692307 0.08173076923076923
0 0.7980769230769231 0.7019230769230769 0.04326923076923077 0.02403846153846154
0 0.7896634615384616 0.6189903846153846 0.11057692307692307 0.1201923076923077
0 0.6778846153846154 0.6105769230769231 0.15384615384615385 0.08653846153846154
0 0.5829326923076923 0.6682692307692307 0.11057692307692307 0.08173076923076923
0 0.5372596153846154 0.6153846153846154 0.11538461538461539 0.08173076923076923
0 0.484375 0.6526442307692307 0.0625 0.038461538461538464
0 0.43028846153846156 0.59375 0.14903846153846154 0.10576923076923077
0 0.33533653846153844 0.6514423076923077 0.11538461538461539 0.07211538461538461
0 0.4014423076923077 0.6899038461538461 0.10096153846153846 0.08173076923076923
0 0.25240384615384615 0.6021634615384616 0.20673076923076922 0.12259615384615384
0 0.1201923076923077 0.6322115384615384 0.15384615384615385 0.08653846153846154
0 0.055288461538461536 0.6814903846153846 0.10096153846153846 0.06490384615384616
0 0.03485576923076923 0.6021634615384616 0.057692307692307696 0.10096153846153846
0 0.09615384615384616 0.5516826923076923 0.11538461538461539 0.08173076923076923
0 0.15745192307692307 0.4735576923076923 0.16346153846153846 0.12740384615384615
0 0.03245192307692308 0.5204326923076923 0.052884615384615384 0.057692307692307696
0 0.2548076923076923 0.5276442307692307 0.11538461538461539 0.04807692307692308
0 0.3701923076923077 0.5348557692307693 0.12259615384615384 0.0625
0 0.5420673076923077 0.5396634615384616 0.14903846153846154 0.10817307692307693
0 0.6358173076923077 0.5432692307692307 0.09134615384615384 0.08653846153846154
0 0.6971153846153846 0.546875 0.052884615384615384 0.057692307692307696
0 0.7451923076923077 0.546875 0.052884615384615384 0.04807692307692308
0 0.8161057692307693 0.5685096153846154 0.10096153846153846 0.07692307692307693
0 0.8858173076923077 0.5480769230769231 0.057692307692307696 0.038461538461538464
0 0.9014423076923077 0.5168269230769231 0.04807692307692308 0.040865384615384616
0 0.9362980769230769 0.4699519230769231 0.052884615384615384 0.052884615384615384
0 0.9362980769230769 0.40865384615384615 0.08653846153846154 0.0625
0 0.9206730769230769 0.3605769230769231 0.08653846153846154 0.057692307692307696
0 0.9014423076923077 0.3269230769230769 0.038461538461538464 0.04807692307692308
0 0.8798076923076923 0.27283653846153844 0.09134615384615384 0.0673076923076923
0 0.8425480769230769 0.3173076923076923 0.07932692307692307 0.07451923076923077
0 0.7824519230769231 0.28365384615384615 0.07451923076923077 0.0673076923076923
0 0.8112980769230769 0.23076923076923078 0.07932692307692307 0.07451923076923077
0 0.7764423076923077 0.17668269230769232 0.03365384615384615 0.04807692307692308
0 0.7319711538461539 0.14182692307692307 0.04807692307692308 0.06009615384615385
0 0.7319711538461539 0.2127403846153846 0.06971153846153846 0.11057692307692307
0 0.6538461538461539 0.16466346153846154 0.12740384615384615 0.0673076923076923
0 0.6382211538461539 0.21875 0.09615384615384616 0.040865384615384616
0 0.6514423076923077 0.11778846153846154 0.06971153846153846 0.03365384615384615
0 0.5697115384615384 0.06490384615384616 0.10576923076923077 0.07211538461538461
0 0.5420673076923077 0.12259615384615384 0.12740384615384615 0.09615384615384616
0 0.5396634615384616 0.203125 0.11057692307692307 0.07692307692307693
0 0.4651442307692308 0.039663461538461536 0.11057692307692307 0.07692307692307693
0 0.44711538461538464 0.10817307692307693 0.07451923076923077 0.07451923076923077
0 0.46274038461538464 0.17307692307692307 0.0625 0.04807692307692308
0 0.44711538461538464 0.23076923076923078 0.12740384615384615 0.09134615384615384
0 0.3701923076923077 0.14182692307692307 0.15384615384615385 0.09615384615384616
0 0.37259615384615385 0.08413461538461539 0.10576923076923077 0.057692307692307696
0 0.3641826923076923 0.03125 0.11298076923076923 0.057692307692307696
0 0.2644230769230769 0.03365384615384615 0.10576923076923077 0.0625
0 0.2608173076923077 0.08774038461538461 0.11538461538461539 0.10096153846153846
0 0.27884615384615385 0.16947115384615385 0.12259615384615384 0.07692307692307693
0 0.3004807692307692 0.22596153846153846 0.1346153846153846 0.10096153846153846
0 0.37740384615384615 0.25721153846153844 0.11538461538461539 0.10576923076923077
0 0.4362980769230769 0.31850961538461536 0.07451923076923077 0.057692307692307696
0 0.3112980769230769 0.33533653846153844 0.10096153846153846 0.0673076923076923
0 0.21754807692307693 0.31009615384615385 0.13942307692307693 0.10576923076923077
0 0.12259615384615384 0.3269230769230769 0.10576923076923077 0.10096153846153846
0 0.04567307692307692 0.3233173076923077 0.07932692307692307 0.057692307692307696
0 0.07211538461538461 0.3942307692307692 0.11057692307692307 0.08653846153846154
0 0.05048076923076923 0.4519230769230769 0.09134615384615384 0.10576923076923077
0 0.20793269230769232 0.4098557692307692 0.15865384615384615 0.09134615384615384
0 0.30288461538461536 0.45552884615384615 0.13942307692307693 0.11057692307692307
0 0.042067307692307696 0.25240384615384615 0.07451923076923077 0.08653846153846154
0 0.10336538461538461 0.25600961538461536 0.09134615384615384 0.0625
0 0.18028846153846154 0.23918269230769232 0.10576923076923077 0.06009615384615385
0 0.15144230769230768 0.1814903846153846 0.14423076923076922 0.10096153846153846
0 0.05889423076923077 0.15504807692307693 0.10576923076923077 0.07211538461538461
0 0.06129807692307692 0.15625 0.10096153846153846 0.11057692307692307
0 0.15985576923076922 0.0985576923076923 0.13942307692307693 0.08653846153846154
0 0.06610576923076923 0.06370192307692307 0.12259615384615384 0.08173076923076923
0 0.15384615384615385 0.040865384615384616 0.08653846153846154 0.04326923076923077
0 0.36658653846153844 0.3954326923076923 0.14903846153846154 0.10576923076923077
0 0.4543269230769231 0.47716346153846156 0.15384615384615385 0.09615384615384616
0 0.6033653846153846 0.4387019230769231 0.16346153846153846 0.11538461538461539
0 0.5 0.3786057692307692 0.14903846153846154 0.11538461538461539
0 0.5348557692307693 0.3076923076923077 0.17548076923076922 0.11538461538461539
0 0.6358173076923077 0.25961538461538464 0.15384615384615385 0.10096153846153846
0 0.6862980769230769 0.3605769230769231 0.15865384615384615 0.11538461538461539
0 0.7896634615384616 0.3449519230769231 0.06971153846153846 0.026442307692307692
0 0.7920673076923077 0.4026442307692308 0.12740384615384615 0.10576923076923077
0 0.7415865384615384 0.4855769230769231 0.1346153846153846 0.09615384615384616
0 0.8725961538461539 0.4567307692307692 0.0625 0.040865384615384616
0 0.8353365384615384 0.4963942307692308 0.09615384615384616 0.09134615384615384
0 0.875 0.4026442307692308 0.057692307692307696 0.06009615384615385