0 0.23677884615384615 0.640625 0.1971153846153846 0.18509615384615385
0 0.16346153846153846 0.4735576923076923 0.18028846153846154 0.18269230769230768
0 0.3389423076923077 0.3701923076923077 0.22596153846153846 0.20673076923076922
0 0.28125 0.5240384615384616 0.11057692307692307 0.09134615384615384
0 0.4326923076923077 0.5492788461538461 0.19230769230769232 0.2283653846153846
0 0.5252403846153846 0.49399038461538464 0.1658653846153846 0.18509615384615385
0 0.5829326923076923 0.6875 0.22596153846153846 0.22115384615384615
0 0.8269230769230769 0.6442307692307693 0.22596153846153846 0.19471153846153846
0 0.6887019230769231 0.5 0.14423076923076922 0.15384615384615385
0 0.6478365384615384 0.3942307692307692 0.20673076923076922 0.20192307692307693
0 0.8064903846153846 0.3233173076923077 0.20192307692307693 0.16346153846153846
0 0.8365384615384616 0.4891826923076923 0.17067307692307693 0.1778846153846154
0 0.9290865384615384 0.44471153846153844 0.13701923076923078 0.22596153846153846