0 0.21875 0.9086538461538461 0.21875 0.17548076923076922
0 0.39903846153846156 0.9098557692307693 0.2764423076923077 0.17307692307692307
0 0.6742788461538461 0.8473557692307693 0.3798076923076923 0.2980769230769231
0 0.8257211538461539 0.9423076923076923 0.3076923076923077 0.10817307692307693
0 0.8725961538461539 0.828125 0.20192307692307693 0.16826923076923078
0 0.9387019230769231 0.9290865384615384 0.11778846153846154 0.13701923076923078
0 0.8774038461538461 0.6550480769230769 0.22355769230769232 0.20192307692307693
0 0.6141826923076923 0.5913461538461539 0.30288461538461536 0.13701923076923078
0 0.5024038461538461 0.7019230769230769 0.3389423076923077 0.27403846153846156
0 0.24759615384615385 0.6430288461538461 0.2860576923076923 0.3076923076923077
0 0.17427884615384615 0.7536057692307693 0.13942307692307693 0.1658653846153846
0 0.234375 0.6598557692307693 0.25961538461538464 0.4423076923076923
0 0.2860576923076923 0.5072115384615384 0.1971153846153846 0.12980769230769232
0 0.515625 0.484375 0.5528846153846154 0.23076923076923078
0 0.6274038461538461 0.5853365384615384 0.3173076923076923 0.16346153846153846
0 0.8329326923076923 0.4543269230769231 0.3317307692307692 0.25240384615384615
0 0.9651442307692307 0.5973557692307693 0.06490384615384616 0.04567307692307692
0 0.49278846153846156 0.11177884615384616 0.35096153846153844 0.21875
0 0.23918269230769232 0.1622596153846154 0.2692307692307692 0.2548076923076923
0 0.24278846153846154 0.21875 0.28846153846153844 0.4326923076923077
0 0.4266826923076923 0.5264423076923077 0.07211538461538461 0.09134615384615384
0 0.15384615384615385 0.4579326923076923 0.1201923076923077 0.08413461538461539
0 0.421875 0.3016826923076923 0.21875 0.15384615384615385
0 0.5108173076923077 0.31850961538461536 0.1875 0.08173076923076923
0 0.6550480769230769 0.18269230769230768 0.25721153846153844 0.3605769230769231
0 0.8954326923076923 0.29927884615384615 0.20673076923076922 0.15625
0 0.8810096153846154 0.3605769230769231 0.23317307692307693 0.10576923076923077
0 0.7548076923076923 0.18870192307692307 0.10576923076923077 0.1875
0 0.7956730769230769 0.07572115384615384 0.15384615384615385 0.1466346153846154
0 0.8725961538461539 0.16466346153846154 0.13942307692307693 0.11538461538461539
0 0.9675480769230769 0.15865384615384615 0.06009615384615385 0.0673076923076923
0 0.9206730769230769 0.06610576923076923 0.15384615384615385 0.12740384615384615