0 0.59375 0.7860576923076923 0.43990384615384615 0.4182692307692308
0 0.8233173076923077 0.9423076923076923 0.34615384615384615 0.10817307692307693
0 0.8473557692307693 0.6947115384615384 0.2980769230769231 0.46875
0 0.7632211538461539 0.25961538461538464 0.4639423076923077 0.5096153846153846
0 0.9543269230769231 0.33653846153846156 0.08173076923076923 0.39903846153846156
0 0.4495192307692308 0.3112980769230769 0.5456730769230769 0.53125
0 0.25841346153846156 0.6850961538461539 0.4206730769230769 0.41346153846153844
0 0.24879807692307693 0.9206730769230769 0.47836538461538464 0.14903846153846154
0 0.11298076923076923 0.6971153846153846 0.22596153846153846 0.3076923076923077
0 0.12860576923076922 0.3269230769230769 0.25240384615384615 0.4567307692307692
0 0.17668269230769232 0.07211538461538461 0.3485576923076923 0.14423076923076922
0 0.5721153846153846 0.04326923076923077 0.5408653846153846 0.08653846153846154