0 0.4206730769230769 0.4963942307692308 0.75 0.9927884615384616
0 0.4266826923076923 0.6550480769230769 0.37259615384615385 0.6346153846153846
0 0.4254807692307692 0.1622596153846154 0.1778846153846154 0.32211538461538464
0 0.42788461538461536 0.29447115384615385 0.28846153846153844 0.25961538461538464
0 0.7560096153846154 0.5324519230769231 0.057692307692307696 0.17307692307692307
0 0.6971153846153846 0.7584134615384616 0.057692307692307696 0.10817307692307693
0 0.7740384615384616 0.8161057692307693 0.07211538461538461 0.18028846153846154
0 0.8088942307692307 0.5829326923076923 0.038461538461538464 0.12980769230769232
0 0.8233173076923077 0.24879807692307693 0.11057692307692307 0.3076923076923077
0 0.8942307692307693 0.036057692307692304 0.12980769230769232 0.07211538461538461
0 0.05889423076923077 0.2692307692307692 0.0625 0.07932692307692307
0 0.020432692307692308 0.10096153846153846 0.040865384615384616 0.20192307692307693
0 0.45072115384615385 0.8161057692307693 0.13221153846153846 0.2932692307692308
0 0.5576923076923077 0.7055288461538461 0.07692307692307693 0.1875
0 0.5841346153846154 0.5144230769230769 0.057692307692307696 0.2644230769230769
0 0.5432692307692307 0.42788461538461536 0.04807692307692308 0.10817307692307693
0 0.5180288461538461 0.5396634615384616 0.09134615384615384 0.12980769230769232
0 0.47836538461538464 0.43149038461538464 0.055288461538461536 0.08653846153846154
0 0.45072115384615385 0.546875 0.0673076923076923 0.1875
0 0.3870192307692308 0.4026442307692308 0.07692307692307693 0.17307692307692307
0 0.359375 0.5540865384615384 0.10096153846153846 0.3173076923076923
0 0.3125 0.6514423076923077 0.13942307692307693 0.35096153846153844
0 0.41346153846153844 0.18028846153846154 0.10096153846153846 0.27403846153846156
0 0.47596153846153844 0.0829326923076923 0.08653846153846154 0.1658653846153846
0 0.49399038461538464 0.3125 0.12740384615384615 0.27884615384615385
0 0.34975961538461536 0.2548076923076923 0.08173076923076923 0.1658653846153846