0 0.12620192307692307 0.6201923076923077 0.24278846153846154 0.30528846153846156
0 0.8713942307692307 0.14903846153846154 0.23557692307692307 0.25
0 0.8245192307692307 0.5805288461538461 0.28846153846153844 0.28365384615384615
0 0.8221153846153846 0.36899038461538464 0.23076923076923078 0.17307692307692307
0 0.49278846153846156 0.6177884615384616 0.28365384615384615 0.19230769230769232
0 0.46875 0.42908653846153844 0.22596153846153846 0.21634615384615385
0 0.6466346153846154 0.8401442307692307 0.23076923076923078 0.3125
0 0.46634615384615385 0.8353365384615384 0.18028846153846154 0.3125
0 0.28725961538461536 0.9314903846153846 0.14182692307692307 0.13221153846153846
0 0.31490384615384615 0.7764423076923077 0.14423076923076922 0.16826923076923078
0 0.31971153846153844 0.2644230769230769 0.16346153846153846 0.28846153846153844
0 0.09495192307692307 0.41466346153846156 0.18028846153846154 0.10576923076923077
0 0.13942307692307693 0.23918269230769232 0.2692307692307692 0.27884615384615385
0 0.03125 0.20793269230769232 0.052884615384615384 0.08653846153846154
5 0.8641826923076923 0.14543269230769232 0.2668269230769231 0.2860576923076923
5 0.6057692307692307 0.15865384615384615 0.28365384615384615 0.3076923076923077
5 0.5516826923076923 0.4831730769230769 0.4519230769230769 0.46153846153846156
5 0.8185096153846154 0.4735576923076923 0.3581730769230769 0.5144230769230769
5 0.8798076923076923 0.8617788461538461 0.17307692307692307 0.27163461538461536
5 0.640625 0.8185096153846154 0.30528846153846156 0.3581730769230769
5 0.45072115384615385 0.8161057692307693 0.27403846153846156 0.36538461538461536
5 0.29927884615384615 0.8269230769230769 0.19951923076923078 0.34134615384615385
5 0.234375 0.2776442307692308 0.45913461538461536 0.4951923076923077
5 0.05889423076923077 0.8629807692307693 0.11298076923076923 0.2692307692307692