0 0.33774038461538464 0.7548076923076923 0.28846153846153844 0.3870192307692308
0 0.4735576923076923 0.9507211538461539 0.1346153846153846 0.08653846153846154
0 0.625 0.8918269230769231 0.13942307692307693 0.20673076923076922
0 0.6153846153846154 0.7271634615384616 0.10576923076923077 0.11298076923076923
0 0.5384615384615384 0.7067307692307693 0.07211538461538461 0.11298076923076923
0 0.5192307692307693 0.8088942307692307 0.08173076923076923 0.17548076923076922
0 0.5865384615384616 0.48197115384615385 0.2692307692307692 0.33653846153846156
0 0.7259615384615384 0.47716346153846156 0.03125 0.04807692307692308
0 0.7475961538461539 0.6033653846153846 0.026442307692307692 0.03125
0 0.7067307692307693 0.6310096153846154 0.03125 0.057692307692307696
0 0.7127403846153846 0.7475961538461539 0.026442307692307692 0.03125
0 0.7319711538461539 0.7932692307692307 0.026442307692307692 0.03125
0 0.7007211538461539 0.9278846153846154 0.019230769230769232 0.019230769230769232
0 0.9807692307692307 0.9639423076923077 0.03125 0.0625
0 0.9110576923076923 0.6850961538461539 0.038461538461538464 0.040865384615384616
0 0.8725961538461539 0.6237980769230769 0.03125 0.040865384615384616
0 0.8221153846153846 0.75 0.03125 0.036057692307692304
0 0.8305288461538461 0.6394230769230769 0.03125 0.040865384615384616
0 0.8353365384615384 0.5949519230769231 0.03365384615384615 0.04807692307692308
0 0.8341346153846154 0.546875 0.03125 0.040865384615384616
0 0.859375 0.5432692307692307 0.026442307692307692 0.036057692307692304
0 0.8377403846153846 0.4567307692307692 0.02403846153846154 0.04807692307692308
0 0.8497596153846154 0.3245192307692308 0.03125 0.040865384615384616
0 0.9314903846153846 0.026442307692307692 0.040865384615384616 0.052884615384615384
0 0.7764423076923077 0.234375 0.2548076923076923 0.46875
0 0.53125 0.29086538461538464 0.14423076923076922 0.15865384615384615
0 0.5252403846153846 0.12379807692307693 0.4182692307692308 0.24759615384615385
0 0.3701923076923077 0.3016826923076923 0.3245192307692308 0.45913461538461536
0 0.22235576923076922 0.1778846153846154 0.28365384615384615 0.3557692307692308
0 0.16466346153846154 0.5204326923076923 0.30528846153846156 0.3701923076923077
0 0.09615384615384616 0.796875 0.10096153846153846 0.23076923076923078
0 0.09615384615384616 0.8581730769230769 0.1466346153846154 0.27403846153846156
0 0.23317307692307693 0.8966346153846154 0.18269230769230768 0.1971153846153846
0 0.18389423076923078 0.7572115384615384 0.0889423076923077 0.08413461538461539
0 0.025240384615384616 0.578125 0.04567307692307692 0.40625
0 0.08052884615384616 0.19110576923076922 0.10817307692307693 0.35096153846153844