0 0.5721153846153846 0.9362980769230769 0.15384615384615385 0.11057692307692307
0 0.453125 0.8725961538461539 0.15384615384615385 0.09134615384615384
0 0.5360576923076923 0.8064903846153846 0.09375 0.06971153846153846
0 0.484375 0.8569711538461539 0.11298076923076923 0.0625
0 0.6442307692307693 0.8497596153846154 0.15384615384615385 0.125
0 0.6105769230769231 0.7872596153846154 0.08653846153846154 0.04807692307692308
0 0.5384615384615384 0.7451923076923077 0.07692307692307693 0.04807692307692308
0 0.4206730769230769 0.7716346153846154 0.14903846153846154 0.125
0 0.33774038461538464 0.7836538461538461 0.0889423076923077 0.10096153846153846
0 0.3425480769230769 0.6887019230769231 0.15865384615384615 0.0889423076923077
0 0.3473557692307692 0.6370192307692307 0.14903846153846154 0.11538461538461539
0 0.48677884615384615 0.6875 0.15865384615384615 0.11538461538461539
0 0.6346153846153846 0.7175480769230769 0.14423076923076922 0.09134615384615384
0 0.6826923076923077 0.7199519230769231 0.09615384615384616 0.0889423076923077
0 0.7067307692307693 0.6177884615384616 0.1346153846153846 0.10817307692307693
0 0.5973557692307693 0.6298076923076923 0.14423076923076922 0.08653846153846154
0 0.484375 0.5757211538461539 0.14423076923076922 0.10817307692307693
0 0.3713942307692308 0.5420673076923077 0.08173076923076923 0.07211538461538461
0 0.30649038461538464 0.5504807692307693 0.057692307692307696 0.07211538461538461
0 0.6033653846153846 0.5709134615384616 0.10336538461538461 0.04807692307692308
0 0.6826923076923077 0.515625 0.12980769230769232 0.0889423076923077
0 0.5721153846153846 0.49038461538461536 0.15384615384615385 0.125
0 0.4050480769230769 0.46153846153846156 0.18028846153846154 0.12740384615384615
0 0.30408653846153844 0.4266826923076923 0.08173076923076923 0.09615384615384616
0 0.3737980769230769 0.35697115384615385 0.12980769230769232 0.0889423076923077
0 0.2608173076923077 0.33774038461538464 0.1201923076923077 0.09615384615384616
0 0.25721153846153844 0.2704326923076923 0.0625 0.0625
0 0.2608173076923077 0.24158653846153846 0.0673076923076923 0.057692307692307696
0 0.30408653846153844 0.18389423076923078 0.14423076923076922 0.11057692307692307
0 0.41466346153846156 0.17548076923076922 0.0985576923076923 0.1201923076923077
0 0.5228365384615384 0.16466346153846154 0.14903846153846154 0.09615384615384616
0 0.5432692307692307 0.11538461538461539 0.13942307692307693 0.10096153846153846
0 0.7007211538461539 0.10216346153846154 0.14423076923076922 0.11057692307692307
0 0.7704326923076923 0.20072115384615385 0.15865384615384615 0.11538461538461539
0 0.8509615384615384 0.2283653846153846 0.125 0.10096153846153846
0 0.7752403846153846 0.3112980769230769 0.13942307692307693 0.09615384615384616
0 0.7247596153846154 0.41947115384615385 0.13942307692307693 0.10576923076923077
0 0.7680288461538461 0.49399038461538464 0.09134615384615384 0.07692307692307693
0 0.6237980769230769 0.38221153846153844 0.1346153846153846 0.10096153846153846
0 0.4951923076923077 0.3858173076923077 0.1346153846153846 0.10096153846153846
0 0.515625 0.27163461538461536 0.1658653846153846 0.12740384615384615
0 0.3605769230769231 0.26802884615384615 0.14423076923076922 0.1201923076923077
0 0.6670673076923077 0.2932692307692308 0.14903846153846154 0.10817307692307693
0 0.5360576923076923 0.040865384615384616 0.125 0.08173076923076923
0 0.45913461538461536 0.03125 0.0625 0.0625
0 0.7055288461538461 0.030048076923076924 0.13701923076923078 0.055288461538461536
0 0.6237980769230769 0.06610576923076923 0.040865384615384616 0.06971153846153846
0 0.8088942307692307 0.0733173076923077 0.0625 0.07692307692307693
0 0.8461538461538461 0.028846153846153848 0.14423076923076922 0.052884615384615384
0 0.8149038461538461 0.12740384615384615 0.07211538461538461 0.04807692307692308
0 0.9723557692307693 0.20192307692307693 0.05048076923076923 0.0673076923076923
0 0.9326923076923077 0.21995192307692307 0.0625 0.0625
0 0.9723557692307693 0.27283653846153844 0.05048076923076923 0.07451923076923077
0 0.9795673076923077 0.31850961538461536 0.03125 0.04326923076923077