0 0.7704326923076923 0.27524038461538464 0.40865384615384615 0.3125
0 0.18269230769230768 0.21394230769230768 0.36538461538461536 0.18028846153846154
0 0.18269230769230768 0.125 0.36538461538461536 0.16826923076923078
0 0.22235576923076922 0.5540865384615384 0.11538461538461539 0.09134615384615384
0 0.23317307692307693 0.4567307692307692 0.11538461538461539 0.08173076923076923
0 0.17668269230769232 0.4098557692307692 0.10096153846153846 0.08653846153846154
0 0.12980769230769232 0.37259615384615385 0.09134615384615384 0.07211538461538461
0 0.08173076923076923 0.39663461538461536 0.07932692307692307 0.0673076923076923
0 0.07692307692307693 0.46274038461538464 0.11057692307692307 0.07692307692307693
0 0.03125 0.4891826923076923 0.052884615384615384 0.057692307692307696
0 0.09735576923076923 0.5276442307692307 0.0673076923076923 0.052884615384615384
0 0.1502403846153846 0.5 0.07932692307692307 0.07211538461538461
0 0.19831730769230768 0.7752403846153846 0.39663461538461536 0.3076923076923077
0 0.7295673076923077 0.7548076923076923 0.5288461538461539 0.3798076923076923
0 0.8545673076923077 0.5192307692307693 0.2692307692307692 0.19230769230769232
0 0.6033653846153846 0.5096153846153846 0.2548076923076923 0.1875
0 0.4050480769230769 0.38221153846153844 0.22596153846153846 0.22596153846153846
0 0.4230769230769231 0.41586538461538464 0.10576923076923077 0.12740384615384615
0 0.484375 0.4098557692307692 0.22596153846153846 0.28846153846153844
0 0.5444711538461539 0.4639423076923077 0.18028846153846154 0.23076923076923078
0 0.6033653846153846 0.5 0.13701923076923078 0.22115384615384615