0 0.7800480769230769 0.9807692307692307 0.3798076923076923 0.03365384615384615
0 0.9459134615384616 0.921875 0.09375 0.15144230769230768
0 0.7019230769230769 0.8870192307692307 0.40865384615384615 0.16105769230769232
0 0.4206730769230769 0.9459134615384616 0.32211538461538464 0.10336538461538461
0 0.4567307692307692 0.8882211538461539 0.07932692307692307 0.036057692307692304
0 0.05048076923076923 0.9242788461538461 0.10096153846153846 0.1466346153846154
0 0.3161057692307692 0.8269230769230769 0.3317307692307692 0.13942307692307693
0 0.5540865384615384 0.7824519230769231 0.3173076923076923 0.13221153846153846
0 0.8377403846153846 0.7728365384615384 0.3076923076923077 0.14182692307692307
0 0.7980769230769231 0.6754807692307693 0.28846153846153844 0.10096153846153846
0 0.5036057692307693 0.7139423076923077 0.28846153846153844 0.11057692307692307
0 0.24519230769230768 0.6730769230769231 0.3317307692307692 0.1466346153846154
0 0.453125 0.59375 0.30288461538461536 0.1201923076923077
0 0.6947115384615384 0.6262019230769231 0.22355769230769232 0.10096153846153846
0 0.18389423076923078 0.5757211538461539 0.25 0.11057692307692307
0 0.3737980769230769 0.5228365384615384 0.1875 0.04807692307692308
0 0.5973557692307693 0.546875 0.17307692307692307 0.0625
0 0.28725961538461536 0.49278846153846156 0.47596153846153844 0.17067307692307693
0 0.4855769230769231 0.47475961538461536 0.1658653846153846 0.07451923076923077
0 0.265625 0.44591346153846156 0.40384615384615385 0.19230769230769232
0 0.22716346153846154 0.39783653846153844 0.3942307692307692 0.1778846153846154
0 0.19471153846153846 0.35216346153846156 0.34615384615384615 0.1778846153846154
0 0.036057692307692304 0.16346153846153846 0.07211538461538461 0.22355769230769232
0 0.09014423076923077 0.22355769230769232 0.10817307692307693 0.24278846153846154
0 0.17307692307692307 0.23557692307692307 0.07211538461538461 0.16826923076923078
0 0.234375 0.2536057692307692 0.05048076923076923 0.07211538461538461
0 0.1622596153846154 0.03485576923076923 0.10817307692307693 0.0673076923076923
0 0.2548076923076923 0.028846153846153848 0.09375 0.040865384615384616
0 0.31971153846153844 0.03125 0.07932692307692307 0.036057692307692304
0 0.3161057692307692 0.0673076923076923 0.23076923076923078 0.040865384615384616
0 0.3701923076923077 0.09735576923076923 0.27884615384615385 0.028846153846153848
0 0.3918269230769231 0.13581730769230768 0.22355769230769232 0.036057692307692304
0 0.38461538461538464 0.16706730769230768 0.12259615384615384 0.036057692307692304
0 0.5612980769230769 0.13942307692307693 0.20192307692307693 0.0625
0 0.47475961538461536 0.18629807692307693 0.21634615384615385 0.036057692307692304
0 0.5396634615384616 0.2091346153846154 0.1875 0.04807692307692308
0 0.5216346153846154 0.2512019230769231 0.13701923076923078 0.04326923076923077
0 0.6298076923076923 0.3016826923076923 0.18028846153846154 0.09615384615384616
0 0.765625 0.28365384615384615 0.18028846153846154 0.11538461538461539
0 0.6802884615384616 0.19951923076923078 0.2091346153846154 0.08653846153846154
0 0.7692307692307693 0.3870192307692308 0.17307692307692307 0.07932692307692307
0 0.8918269230769231 0.36899038461538464 0.1875 0.08653846153846154
0 0.9134615384615384 0.3137019230769231 0.15865384615384615 0.11057692307692307
0 0.9495192307692307 0.41586538461538464 0.08653846153846154 0.03365384615384615
0 0.8629807692307693 0.44350961538461536 0.11538461538461539 0.04807692307692308
0 0.9459134615384616 0.49038461538461536 0.09375 0.06009615384615385
0 0.7307692307692307 0.08413461538461539 0.12259615384615384 0.0673076923076923
0 0.6262019230769231 0.04807692307692308 0.1875 0.0673076923076923
0 0.7872596153846154 0.025240384615384616 0.18028846153846154 0.04807692307692308
0 0.859375 0.05889423076923077 0.1658653846153846 0.0673076923076923
0 0.9326923076923077 0.019230769230769232 0.125 0.03365384615384615
0 0.6730769230769231 0.010817307692307692 0.0673076923076923 0.016826923076923076
0 0.5829326923076923 0.015625 0.08653846153846154 0.028846153846153848
0 0.8918269230769231 0.1346153846153846 0.20192307692307693 0.10576923076923077
0 0.9567307692307693 0.19831730769230768 0.07211538461538461 0.08173076923076923
0 0.8485576923076923 0.08533653846153846 0.28846153846153844 0.11057692307692307