0 0.8870192307692307 0.32091346153846156 0.21634615384615385 0.6346153846153846
0 0.8617788461538461 0.7740384615384616 0.25721153846153844 0.44711538461538464
0 0.9387019230769231 0.9074519230769231 0.11778846153846154 0.18028846153846154
0 0.7319711538461539 0.5600961538461539 0.3605769230769231 0.7115384615384616
0 0.7295673076923077 0.11177884615384616 0.25240384615384615 0.21634615384615385
0 0.5793269230769231 0.19831730769230768 0.3870192307692308 0.3894230769230769
0 0.6394230769230769 0.30288461538461536 0.2692307692307692 0.38221153846153844
0 0.5204326923076923 0.33052884615384615 0.1346153846153846 0.17307692307692307
0 0.3605769230769231 0.30528846153846156 0.21634615384615385 0.18509615384615385
0 0.1466346153846154 0.328125 0.21153846153846154 0.10096153846153846
0 0.24278846153846154 0.171875 0.4855769230769231 0.32211538461538464
0 0.11899038461538461 0.07932692307692307 0.23557692307692307 0.14903846153846154
0 0.027644230769230768 0.30288461538461536 0.05048076923076923 0.10096153846153846
0 0.046875 0.3858173076923077 0.09134615384615384 0.07692307692307693
0 0.17307692307692307 0.42908653846153844 0.23076923076923078 0.10817307692307693
0 0.028846153846153848 0.4735576923076923 0.057692307692307696 0.0889423076923077
0 0.2536057692307692 0.5060096153846154 0.5024038461538461 0.23317307692307693
0 0.2127403846153846 0.6502403846153846 0.4206730769230769 0.21875
0 0.3942307692307692 0.6598557692307693 0.5625 0.27884615384615385
0 0.5432692307692307 0.5228365384615384 0.3557692307692308 0.25961538461538464
0 0.42788461538461536 0.7800480769230769 0.2980769230769231 0.125
0 0.9146634615384616 0.4735576923076923 0.08653846153846154 0.25961538461538464
0 0.7115384615384616 0.9507211538461539 0.10576923076923077 0.09375
0 0.5697115384615384 0.9423076923076923 0.18269230769230768 0.11057692307692307
0 0.4254807692307692 0.8786057692307693 0.3173076923076923 0.23798076923076922
0 0.18990384615384615 0.9314903846153846 0.25 0.13221153846153846
0 0.056490384615384616 0.9170673076923077 0.10817307692307693 0.16105769230769232
0 0.3629807692307692 0.8629807692307693 0.7211538461538461 0.2692307692307692
0 0.5 0.5 0.9951923076923077 0.9951923076923077