0 0.7692307692307693 0.4266826923076923 0.4567307692307692 0.44471153846153844
0 0.6442307692307693 0.5420673076923077 0.3076923076923077 0.5384615384615384
0 0.5072115384615384 0.5985576923076923 0.09615384615384616 0.16826923076923078
0 0.41466346153846156 0.4483173076923077 0.21153846153846154 0.5096153846153846
0 0.2932692307692308 0.41466346153846156 0.125 0.32211538461538464
0 0.23677884615384615 0.5480769230769231 0.17548076923076922 0.3245192307692308
4 0.8617788461538461 0.8569711538461539 0.27163461538461536 0.2860576923076923
4 0.8882211538461539 0.6274038461538461 0.21875 0.16826923076923078
4 0.828125 0.3473557692307692 0.3389423076923077 0.34375
4 0.6225961538461539 0.10216346153846154 0.75 0.19951923076923078
4 0.3605769230769231 0.21394230769230768 0.2692307692307692 0.07211538461538461
4 0.1622596153846154 0.5793269230769231 0.17067307692307693 0.3798076923076923
4 0.17548076923076922 0.33413461538461536 0.1346153846153846 0.11057692307692307
4 0.35096153846153844 0.7331730769230769 0.2692307692307692 0.1466346153846154
4 0.40865384615384615 0.9014423076923077 0.8125 0.19230769230769232
4 0.53125 0.7391826923076923 0.15384615384615385 0.15865384615384615
4 0.8173076923076923 0.6526442307692307 0.10817307692307693 0.11538461538461539
4 0.7451923076923077 0.5697115384615384 0.07692307692307693 0.11057692307692307
4 0.07211538461538461 0.6117788461538461 0.1346153846153846 0.46634615384615385
4 0.20673076923076922 0.7824519230769231 0.14423076923076922 0.057692307692307696
4 0.25240384615384615 0.10216346153846154 0.3293269230769231 0.1971153846153846
4 0.15504807692307693 0.24158653846153846 0.17548076923076922 0.09615384615384616
4 0.11899038461538461 0.3088942307692308 0.16346153846153846 0.052884615384615384
4 0.06129807692307692 0.35697115384615385 0.09134615384615384 0.04326923076923077