0 0.7259615384615384 0.5024038461538461 0.2548076923076923 0.19471153846153846
0 0.8725961538461539 0.5036057692307693 0.04807692307692308 0.15865384615384615
0 0.7944711538461539 0.6646634615384616 0.20192307692307693 0.14423076923076922
0 0.6358173076923077 0.6947115384615384 0.20673076923076922 0.17548076923076922
0 0.49759615384615385 0.5036057692307693 0.24519230769230768 0.22115384615384615
0 0.36177884615384615 0.4675480769230769 0.13942307692307693 0.14903846153846154
0 0.375 0.609375 0.14423076923076922 0.1346153846153846
0 0.4423076923076923 0.7379807692307693 0.15625 0.1346153846153846
0 0.4795673076923077 0.640625 0.10576923076923077 0.08413461538461539
0 0.4110576923076923 0.8629807692307693 0.125 0.09134615384615384
0 0.28365384615384615 0.8509615384615384 0.11057692307692307 0.16826923076923078
0 0.3545673076923077 0.7403846153846154 0.11538461538461539 0.12259615384615384
0 0.25721153846153844 0.7764423076923077 0.0889423076923077 0.14182692307692307
0 0.23677884615384615 0.6105769230769231 0.12980769230769232 0.19230769230769232
0 0.1201923076923077 0.49399038461538464 0.15625 0.1346153846153846
0 0.10697115384615384 0.6370192307692307 0.16105769230769232 0.12259615384615384
0 0.1201923076923077 0.7175480769230769 0.1346153846153846 0.08413461538461539
0 0.06490384615384616 0.7620192307692307 0.0889423076923077 0.09615384615384616
0 0.028846153846153848 0.6911057692307693 0.057692307692307696 0.09134615384615384
0 0.15865384615384615 0.8798076923076923 0.11057692307692307 0.10336538461538461
0 0.7427884615384616 0.8497596153846154 0.2980769230769231 0.22596153846153846