0 0.7764423076923077 0.12139423076923077 0.12740384615384615 0.09375
0 0.9362980769230769 0.17307692307692307 0.11538461538461539 0.09375
0 0.8665865384615384 0.14903846153846154 0.08653846153846154 0.06009615384615385
0 0.8245192307692307 0.2127403846153846 0.13942307692307693 0.08173076923076923
0 0.6911057692307693 0.20673076923076922 0.12740384615384615 0.057692307692307696
0 0.6911057692307693 0.14543269230769232 0.11538461538461539 0.07451923076923077
0 0.6033653846153846 0.12860576923076922 0.10096153846153846 0.07692307692307693
0 0.5661057692307693 0.09134615384615384 0.06971153846153846 0.057692307692307696
0 0.5552884615384616 0.15865384615384615 0.10096153846153846 0.07692307692307693
0 0.4735576923076923 0.12860576923076922 0.10576923076923077 0.0625
0 0.48677884615384615 0.19230769230769232 0.10096153846153846 0.057692307692307696
0 0.37740384615384615 0.203125 0.11538461538461539 0.07211538461538461
0 0.34615384615384615 0.14182692307692307 0.11538461538461539 0.08173076923076923
0 0.26322115384615385 0.22596153846153846 0.10096153846153846 0.07692307692307693
0 0.3269230769230769 0.2608173076923077 0.06971153846153846 0.04326923076923077
0 0.9627403846153846 0.2704326923076923 0.0625 0.057692307692307696
0 0.9783653846153846 0.21514423076923078 0.03365384615384615 0.040865384615384616
0 0.9206730769230769 0.25600961538461536 0.07451923076923077 0.0625
0 0.8533653846153846 0.28125 0.09134615384615384 0.057692307692307696
0 0.7680288461538461 0.25961538461538464 0.10096153846153846 0.040865384615384616
0 0.6971153846153846 0.2704326923076923 0.10576923076923077 0.07211538461538461
0 0.7824519230769231 0.31009615384615385 0.13942307692307693 0.0673076923076923
0 0.6069711538461539 0.3137019230769231 0.11538461538461539 0.08173076923076923
0 0.5697115384615384 0.2403846153846154 0.11538461538461539 0.0625
0 0.5877403846153846 0.19591346153846154 0.09134615384615384 0.03365384615384615
0 0.5 0.2932692307692308 0.09615384615384616 0.07211538461538461
0 0.4651442307692308 0.24278846153846154 0.12259615384615384 0.0673076923076923
0 0.390625 0.2704326923076923 0.12259615384615384 0.057692307692307696
0 0.30288461538461536 0.31490384615384615 0.10576923076923077 0.07211538461538461
0 0.24519230769230768 0.3016826923076923 0.08653846153846154 0.06009615384615385
0 0.19951923076923078 0.2692307692307692 0.07932692307692307 0.07451923076923077
0 0.125 0.3016826923076923 0.06971153846153846 0.052884615384615384
0 0.09615384615384616 0.3545673076923077 0.07451923076923077 0.0673076923076923
0 0.0985576923076923 0.4050480769230769 0.06971153846153846 0.04807692307692308
0 0.16706730769230768 0.3545673076923077 0.07932692307692307 0.08173076923076923
0 0.20192307692307693 0.2980769230769231 0.04326923076923077 0.02403846153846154
0 0.21033653846153846 0.38100961538461536 0.11057692307692307 0.1201923076923077
0 0.32211538461538464 0.3894230769230769 0.15384615384615385 0.08653846153846154
0 0.4170673076923077 0.3317307692307692 0.11057692307692307 0.08173076923076923
0 0.46274038461538464 0.38461538461538464 0.11538461538461539 0.08173076923076923
0 0.515625 0.3473557692307692 0.0625 0.038461538461538464
0 0.5697115384615384 0.40625 0.14903846153846154 0.10576923076923077
0 0.6646634615384616 0.3485576923076923 0.11538461538461539 0.07211538461538461
0 0.5985576923076923 0.31009615384615385 0.10096153846153846 0.08173076923076923
0 0.7475961538461539 0.39783653846153844 0.20673076923076922 0.12259615384615384
0 0.8798076923076923 0.36778846153846156 0.15384615384615385 0.08653846153846154
0 0.9447115384615384 0.31850961538461536 0.10096153846153846 0.0625
0 0.9651442307692307 0.39783653846153844 0.057692307692307696 0.10096153846153846
0 0.9038461538461539 0.4483173076923077 0.11538461538461539 0.08173076923076923
0 0.8425480769230769 0.5264423076923077 0.16346153846153846 0.12740384615384615
0 0.9675480769230769 0.4795673076923077 0.052884615384615384 0.057692307692307696
0 0.7451923076923077 0.4723557692307692 0.11538461538461539 0.04807692307692308
0 0.6298076923076923 0.4651442307692308 0.12259615384615384 0.0625
0 0.4579326923076923 0.46033653846153844 0.14903846153846154 0.10817307692307693
0 0.3641826923076923 0.4567307692307692 0.09134615384615384 0.08653846153846154
0 0.30288461538461536 0.453125 0.052884615384615384 0.057692307692307696
0 0.2548076923076923 0.453125 0.052884615384615384 0.04807692307692308
0 0.18389423076923078 0.43149038461538464 0.10096153846153846 0.07692307692307693
0 0.1141826923076923 0.4519230769230769 0.057692307692307696 0.038461538461538464
0 0.0985576923076923 0.4831730769230769 0.04807692307692308 0.040865384615384616
0 0.06370192307692307 0.5300480769230769 0.052884615384615384 0.052884615384615384
0 0.06370192307692307 0.5913461538461539 0.08653846153846154 0.0625
0 0.07932692307692307 0.6394230769230769 0.08653846153846154 0.057692307692307696
0 0.0985576923076923 0.6730769230769231 0.038461538461538464 0.04807692307692308
0 0.1201923076923077 0.7271634615384616 0.09134615384615384 0.0673076923076923
0 0.15745192307692307 0.6826923076923077 0.07932692307692307 0.07451923076923077
0 0.21754807692307693 0.7163461538461539 0.07451923076923077 0.0673076923076923
0 0.18870192307692307 0.7692307692307693 0.07932692307692307 0.07451923076923077
0 0.22355769230769232 0.8233173076923077 0.03365384615384615 0.04807692307692308
0 0.26802884615384615 0.8581730769230769 0.04807692307692308 0.06009615384615385
0 0.26802884615384615 0.7872596153846154 0.06971153846153846 0.11057692307692307
0 0.34615384615384615 0.8353365384615384 0.12740384615384615 0.0673076923076923
0 0.36177884615384615 0.78125 0.09615384615384616 0.040865384615384616
0 0.3485576923076923 0.8822115384615384 0.06971153846153846 0.03365384615384615
0 0.43028846153846156 0.9350961538461539 0.10576923076923077 0.07211538461538461
0 0.4579326923076923 0.8774038461538461 0.12740384615384615 0.09615384615384616
0 0.46033653846153844 0.796875 0.11057692307692307 0.07692307692307693
0 0.5348557692307693 0.9603365384615384 0.11057692307692307 0.07692307692307693
0 0.5528846153846154 0.8918269230769231 0.07451923076923077 0.07451923076923077
0 0.5372596153846154 0.8269230769230769 0.0625 0.04807692307692308
0 0.5528846153846154 0.7692307692307693 0.12740384615384615 0.09134615384615384
0 0.6298076923076923 0.8581730769230769 0.15384615384615385 0.09615384615384616
0 0.6274038461538461 0.9158653846153846 0.10576923076923077 0.057692307692307696
0 0.6358173076923077 0.96875 0.11298076923076923 0.057692307692307696
0 0.7379807692307693 0.9663461538461539 0.10576923076923077 0.0625
0 0.7391826923076923 0.9122596153846154 0.11538461538461539 0.10096153846153846
0 0.7211538461538461 0.8305288461538461 0.12259615384615384 0.07932692307692307
0 0.6995192307692307 0.7740384615384616 0.1346153846153846 0.10096153846153846
0 0.6225961538461539 0.7427884615384616 0.11538461538461539 0.10576923076923077
0 0.5637019230769231 0.6814903846153846 0.07451923076923077 0.057692307692307696
0 0.6887019230769231 0.6646634615384616 0.10096153846153846 0.0673076923076923
0 0.7824519230769231 0.6899038461538461 0.13942307692307693 0.10576923076923077
0 0.8774038461538461 0.6730769230769231 0.10576923076923077 0.10096153846153846
0 0.9543269230769231 0.6766826923076923 0.07932692307692307 0.055288461538461536
0 0.9278846153846154 0.6057692307692307 0.11057692307692307 0.08653846153846154
0 0.9495192307692307 0.5480769230769231 0.09134615384615384 0.10576923076923077
0 0.7920673076923077 0.5901442307692307 0.15865384615384615 0.09134615384615384
0 0.6971153846153846 0.5444711538461539 0.13942307692307693 0.11057692307692307
0 0.9579326923076923 0.7475961538461539 0.07451923076923077 0.08653846153846154
0 0.8966346153846154 0.7439903846153846 0.09134615384615384 0.0625
0 0.8197115384615384 0.7608173076923077 0.10576923076923077 0.06009615384615385
0 0.8485576923076923 0.8185096153846154 0.14423076923076922 0.10096153846153846
0 0.9411057692307693 0.8449519230769231 0.10576923076923077 0.07211538461538461
0 0.9387019230769231 0.84375 0.10096153846153846 0.11298076923076923
0 0.8401442307692307 0.9014423076923077 0.13942307692307693 0.08653846153846154
0 0.9338942307692307 0.9362980769230769 0.12259615384615384 0.08173076923076923
0 0.8461538461538461 0.9591346153846154 0.08653846153846154 0.04567307692307692
0 0.6334134615384616 0.6045673076923077 0.14903846153846154 0.10576923076923077
0 0.5456730769230769 0.5228365384615384 0.15384615384615385 0.09615384615384616
0 0.39663461538461536 0.5612980769230769 0.16346153846153846 0.11538461538461539
0 0.5 0.6213942307692307 0.14903846153846154 0.11538461538461539
0 0.4651442307692308 0.6923076923076923 0.17548076923076922 0.11538461538461539
0 0.3641826923076923 0.7403846153846154 0.15384615384615385 0.10096153846153846
0 0.3137019230769231 0.6394230769230769 0.15865384615384615 0.11538461538461539
0 0.21033653846153846 0.6550480769230769 0.06971153846153846 0.026442307692307692
0 0.20793269230769232 0.5973557692307693 0.12740384615384615 0.10576923076923077
0 0.25841346153846156 0.5144230769230769 0.1346153846153846 0.09615384615384616
0 0.12740384615384615 0.5432692307692307 0.0625 0.040865384615384616
0 0.16466346153846154 0.5036057692307693 0.09615384615384616 0.09134615384615384
0 0.125 0.5973557692307693 0.057692307692307696 0.06009615384615385