0 0.8233173076923077 0.3737980769230769 0.35096153846153844 0.41346153846153844
0 0.8689903846153846 0.6778846153846154 0.25961538461538464 0.1971153846153846
0 0.7608173076923077 0.8449519230769231 0.22596153846153846 0.12259615384615384
0 0.71875 0.9338942307692307 0.1201923076923077 0.057692307692307696
0 0.6875 0.30408653846153844 0.18269230769230768 0.16826923076923078
0 0.5997596153846154 0.1502403846153846 0.2548076923076923 0.22355769230769232
0 0.28725961538461536 0.039663461538461536 0.4735576923076923 0.07451923076923077
0 0.14182692307692307 0.9375 0.15865384615384615 0.08413461538461539
0 0.21033653846153846 0.4723557692307692 0.40865384615384615 0.8269230769230769
0 0.49759615384615385 0.5384615384615384 0.24519230769230768 0.8605769230769231
0 0.28365384615384615 0.9411057692307693 0.35096153846153844 0.11298076923076923
0 0.6850961538461539 0.6346153846153846 0.16346153846153846 0.5144230769230769