0 0.49759615384615385 0.39663461538461536 0.21153846153846154 0.3798076923076923
0 0.546875 0.5564903846153846 0.12740384615384615 0.2980769230769231
0 0.5745192307692307 0.8149038461538461 0.1971153846153846 0.2283653846153846
0 0.33413461538461536 0.7439903846153846 0.30528846153846156 0.3701923076923077
0 0.1875 0.7367788461538461 0.19951923076923078 0.15865384615384615
0 0.1622596153846154 0.6382211538461539 0.19951923076923078 0.21153846153846154
0 0.24519230769230768 0.4483173076923077 0.21634615384615385 0.2668269230769231
0 0.16706730769230768 0.4050480769230769 0.10336538461538461 0.21153846153846154
0 0.36778846153846156 0.30408653846153844 0.16105769230769232 0.25
0 0.31971153846153844 0.5540865384615384 0.15865384615384615 0.2283653846153846
0 0.421875 0.9026442307692307 0.1971153846153846 0.18509615384615385
0 0.5877403846153846 0.9459134615384616 0.19230769230769232 0.09615384615384616
0 0.7019230769230769 0.9158653846153846 0.16826923076923078 0.125
0 0.7271634615384616 0.7692307692307693 0.28365384615384615 0.27884615384615385
0 0.8004807692307693 0.6598557692307693 0.28365384615384615 0.40865384615384615
0 0.6382211538461539 0.4567307692307692 0.12740384615384615 0.2403846153846154
0 0.6069711538461539 0.2848557692307692 0.15384615384615385 0.24519230769230768
0 0.7524038461538461 0.36899038461538464 0.125 0.18509615384615385
0 0.84375 0.5168269230769231 0.15384615384615385 0.15384615384615385
0 0.8689903846153846 0.6574519230769231 0.16826923076923078 0.13221153846153846