0 0.9278846153846154 0.6826923076923077 0.13701923076923078 0.25
0 0.8774038461538461 0.8617788461538461 0.15144230769230768 0.21153846153846154
0 0.9747596153846154 0.9086538461538461 0.04326923076923077 0.17067307692307693
0 0.8882211538461539 0.953125 0.007211538461538462 0.004807692307692308
0 0.9302884615384616 0.9783653846153846 0.09615384615384616 0.03365384615384615
0 0.8004807692307693 0.9507211538461539 0.11057692307692307 0.0889423076923077
0 0.7283653846153846 0.8918269230769231 0.14903846153846154 0.20432692307692307
0 0.6478365384615384 0.7235576923076923 0.15144230769230768 0.24278846153846154
0 0.7271634615384616 0.7596153846153846 0.05048076923076923 0.0625
0 0.7932692307692307 0.6550480769230769 0.1346153846153846 0.22596153846153846
0 0.890625 0.546875 0.16346153846153846 0.2644230769230769
0 0.9591346153846154 0.3918269230769231 0.07692307692307693 0.1658653846153846
0 0.9747596153846154 0.5168269230769231 0.04326923076923077 0.10576923076923077
0 0.8557692307692307 0.35336538461538464 0.1658653846153846 0.23076923076923078
0 0.9735576923076923 0.11057692307692307 0.04807692307692308 0.1971153846153846
0 0.8689903846153846 0.13221153846153846 0.15384615384615385 0.23076923076923078
0 0.7800480769230769 0.27884615384615385 0.10817307692307693 0.21634615384615385
0 0.7896634615384616 0.4723557692307692 0.0625 0.12740384615384615
0 0.6995192307692307 0.47475961538461536 0.16346153846153846 0.24278846153846154
0 0.6081730769230769 0.546875 0.11538461538461539 0.14423076923076922
0 0.5841346153846154 0.38100961538461536 0.14903846153846154 0.1971153846153846
0 0.6959134615384616 0.32572115384615385 0.08173076923076923 0.1201923076923077
0 0.6346153846153846 0.2403846153846154 0.08173076923076923 0.12740384615384615
0 0.7139423076923077 0.19110576923076922 0.11057692307692307 0.17067307692307693
0 0.7319711538461539 0.05889423076923077 0.12740384615384615 0.11778846153846154
0 0.5769230769230769 0.06610576923076923 0.19230769230769232 0.13221153846153846
0 0.5612980769230769 0.17427884615384615 0.1658653846153846 0.21634615384615385
0 0.4699519230769231 0.3894230769230769 0.09134615384615384 0.10576923076923077
0 0.5036057692307693 0.5060096153846154 0.08653846153846154 0.19230769230769232
0 0.4987980769230769 0.6634615384615384 0.07692307692307693 0.1658653846153846
0 0.5576923076923077 0.7427884615384616 0.10817307692307693 0.25
0 0.5841346153846154 0.9447115384615384 0.13942307692307693 0.10096153846153846
0 0.5612980769230769 0.8810096153846154 0.12259615384615384 0.10576923076923077
0 0.484375 0.9170673076923077 0.1201923076923077 0.15384615384615385
0 0.4230769230769231 0.7319711538461539 0.1778846153846154 0.25961538461538464
0 0.41225961538461536 0.5132211538461539 0.1346153846153846 0.22115384615384615
0 0.3485576923076923 0.453125 0.15144230769230768 0.24278846153846154
0 0.34375 0.24278846153846154 0.1201923076923077 0.22115384615384615
0 0.4567307692307692 0.3293269230769231 0.10817307692307693 0.08173076923076923
0 0.4423076923076923 0.1935096153846154 0.10096153846153846 0.1971153846153846
0 0.44591346153846156 0.09375 0.09375 0.0673076923076923
0 0.44471153846153844 0.036057692307692304 0.09134615384615384 0.0625
0 0.32572115384615385 0.030048076923076924 0.11057692307692307 0.04807692307692308
0 0.3293269230769231 0.1045673076923077 0.10576923076923077 0.11057692307692307
0 0.24639423076923078 0.15144230769230768 0.1201923076923077 0.17067307692307693
0 0.1814903846153846 0.07211538461538461 0.125 0.14423076923076922
0 0.07692307692307693 0.1466346153846154 0.1346153846153846 0.18269230769230768
0 0.038461538461538464 0.056490384615384616 0.07692307692307693 0.11298076923076923
0 0.09735576923076923 0.03365384615384615 0.036057692307692304 0.055288461538461536
0 0.046875 0.2932692307692308 0.09375 0.1875
0 0.14783653846153846 0.3088942307692308 0.10096153846153846 0.13221153846153846
0 0.17668269230769232 0.21514423076923078 0.08653846153846154 0.14423076923076922
0 0.2512019230769231 0.265625 0.07211538461538461 0.0673076923076923
0 0.24879807692307693 0.3701923076923077 0.11538461538461539 0.15384615384615385
0 0.22716346153846154 0.5408653846153846 0.10817307692307693 0.1658653846153846
0 0.2860576923076923 0.6237980769230769 0.08173076923076923 0.1778846153846154
0 0.19591346153846154 0.71875 0.11057692307692307 0.1658653846153846
0 0.2536057692307692 0.8149038461538461 0.1201923076923077 0.19230769230769232
0 0.3473557692307692 0.90625 0.14903846153846154 0.1778846153846154
0 0.24278846153846154 0.9555288461538461 0.09615384615384616 0.07692307692307693
0 0.1201923076923077 0.9278846153846154 0.1346153846153846 0.13221153846153846
0 0.15144230769230768 0.859375 0.09375 0.12740384615384615
0 0.06850961538461539 0.7427884615384616 0.12980769230769232 0.18269230769230768
0 0.046875 0.9170673076923077 0.09375 0.15384615384615385
0 0.014423076923076924 0.8173076923076923 0.028846153846153848 0.1201923076923077
0 0.12379807692307693 0.6045673076923077 0.09615384615384616 0.14903846153846154
0 0.14423076923076922 0.45072115384615385 0.11538461538461539 0.18269230769230768
0 0.036057692307692304 0.4699519230769231 0.07211538461538461 0.24278846153846154
0 0.03485576923076923 0.6274038461538461 0.06971153846153846 0.09615384615384616
0 0.4987980769230769 0.49759615384615385 0.9951923076923077 0.9951923076923077