0 0.35096153846153844 0.8221153846153846 0.1466346153846154 0.19230769230769232
0 0.06971153846153846 0.6706730769230769 0.13221153846153846 0.25721153846153844
0 0.1502403846153846 0.5048076923076923 0.1778846153846154 0.1971153846153846
0 0.1622596153846154 0.6442307692307693 0.07692307692307693 0.11298076923076923
0 0.037259615384615384 0.5228365384615384 0.0673076923076923 0.0673076923076923
0 0.0733173076923077 0.4170673076923077 0.13221153846153846 0.20673076923076922
0 0.04807692307692308 0.36899038461538464 0.0889423076923077 0.17067307692307693
0 0.04807692307692308 0.25721153846153844 0.0889423076923077 0.11298076923076923
0 0.1201923076923077 0.203125 0.10817307692307693 0.12980769230769232
0 0.15625 0.25721153846153844 0.0889423076923077 0.1346153846153846
0 0.1045673076923077 0.3016826923076923 0.055288461538461536 0.057692307692307696
0 0.21033653846153846 0.3245192307692308 0.12740384615384615 0.20673076923076922
0 0.27163461538461536 0.5745192307692307 0.0889423076923077 0.20192307692307693
0 0.24519230769230768 0.6189903846153846 0.11298076923076923 0.14423076923076922
0 0.3473557692307692 0.5853365384615384 0.1778846153846154 0.22115384615384615
0 0.4362980769230769 0.5408653846153846 0.1466346153846154 0.21634615384615385
0 0.5504807692307693 0.6129807692307693 0.1346153846153846 0.23557692307692307
0 0.5612980769230769 0.7932692307692307 0.10576923076923077 0.1346153846153846
0 0.5 0.8737980769230769 0.11057692307692307 0.17067307692307693
0 0.6622596153846154 0.6213942307692307 0.09615384615384616 0.12980769230769232
0 0.6213942307692307 0.7067307692307693 0.0625 0.1346153846153846
0 0.5925480769230769 0.5132211538461539 0.09615384615384616 0.09615384615384616
0 0.5324519230769231 0.39903846153846156 0.1466346153846154 0.17067307692307693
0 0.39903846153846156 0.3449519230769231 0.12740384615384615 0.21634615384615385
0 0.328125 0.3449519230769231 0.09375 0.25721153846153844
0 0.43028846153846156 0.22956730769230768 0.14423076923076922 0.18028846153846154
0 0.328125 0.1778846153846154 0.10096153846153846 0.1201923076923077
0 0.25841346153846156 0.15985576923076922 0.06971153846153846 0.10336538461538461
0 0.20432692307692307 0.14903846153846154 0.0625 0.09375
0 0.28365384615384615 0.08774038461538461 0.11057692307692307 0.0625
0 0.3629807692307692 0.09014423076923077 0.11538461538461539 0.0673076923076923
0 0.6201923076923077 0.9146634615384616 0.14903846153846154 0.15865384615384615
0 0.6538461538461539 0.8737980769230769 0.1346153846153846 0.14903846153846154
0 0.6141826923076923 0.8221153846153846 0.10096153846153846 0.10817307692307693
0 0.7067307692307693 0.7391826923076923 0.12980769230769232 0.19230769230769232
0 0.6370192307692307 0.7367788461538461 0.02403846153846154 0.0625
0 0.7487980769230769 0.6466346153846154 0.07692307692307693 0.07692307692307693
0 0.7704326923076923 0.6550480769230769 0.026442307692307692 0.052884615384615384
0 0.828125 0.7391826923076923 0.1201923076923077 0.15865384615384615
0 0.8341346153846154 0.6935096153846154 0.11538461538461539 0.18028846153846154
0 0.9242788461538461 0.6622596153846154 0.10576923076923077 0.13942307692307693
0 0.9338942307692307 0.796875 0.11538461538461539 0.19230769230769232
0 0.8942307692307693 0.5649038461538461 0.09615384615384616 0.12980769230769232
0 0.7992788461538461 0.5564903846153846 0.10817307692307693 0.1346153846153846
0 0.7259615384615384 0.5252403846153846 0.09134615384615384 0.15384615384615385
0 0.6598557692307693 0.4206730769230769 0.125 0.13942307692307693
0 0.8125 0.47115384615384615 0.1201923076923077 0.10817307692307693
0 0.7668269230769231 0.36538461538461536 0.08173076923076923 0.14423076923076922
0 0.7199519230769231 0.30408653846153844 0.05048076923076923 0.0625
0 0.6850961538461539 0.3401442307692308 0.10576923076923077 0.125
0 0.9447115384615384 0.4987980769230769 0.10576923076923077 0.13221153846153846
0 0.9795673076923077 0.6057692307692307 0.036057692307692304 0.11057692307692307
0 0.9579326923076923 0.44591346153846156 0.07932692307692307 0.14182692307692307
0 0.9495192307692307 0.3112980769230769 0.0625 0.08653846153846154
0 0.9579326923076923 0.22956730769230768 0.04807692307692308 0.07692307692307693
0 0.9098557692307693 0.22115384615384615 0.08173076923076923 0.1346153846153846
0 0.8629807692307693 0.15264423076923078 0.0673076923076923 0.07692307692307693
0 0.8401442307692307 0.16706730769230768 0.0889423076923077 0.08653846153846154
0 0.7956730769230769 0.11298076923076923 0.09134615384615384 0.10336538461538461
0 0.7872596153846154 0.06490384615384616 0.0625 0.036057692307692304
0 0.7163461538461539 0.02283653846153846 0.04326923076923077 0.02403846153846154
0 0.6935096153846154 0.013221153846153846 0.07211538461538461 0.02403846153846154
0 0.5889423076923077 0.021634615384615384 0.07211538461538461 0.038461538461538464
0 0.5805288461538461 0.054086538461538464 0.057692307692307696 0.04807692307692308
0 0.5072115384615384 0.0829326923076923 0.0673076923076923 0.07211538461538461
0 0.5036057692307693 0.15745192307692307 0.07211538461538461 0.07692307692307693
0 0.5348557692307693 0.1935096153846154 0.08173076923076923 0.1201923076923077
0 0.5564903846153846 0.27524038461538464 0.07692307692307693 0.10817307692307693
0 0.6153846153846154 0.29086538461538464 0.07451923076923077 0.15865384615384615
0 0.6658653846153846 0.24759615384615385 0.03365384615384615 0.0625
0 0.7043269230769231 0.2091346153846154 0.07211538461538461 0.12980769230769232
0 0.6598557692307693 0.1935096153846154 0.052884615384615384 0.0673076923076923
0 0.6334134615384616 0.17067307692307693 0.07692307692307693 0.09134615384615384
0 0.5961538461538461 0.16706730769230768 0.03365384615384615 0.0673076923076923
0 0.625 0.10336538461538461 0.06971153846153846 0.07211538461538461
0 0.5637019230769231 0.10096153846153846 0.06971153846153846 0.0673076923076923
0 0.7043269230769231 0.11057692307692307 0.08173076923076923 0.09615384615384616
0 0.7103365384615384 0.05889423076923077 0.06971153846153846 0.057692307692307696
0 0.7572115384615384 0.19110576923076922 0.04807692307692308 0.15625
0 0.8064903846153846 0.24278846153846154 0.13942307692307693 0.1346153846153846
0 0.8629807692307693 0.3629807692307692 0.1346153846153846 0.18028846153846154
3 0.09254807692307693 0.13701923076923078 0.1778846153846154 0.0673076923076923