0 0.6045673076923077 0.6045673076923077 0.09615384615384616 0.10576923076923077
0 0.6069711538461539 0.4951923076923077 0.09375 0.10096153846153846
0 0.5961538461538461 0.4110576923076923 0.08173076923076923 0.08413461538461539
0 0.5576923076923077 0.3401442307692308 0.07692307692307693 0.08413461538461539
0 0.5216346153846154 0.46033653846153844 0.09375 0.16346153846153846
0 0.5180288461538461 0.6225961538461539 0.09375 0.15144230769230768
0 0.578125 0.46875 0.1971153846153846 0.43990384615384615
0 0.2403846153846154 0.7908653846153846 0.1971153846153846 0.2860576923076923
0 0.28846153846153844 0.5336538461538461 0.11538461538461539 0.15865384615384615
0 0.15384615384615385 0.6045673076923077 0.18269230769230768 0.15144230769230768
0 0.4483173076923077 0.796875 0.33413461538461536 0.4014423076923077
0 0.34975961538461536 0.6069711538461539 0.6947115384615384 0.78125
3 0.6225961538461539 0.35336538461538464 0.3557692307692308 0.6971153846153846