0 0.90625 0.27403846153846156 0.16346153846153846 0.08173076923076923
0 0.7451923076923077 0.08533653846153846 0.1201923076923077 0.07692307692307693
0 0.8846153846153846 0.0733173076923077 0.1201923076923077 0.10096153846153846
0 0.6237980769230769 0.040865384615384616 0.11057692307692307 0.0625
0 0.609375 0.125 0.052884615384615384 0.057692307692307696
0 0.24278846153846154 0.1141826923076923 0.09615384615384616 0.0673076923076923
0 0.3581730769230769 0.037259615384615384 0.20673076923076922 0.0673076923076923
0 0.23076923076923078 0.21634615384615385 0.08653846153846154 0.04567307692307692
0 0.3125 0.14903846153846154 0.07932692307692307 0.04807692307692308
0 0.38822115384615385 0.12620192307692307 0.07211538461538461 0.0625
0 0.44591346153846156 0.20432692307692307 0.10336538461538461 0.055288461538461536
0 0.38221153846153844 0.24759615384615385 0.07211538461538461 0.04326923076923077
0 0.37259615384615385 0.2932692307692308 0.07932692307692307 0.0625
0 0.42427884615384615 0.4411057692307692 0.07211538461538461 0.055288461538461536
0 0.43990384615384615 0.3870192307692308 0.052884615384615384 0.07692307692307693
0 0.390625 0.3858173076923077 0.052884615384615384 0.07692307692307693
0 0.6117788461538461 0.5637019230769231 0.09615384615384616 0.057692307692307696
0 0.26322115384615385 0.4579326923076923 0.09134615384615384 0.055288461538461536
0 0.22115384615384615 0.5324519230769231 0.09134615384615384 0.0625
0 0.2247596153846154 0.6165865384615384 0.06009615384615385 0.0673076923076923
0 0.27884615384615385 0.6538461538461539 0.09615384615384616 0.0673076923076923
0 0.5817307692307693 0.9591346153846154 0.08653846153846154 0.0625
0 0.7055288461538461 0.9362980769230769 0.10336538461538461 0.08173076923076923
0 0.8966346153846154 0.6742788461538461 0.14423076923076922 0.10336538461538461
0 0.41225961538461536 0.6490384615384616 0.15865384615384615 0.07692307692307693
0 0.1201923076923077 0.3425480769230769 0.23557692307692307 0.20432692307692307
0 0.04447115384615385 0.11899038461538461 0.08413461538461539 0.04567307692307692
0 0.07932692307692307 0.18389423076923078 0.08653846153846154 0.125
0 0.14543269230769232 0.17548076923076922 0.1201923076923077 0.1201923076923077
0 0.30649038461538464 0.37740384615384615 0.11538461538461539 0.10576923076923077
0 0.3125 0.30528846153846156 0.052884615384615384 0.07211538461538461
0 0.3329326923076923 0.20192307692307693 0.1201923076923077 0.0625
0 0.31490384615384615 0.24759615384615385 0.07211538461538461 0.036057692307692304
0 0.390625 0.16346153846153846 0.11538461538461539 0.04567307692307692
0 0.47596153846153844 0.13942307692307693 0.11538461538461539 0.07692307692307693
0 0.6358173076923077 0.3473557692307692 0.35096153846153844 0.375
0 0.5360576923076923 0.14783653846153846 0.07932692307692307 0.07211538461538461
0 0.6274038461538461 0.16706730769230768 0.10336538461538461 0.04567307692307692
0 0.6694711538461539 0.0985576923076923 0.052884615384615384 0.0673076923076923
0 0.6298076923076923 0.08173076923076923 0.06009615384615385 0.019230769230769232
0 0.7331730769230769 0.11177884615384616 0.16826923076923078 0.03365384615384615
0 0.6911057692307693 0.15264423076923078 0.06009615384615385 0.036057692307692304
0 0.8149038461538461 0.18028846153846154 0.16346153846153846 0.10576923076923077
0 0.8725961538461539 0.12980769230769232 0.19230769230769232 0.08173076923076923
0 0.90625 0.33774038461538464 0.17548076923076922 0.11778846153846154
0 0.90625 0.4362980769230769 0.17548076923076922 0.11057692307692307
0 0.9362980769230769 0.5757211538461539 0.11538461538461539 0.17307692307692307
0 0.7692307692307693 0.5576923076923077 0.23076923076923078 0.12980769230769232
0 0.3581730769230769 0.8209134615384616 0.02403846153846154 0.07692307692307693
0 0.28125 0.8076923076923077 0.052884615384615384 0.036057692307692304
0 0.2548076923076923 0.7620192307692307 0.04807692307692308 0.04807692307692308
0 0.37259615384615385 0.8725961538461539 0.0673076923076923 0.040865384615384616
0 0.9399038461538461 0.84375 0.11057692307692307 0.1346153846153846
0 0.41225961538461536 0.8954326923076923 0.01201923076923077 0
0 0.6730769230769231 0.7475961538461539 0.5456730769230769 0.2956730769230769
0 0.4182692307692308 0.5348557692307693 0.31490384615384615 0.18990384615384615
0 0.3425480769230769 0.7151442307692307 0.07932692307692307 0.052884615384615384
0 0.15144230769230768 0.5805288461538461 0.06009615384615385 0.0673076923076923
0 0.7151442307692307 0.9831730769230769 0.22355769230769232 0.028846153846153848
0 0.8004807692307693 0.9362980769230769 0.06009615384615385 0.07692307692307693
0 0.7367788461538461 0.7331730769230769 0.11538461538461539 0.0625
0 0.6694711538461539 0.7151442307692307 0.0673076923076923 0.11057692307692307
0 0.7247596153846154 0.8605769230769231 0.09134615384615384 0.02403846153846154
0 0.8641826923076923 0.765625 0.07932692307692307 0.0673076923076923