0 0.8641826923076923 0.07932692307692307 0.21634615384615385 0.14903846153846154
0 0.9831730769230769 0.051682692307692304 0.02403846153846154 0.09134615384615384
0 0.8858173076923077 0.2704326923076923 0.22115384615384615 0.3125
0 0.8293269230769231 0.14783653846153846 0.036057692307692304 0.0673076923076923
0 0.6778846153846154 0.4483173076923077 0.17067307692307693 0.42788461538461536
0 0.8112980769230769 0.4699519230769231 0.11538461538461539 0.3173076923076923
0 0.9050480769230769 0.5661057692307693 0.18269230769230768 0.37740384615384615
0 0.7908653846153846 0.7427884615384616 0.25 0.2403846153846154
0 0.9362980769230769 0.7728365384615384 0.1201923076923077 0.2692307692307692
0 0.9086538461538461 0.9302884615384616 0.1778846153846154 0.1346153846153846
0 0.8377403846153846 0.9026442307692307 0.11778846153846154 0.18990384615384615
0 0.7391826923076923 0.9026442307692307 0.24278846153846154 0.18990384615384615
0 0.6274038461538461 0.7896634615384616 0.1346153846153846 0.34375
0 0.5841346153846154 0.5240384615384616 0.12740384615384615 0.1971153846153846
0 0.5637019230769231 0.25961538461538464 0.14423076923076922 0.28846153846153844
0 0.7067307692307693 0.16706730769230768 0.19951923076923078 0.32211538461538464
0 0.49038461538461536 0.5961538461538461 0.29086538461538464 0.3389423076923077
0 0.4423076923076923 0.7680288461538461 0.20673076923076922 0.22355769230769232
0 0.4675480769230769 0.8473557692307693 0.18509615384615385 0.16346153846153846
0 0.4879807692307692 0.9302884615384616 0.25 0.1346153846153846
0 0.390625 0.2536057692307692 0.2932692307692308 0.36538461538461536
0 0.41225961538461536 0.07091346153846154 0.22115384615384615 0.12980769230769232
0 0.19831730769230768 0.16947115384615385 0.1778846153846154 0.3269230769230769
0 0.055288461538461536 0.11177884615384616 0.11057692307692307 0.21394230769230768
0 0.0733173076923077 0.4182692307692308 0.14423076923076922 0.5721153846153846
0 0.15504807692307693 0.5600961538461539 0.1346153846153846 0.27884615384615385
0 0.16947115384615385 0.3629807692307692 0.07692307692307693 0.15865384615384615
0 0.2848557692307692 0.5024038461538461 0.18509615384615385 0.3942307692307692
0 0.24158653846153846 0.8088942307692307 0.22115384615384615 0.2403846153846154
0 0.14423076923076922 0.7235576923076923 0.14903846153846154 0.16826923076923078
0 0.051682692307692304 0.7896634615384616 0.10336538461538461 0.21394230769230768
0 0.16346153846153846 0.9278846153846154 0.13942307692307693 0.13942307692307693
0 0.2956730769230769 0.9050480769230769 0.17307692307692307 0.18509615384615385
0 0.054086538461538464 0.9495192307692307 0.09375 0.09615384615384616
0 0.01201923076923077 0.9495192307692307 0.02403846153846154 0.09615384615384616
0 0.4987980769230769 0.5024038461538461 0.9975961538461539 0.9951923076923077