0 0.18509615384615385 0.3293269230769231 0.21153846153846154 0.375
0 0.2548076923076923 0.18629807692307693 0.09375 0.10096153846153846
0 0.23798076923076922 0.5336538461538461 0.15865384615384615 0.22596153846153846
0 0.14182692307692307 0.5576923076923077 0.04326923076923077 0.08413461538461539
0 0.14903846153846154 0.6189903846153846 0.04326923076923077 0.0673076923076923
0 0.17307692307692307 0.6478365384615384 0.06009615384615385 0.07211538461538461
0 0.13341346153846154 0.703125 0.04807692307692308 0.0673076923076923
0 0.14182692307692307 0.7632211538461539 0.057692307692307696 0.0625
0 0.1622596153846154 0.8076923076923077 0.038461538461538464 0.04807692307692308
0 0.1814903846153846 0.7391826923076923 0.052884615384615384 0.0673076923076923
0 0.17908653846153846 0.6995192307692307 0.04326923076923077 0.03125
0 0.23918269230769232 0.6838942307692307 0.057692307692307696 0.07211538461538461
0 0.24519230769230768 0.7391826923076923 0.038461538461538464 0.038461538461538464
0 0.23076923076923078 0.7716346153846154 0.09134615384615384 0.1201923076923077
0 0.2920673076923077 0.78125 0.04807692307692308 0.07932692307692307
0 0.2848557692307692 0.6995192307692307 0.04326923076923077 0.08413461538461539
0 0.3137019230769231 0.23677884615384615 0.08173076923076923 0.10576923076923077
0 0.31490384615384615 0.3473557692307692 0.057692307692307696 0.11538461538461539
0 0.3473557692307692 0.4338942307692308 0.04567307692307692 0.057692307692307696
0 0.35096153846153844 0.515625 0.07692307692307693 0.09615384615384616
0 0.328125 0.5925480769230769 0.028846153846153848 0.04807692307692308
0 0.38461538461538464 0.6262019230769231 0.0985576923076923 0.13701923076923078
0 0.38461538461538464 0.6971153846153846 0.06009615384615385 0.057692307692307696
0 0.36658653846153844 0.7740384615384616 0.09134615384615384 0.10576923076923077
0 0.3269230769230769 0.7283653846153846 0.04326923076923077 0.057692307692307696
0 0.33774038461538464 0.6899038461538461 0.03365384615384615 0.04326923076923077
0 0.3076923076923077 0.6502403846153846 0.057692307692307696 0.057692307692307696
0 0.4014423076923077 0.5372596153846154 0.03365384615384615 0.0625
0 0.46634615384615385 0.5528846153846154 0.08653846153846154 0.11538461538461539
0 0.4074519230769231 0.44711538461538464 0.08173076923076923 0.09615384615384616
0 0.390625 0.3786057692307692 0.057692307692307696 0.07211538461538461
0 0.38341346153846156 0.33653846153846156 0.16346153846153846 0.1778846153846154
0 0.40024038461538464 0.20552884615384615 0.0985576923076923 0.11538461538461539
0 0.3701923076923077 0.28365384615384615 0.052884615384615384 0.052884615384615384
0 0.47115384615384615 0.21634615384615385 0.052884615384615384 0.07211538461538461
0 0.484375 0.27403846153846156 0.125 0.25240384615384615
0 0.49038461538461536 0.4110576923076923 0.08173076923076923 0.08413461538461539
0 0.49278846153846156 0.4951923076923077 0.15384615384615385 0.10576923076923077
0 0.5264423076923077 0.5949519230769231 0.16826923076923078 0.14903846153846154
0 0.4338942307692308 0.7127403846153846 0.0673076923076923 0.12980769230769232
0 0.47115384615384615 0.7680288461538461 0.08173076923076923 0.10576923076923077
0 0.4206730769230769 0.8137019230769231 0.04326923076923077 0.057692307692307696
0 0.6658653846153846 0.796875 0.04326923076923077 0.12980769230769232
0 0.6358173076923077 0.8100961538461539 0.04326923076923077 0.08413461538461539
0 0.6033653846153846 0.8233173076923077 0.07692307692307693 0.0673076923076923
0 0.5420673076923077 0.8317307692307693 0.11538461538461539 0.07211538461538461
0 0.5721153846153846 0.7584134615384616 0.18509615384615385 0.125
0 0.5757211538461539 0.6838942307692307 0.15384615384615385 0.0625
0 0.5721153846153846 0.6634615384615384 0.19951923076923078 0.09615384615384616
0 0.5564903846153846 0.3137019230769231 0.10096153846153846 0.14182692307692307
0 0.5817307692307693 0.44711538461538464 0.09134615384615384 0.125
0 0.6117788461538461 0.5600961538461539 0.07692307692307693 0.1201923076923077
0 0.5889423076923077 0.6394230769230769 0.1346153846153846 0.057692307692307696
0 0.5168269230769231 0.6634615384615384 0.11298076923076923 0.052884615384615384
0 0.7608173076923077 0.6634615384615384 0.16346153846153846 0.1778846153846154
0 0.7127403846153846 0.5084134615384616 0.0673076923076923 0.17307692307692307
0 0.6586538461538461 0.3786057692307692 0.11057692307692307 0.09615384615384616
0 0.6550480769230769 0.27403846153846156 0.13221153846153846 0.2644230769230769
0 0.6490384615384616 0.25 0.0985576923076923 0.22596153846153846
0 0.6778846153846154 0.2283653846153846 0.04807692307692308 0.24759615384615385
0 0.7115384615384616 0.3076923076923077 0.04326923076923077 0.19471153846153846
0 0.7247596153846154 0.27163461538461536 0.038461538461538464 0.28846153846153844
0 0.7487980769230769 0.27163461538461536 0.04326923076923077 0.27884615384615385
0 0.7848557692307693 0.26322115384615385 0.08173076923076923 0.27403846153846156
0 0.7692307692307693 0.47836538461538464 0.038461538461538464 0.09615384615384616
0 0.7716346153846154 0.5661057692307693 0.04326923076923077 0.07932692307692307
0 0.7980769230769231 0.5240384615384616 0.03365384615384615 0.0673076923076923
0 0.7644230769230769 0.4110576923076923 0.026442307692307692 0.0625
0 0.8185096153846154 0.7127403846153846 0.052884615384615384 0.0889423076923077
0 0.8545673076923077 0.7451923076923077 0.07932692307692307 0.057692307692307696
0 0.8209134615384616 0.796875 0.04807692307692308 0.07932692307692307
0 0.8617788461538461 0.8137019230769231 0.03365384615384615 0.057692307692307696
0 0.7692307692307693 0.796875 0.04567307692307692 0.07932692307692307
0 0.7319711538461539 0.8004807692307693 0.04567307692307692 0.0625
0 0.7475961538461539 0.7391826923076923 0.038461538461538464 0.057692307692307696
0 0.7752403846153846 0.7475961538461539 0.03365384615384615 0.052884615384615384
0 0.8617788461538461 0.6923076923076923 0.04807692307692308 0.038461538461538464
0 0.8605769230769231 0.6442307692307693 0.04567307692307692 0.057692307692307696
0 0.7884615384615384 0.6262019230769231 0.21153846153846154 0.14903846153846154
0 0.84375 0.453125 0.13942307692307693 0.3269230769230769
0 0.8665865384615384 0.3233173076923077 0.13221153846153846 0.25961538461538464
0 0.8810096153846154 0.18389423076923078 0.09375 0.11538461538461539
0 0.5625 0.203125 0.06009615384615385 0.07932692307692307
0 0.5985576923076923 0.25 0.04807692307692308 0.07932692307692307
0 0.6286057692307693 0.30528846153846156 0.04326923076923077 0.07211538461538461
0 0.6262019230769231 0.38100961538461536 0.06009615384615385 0.07932692307692307
0 0.5072115384615384 0.35216346153846156 0.04326923076923077 0.07211538461538461
0 0.6694711538461539 0.5372596153846154 0.10096153846153846 0.22115384615384615