0 0.3581730769230769 0.5396634615384616 0.2403846153846154 0.17548076923076922
0 0.4074519230769231 0.41947115384615385 0.14182692307692307 0.08653846153846154
0 0.37740384615384615 0.3088942307692308 0.1778846153846154 0.14182692307692307
0 0.32572115384615385 0.18028846153846154 0.17307692307692307 0.14182692307692307
0 0.21995192307692307 0.23918269230769232 0.23317307692307693 0.17307692307692307
0 0.2776442307692308 0.3870192307692308 0.12980769230769232 0.125
0 0.22596153846153846 0.4651442307692308 0.125 0.12740384615384615
0 0.15264423076923078 0.24278846153846154 0.2283653846153846 0.20673076923076922
0 0.2608173076923077 0.7151442307692307 0.3701923076923077 0.2932692307692308
0 0.33413461538461536 0.7355769230769231 0.2548076923076923 0.21634615384615385
0 0.625 0.7463942307692307 0.2283653846153846 0.25240384615384615
0 0.6550480769230769 0.7151442307692307 0.5048076923076923 0.5096153846153846
0 0.8317307692307693 0.49759615384615385 0.14182692307692307 0.0985576923076923
0 0.8533653846153846 0.421875 0.12980769230769232 0.09134615384615384
0 0.8581730769230769 0.328125 0.12980769230769232 0.11538461538461539
0 0.8341346153846154 0.25961538461538464 0.1466346153846154 0.08173076923076923
0 0.7848557692307693 0.22115384615384615 0.18990384615384615 0.11298076923076923
0 0.7740384615384616 0.1201923076923077 0.22115384615384615 0.125
0 0.6382211538461539 0.18269230769230768 0.20192307692307693 0.15384615384615385
0 0.7283653846153846 0.24759615384615385 0.07692307692307693 0.08653846153846154
0 0.7475961538461539 0.3088942307692308 0.09134615384615384 0.07692307692307693
0 0.7776442307692307 0.3762019230769231 0.12980769230769232 0.11057692307692307
0 0.7439903846153846 0.4266826923076923 0.10817307692307693 0.057692307692307696