0 0.6646634615384616 0.6634615384615384 0.21394230769230768 0.2644230769230769
0 0.8173076923076923 0.5204326923076923 0.3605769230769231 0.375
0 0.8762019230769231 0.2704326923076923 0.2403846153846154 0.3557692307692308
0 0.6971153846153846 0.21394230769230768 0.1778846153846154 0.2692307692307692
0 0.6141826923076923 0.32572115384615385 0.19230769230769232 0.22355769230769232
0 0.609375 0.34375 0.27884615384615385 0.36538461538461536
0 0.4795673076923077 0.53125 0.2692307692307692 0.3557692307692308
0 0.4230769230769231 0.7572115384615384 0.20673076923076922 0.15144230769230768
0 0.18509615384615385 0.6430288461538461 0.2692307692307692 0.2860576923076923
0 0.33052884615384615 0.43028846153846156 0.2692307692307692 0.3701923076923077
0 0.45552884615384615 0.171875 0.23317307692307693 0.25961538461538464
0 0.20192307692307693 0.22956730769230768 0.27403846153846156 0.2692307692307692
0 0.08413461538461539 0.40865384615384615 0.16826923076923078 0.2980769230769231
0 0.0829326923076923 0.1875 0.1658653846153846 0.23076923076923078