0 0.8125 0.039663461538461536 0.22596153846153846 0.07211538461538461
0 0.9122596153846154 0.0673076923076923 0.026442307692307692 0.04326923076923077
0 0.8786057692307693 0.08774038461538461 0.09615384615384616 0.07692307692307693
0 0.8016826923076923 0.16706730769230768 0.25 0.22115384615384615
0 0.8786057692307693 0.24759615384615385 0.10576923076923077 0.1346153846153846
0 0.8725961538461539 0.38822115384615385 0.10576923076923077 0.19230769230769232
0 0.8125 0.5396634615384616 0.22596153846153846 0.21634615384615385
0 0.8653846153846154 0.7247596153846154 0.1201923076923077 0.1466346153846154
0 0.8810096153846154 0.875 0.09134615384615384 0.15384615384615385
0 0.7980769230769231 0.9399038461538461 0.25961538461538464 0.11538461538461539
0 0.7295673076923077 0.8497596153846154 0.21153846153846154 0.15865384615384615
0 0.6694711538461539 0.6887019230769231 0.29086538461538464 0.18028846153846154
0 0.6899038461538461 0.5096153846153846 0.23798076923076922 0.21153846153846154
0 0.5132211538461539 0.5132211538461539 0.12740384615384615 0.16346153846153846
0 0.7247596153846154 0.3329326923076923 0.20192307692307693 0.17307692307692307
0 0.6610576923076923 0.19831730769230768 0.14903846153846154 0.12740384615384615
0 0.6478365384615384 0.07451923076923077 0.20673076923076922 0.14182692307692307
0 0.5480769230769231 0.03125 0.11057692307692307 0.057692307692307696
0 0.5048076923076923 0.19831730769230768 0.17307692307692307 0.15865384615384615
0 0.5552884615384616 0.28846153846153844 0.09615384615384616 0.052884615384615384
0 0.5769230769230769 0.3449519230769231 0.13701923076923078 0.16346153846153846
0 0.4951923076923077 0.3954326923076923 0.16346153846153846 0.08653846153846154
0 0.4206730769230769 0.3161057692307692 0.18509615384615385 0.12980769230769232
0 0.2860576923076923 0.2692307692307692 0.21153846153846154 0.10576923076923077
0 0.34134615384615385 0.125 0.3557692307692308 0.24519230769230768
0 0.25721153846153844 0.41586538461538464 0.3317307692307692 0.21153846153846154
0 0.41225961538461536 0.5060096153846154 0.14903846153846154 0.1346153846153846
0 0.49158653846153844 0.6274038461538461 0.13701923076923078 0.10817307692307693
0 0.5372596153846154 0.7151442307692307 0.09134615384615384 0.08173076923076923
0 0.44711538461538464 0.7223557692307693 0.1201923076923077 0.08173076923076923
0 0.3918269230769231 0.7944711538461539 0.10576923076923077 0.08173076923076923
0 0.5288461538461539 0.7884615384615384 0.15865384615384615 0.125
0 0.6165865384615384 0.9230769230769231 0.13701923076923078 0.14903846153846154
0 0.453125 0.9290865384615384 0.25240384615384615 0.13701923076923078
0 0.31009615384615385 0.8353365384615384 0.11057692307692307 0.09134615384615384
0 0.24278846153846154 0.6850961538461539 0.3918269230769231 0.2620192307692308
0 0.30649038461538464 0.5360576923076923 0.0625 0.04326923076923077
0 0.140625 0.5600961538461539 0.22596153846153846 0.09375
0 0.16105769230769232 0.5132211538461539 0.13221153846153846 0.052884615384615384
0 0.08653846153846154 0.5252403846153846 0.16826923076923078 0.1466346153846154
0 0.05048076923076923 0.45913461538461536 0.07932692307692307 0.040865384615384616
0 0.06009615384615385 0.38461538461538464 0.11538461538461539 0.14423076923076922
0 0.052884615384615384 0.3918269230769231 0.0625 0.04807692307692308
0 0.07091346153846154 0.359375 0.04807692307692308 0.038461538461538464
0 0.12980769230769232 0.31490384615384615 0.0673076923076923 0.052884615384615384
0 0.140625 0.26802884615384615 0.11057692307692307 0.057692307692307696
0 0.06009615384615385 0.11538461538461539 0.11538461538461539 0.1201923076923077
0 0.06370192307692307 0.040865384615384616 0.0625 0.028846153846153848
0 0.054086538461538464 0.039663461538461536 0.10336538461538461 0.07451923076923077
0 0.1502403846153846 0.036057692307692304 0.10096153846153846 0.0625
0 0.14783653846153846 0.1201923076923077 0.052884615384615384 0.10576923076923077
0 0.11057692307692307 0.18389423076923078 0.07451923076923077 0.038461538461538464
0 0.16105769230769232 0.21033653846153846 0.09134615384615384 0.08173076923076923
0 0.09014423076923077 0.20552884615384615 0.08413461538461539 0.0673076923076923
0 0.04326923076923077 0.27524038461538464 0.08173076923076923 0.10336538461538461
0 0.038461538461538464 0.20673076923076922 0.07211538461538461 0.0625
0 0.046875 0.3894230769230769 0.0889423076923077 0.1346153846153846
0 0.0673076923076923 0.7019230769230769 0.12980769230769232 0.20192307692307693
0 0.21153846153846154 0.8461538461538461 0.08413461538461539 0.07451923076923077
0 0.21995192307692307 0.9350961538461539 0.36778846153846156 0.125
0 0.15384615384615385 0.8557692307692307 0.052884615384615384 0.09375
0 0.04326923076923077 0.8713942307692307 0.08173076923076923 0.0889423076923077
0 0.008413461538461538 0.8088942307692307 0.014423076923076924 0.052884615384615384
0 0.046875 0.9471153846153846 0.0889423076923077 0.10096153846153846
0 0.078125 0.8509615384615384 0.15144230769230768 0.25
0 0.4675480769230769 0.5 0.9302884615384616 0.9951923076923077