0 0.41586538461538464 0.6875 0.0673076923076923 0.07211538461538461
0 0.5576923076923077 0.6346153846153846 0.20673076923076922 0.0985576923076923
0 0.6442307692307693 0.5504807692307693 0.052884615384615384 0.09134615384615384
0 0.5841346153846154 0.5060096153846154 0.1875 0.057692307692307696
0 0.5540865384615384 0.4675480769230769 0.10336538461538461 0.07692307692307693
0 0.6334134615384616 0.45072115384615385 0.052884615384615384 0.06490384615384616
0 0.5709134615384616 0.3870192307692308 0.16826923076923078 0.08413461538461539
0 0.4423076923076923 0.3641826923076923 0.16346153846153846 0.08653846153846154
0 0.3173076923076923 0.41586538461538464 0.1201923076923077 0.09134615384615384
0 0.19951923076923078 0.4651442307692308 0.08173076923076923 0.08653846153846154
0 0.234375 0.4014423076923077 0.04326923076923077 0.0625
0 0.15865384615384615 0.5769230769230769 0.16346153846153846 0.12740384615384615
0 0.21634615384615385 0.5324519230769231 0.13701923076923078 0.08413461538461539
0 0.3137019230769231 0.5925480769230769 0.14903846153846154 0.125
0 0.3737980769230769 0.5649038461538461 0.125 0.0985576923076923
0 0.4206730769230769 0.49759615384615385 0.21875 0.09615384615384616
0 0.37740384615384615 0.453125 0.23076923076923078 0.1201923076923077
0 0.3173076923076923 0.6586538461538461 0.11057692307692307 0.09615384615384616
0 0.22115384615384615 0.6550480769230769 0.09134615384615384 0.11057692307692307
0 0.37740384615384615 0.5216346153846154 0.5793269230769231 0.39663461538461536
2 0.4338942307692308 0.5540865384615384 0.7692307692307693 0.5288461538461539