0 0.7163461538461539 0.11177884615384616 0.3605769230769231 0.21634615384615385
0 0.6490384615384616 0.296875 0.09134615384615384 0.12980769230769232
0 0.75 0.23557692307692307 0.12980769230769232 0.09134615384615384
0 0.7391826923076923 0.33413461538461536 0.09615384615384616 0.10576923076923077
0 0.8401442307692307 0.34975961538461536 0.1346153846153846 0.1658653846153846
0 0.8557692307692307 0.24278846153846154 0.09134615384615384 0.06971153846153846
0 0.7932692307692307 0.6298076923076923 0.21634615384615385 0.18509615384615385
0 0.78125 0.49038461538461536 0.23076923076923078 0.16346153846153846
0 0.6598557692307693 0.49399038461538464 0.08173076923076923 0.0625
0 0.6706730769230769 0.43028846153846156 0.10336538461538461 0.0673076923076923
0 0.5973557692307693 0.38822115384615385 0.08173076923076923 0.05048076923076923
0 0.5360576923076923 0.42908653846153844 0.09134615384615384 0.0625
0 0.546875 0.37259615384615385 0.08173076923076923 0.0673076923076923
0 0.5769230769230769 0.29927884615384615 0.0625 0.07211538461538461
0 0.5829326923076923 0.4879807692307692 0.09134615384615384 0.057692307692307696
0 0.6189903846153846 0.5408653846153846 0.08173076923076923 0.04807692307692308
0 0.5612980769230769 0.5408653846153846 0.0625 0.0625
0 0.46875 0.4230769230769231 0.07211538461538461 0.057692307692307696
0 0.47115384615384615 0.36538461538461536 0.08653846153846154 0.057692307692307696
0 0.4795673076923077 0.30649038461538464 0.09134615384615384 0.05048076923076923
0 0.4254807692307692 0.37259615384615385 0.036057692307692304 0.057692307692307696
0 0.4074519230769231 0.3401442307692308 0.0625 0.052884615384615384
0 0.41225961538461536 0.4579326923076923 0.07211538461538461 0.0673076923076923
0 0.33533653846153844 0.4206730769230769 0.07211538461538461 0.052884615384615384
0 0.4026442307692308 0.4110576923076923 0.0625 0.03365384615384615
0 0.36538461538461536 0.38221153846153844 0.08173076923076923 0.04807692307692308
0 0.3449519230769231 0.47716346153846156 0.052884615384615384 0.057692307692307696
0 0.2860576923076923 0.296875 0.24278846153846154 0.16346153846153846
0 0.24759615384615385 0.19831730769230768 0.14423076923076922 0.057692307692307696
0 0.31490384615384615 0.1622596153846154 0.18509615384615385 0.1778846153846154
0 0.3449519230769231 0.08052884615384616 0.1346153846153846 0.125
0 0.6442307692307693 0.6370192307692307 0.09134615384615384 0.11538461538461539
0 0.5432692307692307 0.7896634615384616 0.18028846153846154 0.14903846153846154
0 0.6153846153846154 0.8990384615384616 0.15865384615384615 0.15384615384615385
0 0.7752403846153846 0.9338942307692307 0.23076923076923078 0.125
0 0.8377403846153846 0.8221153846153846 0.18028846153846154 0.2932692307692308
0 0.7067307692307693 0.7512019230769231 0.16346153846153846 0.14423076923076922
0 0.7163461538461539 0.8497596153846154 0.10336538461538461 0.08413461538461539
0 0.484375 0.9098557692307693 0.37259615384615385 0.17548076923076922
0 0.29927884615384615 0.703125 0.4855769230769231 0.2932692307692308
0 0.265625 0.4230769230769231 0.13942307692307693 0.10576923076923077