0 0.34134615384615385 0.8701923076923077 0.06490384615384616 0.052884615384615384
0 0.3798076923076923 0.8473557692307693 0.06490384615384616 0.08653846153846154
0 0.43149038461538464 0.8521634615384616 0.10576923076923077 0.0985576923076923
0 0.9675480769230769 0.8677884615384616 0.057692307692307696 0.0673076923076923
0 0.9483173076923077 0.8293269230769231 0.09615384615384616 0.08173076923076923
0 0.9555288461538461 0.7512019230769231 0.08173076923076923 0.11538461538461539
0 0.8954326923076923 0.6971153846153846 0.08173076923076923 0.12980769230769232
0 0.9086538461538461 0.7668269230769231 0.038461538461538464 0.07211538461538461
0 0.8569711538461539 0.7740384615384616 0.08653846153846154 0.11057692307692307
0 0.828125 0.6766826923076923 0.09134615384615384 0.13942307692307693
0 0.9350961538461539 0.5564903846153846 0.09134615384615384 0.1201923076923077
0 0.984375 0.6574519230769231 0.02403846153846154 0.0625
0 0.7235576923076923 0.6766826923076923 0.07211538461538461 0.1201923076923077
0 0.7752403846153846 0.7067307692307693 0.04567307692307692 0.07692307692307693
0 0.7475961538461539 0.7980769230769231 0.052884615384615384 0.052884615384615384
0 0.7475961538461539 0.8725961538461539 0.052884615384615384 0.057692307692307696
0 0.5625 0.6526442307692307 0.08173076923076923 0.09375
0 0.5709134615384616 0.609375 0.09615384615384616 0.0673076923076923
0 0.5492788461538461 0.7307692307692307 0.052884615384615384 0.07211538461538461
0 0.49759615384615385 0.6887019230769231 0.04807692307692308 0.125
0 0.41586538461538464 0.7560096153846154 0.0625 0.10336538461538461
0 0.39663461538461536 0.7740384615384616 0.038461538461538464 0.057692307692307696
0 0.41586538461538464 0.6947115384615384 0.08413461538461539 0.125
0 0.4735576923076923 0.6430288461538461 0.09134615384615384 0.1658653846153846
0 0.028846153846153848 0.1346153846153846 0.057692307692307696 0.08173076923076923
0 0.08173076923076923 0.1141826923076923 0.04807692307692308 0.0625
0 0.13581730769230768 0.14543269230769232 0.06490384615384616 0.07211538461538461
0 0.21153846153846154 0.16105769230769232 0.07211538461538461 0.07211538461538461
0 0.25600961538461536 0.12139423076923077 0.052884615384615384 0.04807692307692308
0 0.2920673076923077 0.13942307692307693 0.04326923076923077 0.0625
0 0.3173076923076923 0.1141826923076923 0.04567307692307692 0.052884615384615384
0 0.33774038461538464 0.17307692307692307 0.06490384615384616 0.07692307692307693
0 0.37740384615384615 0.13942307692307693 0.0625 0.11538461538461539
0 0.3762019230769231 0.09014423076923077 0.09615384615384616 0.0985576923076923
0 0.3269230769230769 0.04447115384615385 0.11057692307692307 0.08653846153846154
0 0.3629807692307692 0.06009615384615385 0.07692307692307693 0.1201923076923077
0 0.43509615384615385 0.042067307692307696 0.08653846153846154 0.08413461538461539
0 0.44711538461538464 0.109375 0.052884615384615384 0.07211538461538461
0 0.5168269230769231 0.04447115384615385 0.08173076923076923 0.08653846153846154
0 0.5264423076923077 0.0625 0.0673076923076923 0.07211538461538461
0 0.5625 0.051682692307692304 0.026442307692307692 0.0625
0 0.5132211538461539 0.11658653846153846 0.057692307692307696 0.057692307692307696
0 0.5877403846153846 0.013221153846153846 0.052884615384615384 0.026442307692307692
0 0.6466346153846154 0.039663461538461536 0.0673076923076923 0.07932692307692307
0 0.7115384615384616 0.046875 0.07211538461538461 0.09375
0 0.7680288461538461 0.042067307692307696 0.055288461538461536 0.08413461538461539
0 0.7596153846153846 0.11658653846153846 0.0673076923076923 0.08653846153846154
0 0.7896634615384616 0.17307692307692307 0.07692307692307693 0.08653846153846154
0 0.8221153846153846 0.22596153846153846 0.08173076923076923 0.0673076923076923
0 0.8725961538461539 0.21033653846153846 0.06490384615384616 0.08653846153846154
0 0.9158653846153846 0.21514423076923078 0.038461538461538464 0.04807692307692308
0 0.9519230769230769 0.24879807692307693 0.04326923076923077 0.052884615384615384
0 0.90625 0.2536057692307692 0.04807692307692308 0.052884615384615384
0 0.9375 0.27403846153846156 0.04326923076923077 0.03125
0 0.9098557692307693 0.3137019230769231 0.06490384615384616 0.0673076923076923
0 0.9483173076923077 0.3473557692307692 0.04807692307692308 0.11538461538461539
0 0.9050480769230769 0.3701923076923077 0.0625 0.057692307692307696
0 0.9747596153846154 0.30288461538461536 0.04326923076923077 0.057692307692307696
0 0.9831730769230769 0.3762019230769231 0.026442307692307692 0.0985576923076923
0 0.9735576923076923 0.42788461538461536 0.04567307692307692 0.07692307692307693
0 0.9423076923076923 0.46634615384615385 0.08413461538461539 0.125
0 0.8966346153846154 0.46634615384615385 0.08413461538461539 0.10336538461538461
0 0.8509615384615384 0.4170673076923077 0.0625 0.08653846153846154
0 0.859375 0.34975961538461536 0.038461538461538464 0.07692307692307693
0 0.8677884615384616 0.2932692307692308 0.06490384615384616 0.057692307692307696
0 0.8317307692307693 0.32091346153846156 0.09134615384615384 0.09375
0 0.7788461538461539 0.27163461538461536 0.0625 0.0985576923076923
0 0.765625 0.33413461538461536 0.057692307692307696 0.07692307692307693
0 0.8016826923076923 0.37259615384615385 0.0625 0.07211538461538461
0 0.8125 0.453125 0.038461538461538464 0.07692307692307693
0 0.7560096153846154 0.484375 0.0625 0.057692307692307696
0 0.7439903846153846 0.4098557692307692 0.0625 0.10336538461538461
0 0.05048076923076923 0.6682692307692307 0.10096153846153846 0.09615384615384616
0 0.1502403846153846 0.6213942307692307 0.06490384615384616 0.07211538461538461
0 0.18870192307692307 0.6730769230769231 0.08173076923076923 0.1346153846153846
0 0.22716346153846154 0.7355769230769231 0.04807692307692308 0.0625
0 0.2848557692307692 0.7331730769230769 0.03365384615384615 0.07692307692307693
0 0.25600961538461536 0.8185096153846154 0.028846153846153848 0.052884615384615384
0 0.15865384615384615 0.7824519230769231 0.07211538461538461 0.07211538461538461
0 0.23076923076923078 0.8677884615384616 0.09615384615384616 0.057692307692307696
0 0.4326923076923077 0.15745192307692307 0.04326923076923077 0.026442307692307692
0 0.46153846153846156 0.2127403846153846 0.0625 0.07211538461538461
0 0.49038461538461536 0.2776442307692308 0.057692307692307696 0.08653846153846154
0 0.5192307692307693 0.3076923076923077 0.028846153846153848 0.04807692307692308
0 0.5625 0.28966346153846156 0.07211538461538461 0.10336538461538461
0 0.6069711538461539 0.3293269230769231 0.038461538461538464 0.036057692307692304
0 0.6225961538461539 0.3701923076923077 0.09134615384615384 0.04807692307692308
0 0.6298076923076923 0.42427884615384615 0.10576923076923077 0.09375
0 0.6298076923076923 0.4891826923076923 0.0673076923076923 0.08653846153846154
0 0.7055288461538461 0.49278846153846156 0.07692307692307693 0.08173076923076923
0 0.6598557692307693 0.35697115384615385 0.08413461538461539 0.07211538461538461
0 0.7115384615384616 0.3473557692307692 0.04326923076923077 0.03125
0 0.6598557692307693 0.2824519230769231 0.04567307692307692 0.08653846153846154
0 0.6237980769230769 0.2824519230769231 0.057692307692307696 0.0673076923076923
0 0.6298076923076923 0.23317307692307693 0.0673076923076923 0.03125
0 0.6009615384615384 0.21033653846153846 0.08173076923076923 0.04807692307692308
0 0.59375 0.16826923076923078 0.057692307692307696 0.04807692307692308
0 0.5973557692307693 0.10336538461538461 0.07211538461538461 0.08173076923076923
0 0.6730769230769231 0.18629807692307693 0.08173076923076923 0.10336538461538461
0 0.7043269230769231 0.14543269230769232 0.057692307692307696 0.07211538461538461
0 0.7427884615384616 0.20432692307692307 0.057692307692307696 0.07692307692307693
0 0.7115384615384616 0.27163461538461536 0.04807692307692308 0.0985576923076923
0 0.7524038461538461 0.4795673076923077 0.04567307692307692 0.07692307692307693
0 0.5625 0.47115384615384615 0.057692307692307696 0.09375
0 0.5769230769230769 0.5540865384615384 0.07692307692307693 0.07211538461538461
0 0.5841346153846154 0.6117788461538461 0.0673076923076923 0.0625
0 0.4807692307692308 0.6370192307692307 0.09134615384615384 0.15384615384615385
0 0.5348557692307693 0.5673076923076923 0.038461538461538464 0.0673076923076923
0 0.5228365384615384 0.515625 0.04567307692307692 0.08653846153846154
0 0.49278846153846156 0.484375 0.04567307692307692 0.13942307692307693
0 0.5384615384615384 0.3786057692307692 0.08413461538461539 0.11538461538461539
0 0.4579326923076923 0.390625 0.08413461538461539 0.21153846153846154
0 0.43509615384615385 0.48677884615384615 0.08413461538461539 0.125
0 0.39302884615384615 0.30288461538461536 0.0673076923076923 0.11057692307692307
0 0.40625 0.3858173076923077 0.04807692307692308 0.057692307692307696
0 0.34134615384615385 0.30288461538461536 0.04807692307692308 0.08653846153846154
0 0.31850961538461536 0.3449519230769231 0.08653846153846154 0.11057692307692307
0 0.3641826923076923 0.4375 0.07211538461538461 0.07692307692307693
0 0.3737980769230769 0.4891826923076923 0.12259615384615384 0.0673076923076923
0 0.34375 0.5625 0.08413461538461539 0.08653846153846154
0 0.39302884615384615 0.5564903846153846 0.0625 0.057692307692307696
0 0.3737980769230769 0.6033653846153846 0.02403846153846154 0.04807692307692308
0 0.35096153846153844 0.6682692307692307 0.0625 0.07211538461538461
0 0.2536057692307692 0.5853365384615384 0.125 0.125
0 0.2956730769230769 0.5 0.06490384615384616 0.0985576923076923
0 0.2668269230769231 0.44350961538461536 0.10096153846153846 0.12980769230769232
0 0.23677884615384615 0.3605769230769231 0.0673076923076923 0.0985576923076923
0 0.265625 0.30528846153846156 0.04807692307692308 0.0625
0 0.27524038461538464 0.23557692307692307 0.07692307692307693 0.11057692307692307
0 0.3112980769230769 0.21754807692307693 0.04326923076923077 0.0625
0 0.25961538461538464 0.1814903846153846 0.04567307692307692 0.040865384615384616
0 0.1971153846153846 0.23076923076923078 0.06490384615384616 0.08653846153846154
0 0.21153846153846154 0.28725961538461536 0.057692307692307696 0.057692307692307696
0 0.171875 0.3786057692307692 0.0625 0.09375
0 0.19471153846153846 0.46153846153846156 0.04567307692307692 0.07211538461538461
0 0.15985576923076922 0.5108173076923077 0.0625 0.057692307692307696
0 0.11778846153846154 0.5516826923076923 0.038461538461538464 0.057692307692307696
0 0.06490384615384616 0.5492788461538461 0.08413461538461539 0.09375
0 0.055288461538461536 0.4375 0.10336538461538461 0.13942307692307693
0 0.09375 0.36538461538461536 0.06490384615384616 0.11057692307692307
0 0.13942307692307693 0.41947115384615385 0.057692307692307696 0.052884615384615384
0 0.13341346153846154 0.30288461538461536 0.09134615384615384 0.07692307692307693
0 0.05889423076923077 0.30288461538461536 0.08653846153846154 0.1201923076923077
0 0.04927884615384615 0.3605769230769231 0.04567307692307692 0.07692307692307693
0 0.006009615384615385 0.4891826923076923 0.01201923076923077 0.08653846153846154
0 0.019230769230769232 0.21995192307692307 0.038461538461538464 0.0985576923076923
0 0.07091346153846154 0.20673076923076922 0.07211538461538461 0.09375
0 0.14543269230769232 0.22596153846153846 0.0625 0.08653846153846154
0 0.6658653846153846 0.5961538461538461 0.08653846153846154 0.11538461538461539
0 0.7427884615384616 0.5492788461538461 0.09615384615384616 0.0625
0 0.8629807692307693 0.03365384615384615 0.052884615384615384 0.0673076923076923
0 0.4987980769230769 0.4519230769230769 0.9975961538461539 0.9038461538461539