0 0.8269230769230769 0.4639423076923077 0.2668269230769231 0.3942307692307692
0 0.953125 0.3629807692307692 0.08653846153846154 0.5120192307692307
0 0.9495192307692307 0.0985576923076923 0.09375 0.125
0 0.8365384615384616 0.14302884615384615 0.18028846153846154 0.27403846153846156
0 0.6370192307692307 0.21394230769230768 0.2548076923076923 0.3942307692307692
0 0.703125 0.5769230769230769 0.15384615384615385 0.33413461538461536
0 0.7788461538461539 0.6670673076923077 0.07692307692307693 0.08173076923076923
0 0.8786057692307693 0.7175480769230769 0.23557692307692307 0.2692307692307692
0 0.25841346153846156 0.6995192307692307 0.21153846153846154 0.4110576923076923
0 0.09975961538461539 0.47836538461538464 0.19471153846153846 0.4375
0 0.1814903846153846 0.21754807692307693 0.16346153846153846 0.31490384615384615
0 0.38221153846153844 0.22596153846153846 0.3317307692307692 0.43990384615384615
0 0.43990384615384615 0.5084134615384616 0.5384615384615384 0.2548076923076923
0 0.5685096153846154 0.4495192307692308 0.13701923076923078 0.17307692307692307
0 0.12860576923076922 0.07692307692307693 0.25 0.14423076923076922
0 0.13822115384615385 0.8233173076923077 0.15625 0.3485576923076923
0 0.4987980769230769 0.9543269230769231 0.5841346153846154 0.08653846153846154
0 0.5372596153846154 0.8425480769230769 0.5072115384615384 0.13701923076923078
0 0.5564903846153846 0.7295673076923077 0.46634615384615385 0.17307692307692307