0 0.32091346153846156 0.11298076923076923 0.6346153846153846 0.21634615384615385
0 0.7740384615384616 0.13822115384615385 0.44711538461538464 0.25721153846153844
0 0.9074519230769231 0.06129807692307692 0.18028846153846154 0.11778846153846154
0 0.5600961538461539 0.26802884615384615 0.7115384615384616 0.3605769230769231
0 0.11177884615384616 0.2704326923076923 0.21634615384615385 0.25240384615384615
0 0.19831730769230768 0.4206730769230769 0.3894230769230769 0.3870192307692308
0 0.30288461538461536 0.3605769230769231 0.38221153846153844 0.2692307692307692
0 0.33052884615384615 0.4795673076923077 0.17307692307692307 0.1346153846153846
0 0.30528846153846156 0.6394230769230769 0.18509615384615385 0.21634615384615385
0 0.328125 0.8533653846153846 0.10096153846153846 0.21153846153846154
0 0.171875 0.7560096153846154 0.3245192307692308 0.4831730769230769
0 0.07932692307692307 0.8810096153846154 0.15144230769230768 0.23557692307692307
0 0.30288461538461536 0.9723557692307693 0.10096153846153846 0.05048076923076923
0 0.3858173076923077 0.953125 0.07692307692307693 0.09134615384615384
0 0.42908653846153844 0.8269230769230769 0.10817307692307693 0.23076923076923078
0 0.4735576923076923 0.9699519230769231 0.09134615384615384 0.055288461538461536
0 0.5060096153846154 0.7463942307692307 0.23317307692307693 0.5024038461538461
0 0.6502403846153846 0.7872596153846154 0.21875 0.4206730769230769
0 0.6598557692307693 0.6057692307692307 0.27884615384615385 0.5625
0 0.5228365384615384 0.4567307692307692 0.25961538461538464 0.3557692307692308
0 0.7800480769230769 0.5721153846153846 0.125 0.3004807692307692
0 0.4735576923076923 0.08533653846153846 0.25961538461538464 0.08653846153846154
0 0.9507211538461539 0.28846153846153844 0.09375 0.10576923076923077
0 0.9435096153846154 0.43028846153846156 0.11057692307692307 0.18028846153846154
0 0.8786057692307693 0.5745192307692307 0.23798076923076922 0.3173076923076923
0 0.9314903846153846 0.8100961538461539 0.13221153846153846 0.25
0 0.9170673076923077 0.9435096153846154 0.16105769230769232 0.10817307692307693
0 0.8629807692307693 0.6370192307692307 0.2692307692307692 0.7211538461538461
0 0.5 0.5 0.9951923076923077 0.9951923076923077