0 0.13822115384615385 0.45072115384615385 0.16826923076923078 0.27884615384615385
0 0.32211538461538464 0.8665865384615384 0.10096153846153846 0.21153846153846154
0 0.26322115384615385 0.7956730769230769 0.038461538461538464 0.07211538461538461
0 0.25600961538461536 0.7728365384615384 0.0625 0.15865384615384615
0 0.22596153846153846 0.6694711538461539 0.09615384615384616 0.09134615384615384
0 0.18269230769230768 0.6478365384615384 0.09615384615384616 0.125
0 0.18509615384615385 0.5961538461538461 0.09375 0.11057692307692307
0 0.2536057692307692 0.4375 0.10817307692307693 0.20673076923076922
0 0.23918269230769232 0.37740384615384615 0.057692307692307696 0.08653846153846154
0 0.27884615384615385 0.32211538461538464 0.036057692307692304 0.07692307692307693
0 0.3894230769230769 0.5060096153846154 0.21394230769230768 0.11538461538461539
0 0.3112980769230769 0.6225961538461539 0.15384615384615385 0.1201923076923077
0 0.28846153846153844 0.7019230769230769 0.09134615384615384 0.125
0 0.5396634615384616 0.71875 0.4639423076923077 0.27884615384615385
0 0.5360576923076923 0.8329326923076923 0.34134615384615385 0.16826923076923078
0 0.7475961538461539 0.7211538461538461 0.20673076923076922 0.2620192307692308
0 0.7427884615384616 0.5625 0.057692307692307696 0.11057692307692307
0 0.7560096153846154 0.46153846153846156 0.03365384615384615 0.08173076923076923
0 0.8245192307692307 0.4891826923076923 0.10576923076923077 0.14903846153846154
0 0.8569711538461539 0.3629807692307692 0.11057692307692307 0.15865384615384615
0 0.9399038461538461 0.41586538461538464 0.07692307692307693 0.11057692307692307
0 0.7740384615384616 0.3389423076923077 0.09134615384615384 0.14182692307692307
0 0.7391826923076923 0.41586538461538464 0.05048076923076923 0.11057692307692307
0 0.6971153846153846 0.328125 0.0673076923076923 0.14182692307692307
0 0.6153846153846154 0.20793269230769232 0.15384615384615385 0.0985576923076923
0 0.6358173076923077 0.2956730769230769 0.1201923076923077 0.16346153846153846
0 0.4170673076923077 0.22716346153846154 0.10817307692307693 0.23557692307692307
0 0.48677884615384615 0.234375 0.04807692307692308 0.12980769230769232
0 0.38100961538461536 0.2512019230769231 0.07211538461538461 0.16346153846153846
0 0.3786057692307692 0.31971153846153844 0.004807692307692308 0.004807692307692308
0 0.3317307692307692 0.2956730769230769 0.0673076923076923 0.052884615384615384
0 0.25961538461538464 0.43149038461538464 0.10576923076923077 0.27403846153846156
0 0.35336538461538464 0.39302884615384615 0.1201923076923077 0.2403846153846154
0 0.4795673076923077 0.3557692307692308 0.19230769230769232 0.1875
0 0.546875 0.453125 0.10096153846153846 0.11057692307692307
0 0.5396634615384616 0.5877403846153846 0.13942307692307693 0.14903846153846154
0 0.46033653846153844 0.6177884615384616 0.057692307692307696 0.0985576923076923
0 0.39663461538461536 0.5901442307692307 0.07692307692307693 0.0673076923076923
0 0.6538461538461539 0.47836538461538464 0.11057692307692307 0.18028846153846154
0 0.7079326923076923 0.5324519230769231 0.11057692307692307 0.11538461538461539