0 0.6105769230769231 0.5216346153846154 0.2980769230769231 0.3173076923076923
0 0.7091346153846154 0.4639423076923077 0.11057692307692307 0.2091346153846154
0 0.6490384615384616 0.24278846153846154 0.1875 0.27163461538461536
0 0.5889423076923077 0.09134615384615384 0.15384615384615385 0.1466346153846154
0 0.5024038461538461 0.07091346153846154 0.25721153846153844 0.1346153846153846
0 0.5072115384615384 0.25721153846153844 0.125 0.25721153846153844
0 0.4375 0.40024038461538464 0.19230769230769232 0.2668269230769231
0 0.40625 0.390625 0.11057692307692307 0.08173076923076923
0 0.37740384615384615 0.19831730769230768 0.1778846153846154 0.17307692307692307
0 0.27524038461538464 0.057692307692307696 0.23076923076923078 0.10576923076923077
0 0.24879807692307693 0.2692307692307692 0.15144230769230768 0.08413461538461539
0 0.24879807692307693 0.3581730769230769 0.1875 0.11057692307692307
0 0.19591346153846154 0.24278846153846154 0.1778846153846154 0.24519230769230768
0 0.0889423076923077 0.23317307692307693 0.08173076923076923 0.07692307692307693
0 0.18028846153846154 0.43990384615384615 0.08413461538461539 0.09615384615384616
0 0.3016826923076923 0.453125 0.1971153846153846 0.21153846153846154
0 0.3605769230769231 0.5649038461538461 0.08173076923076923 0.0889423076923077
0 0.421875 0.5528846153846154 0.052884615384615384 0.0673076923076923
0 0.5048076923076923 0.6394230769230769 0.16346153846153846 0.21153846153846154
0 0.35336538461538464 0.6754807692307693 0.2548076923076923 0.28365384615384615
0 0.3161057692307692 0.7932692307692307 0.15865384615384615 0.09375
0 0.2848557692307692 0.8641826923076923 0.1778846153846154 0.11057692307692307
0 0.15985576923076922 0.7379807692307693 0.16826923076923078 0.22115384615384615
0 0.15985576923076922 0.5733173076923077 0.15865384615384615 0.125
0 0.13942307692307693 0.45072115384615385 0.17307692307692307 0.13942307692307693
0 0.10216346153846154 0.32211538461538464 0.11538461538461539 0.12980769230769232
0 0.037259615384615384 0.2956730769230769 0.0673076923076923 0.057692307692307696
0 0.027644230769230768 0.37259615384615385 0.05048076923076923 0.08653846153846154
0 0.039663461538461536 0.4891826923076923 0.07451923076923077 0.15625
0 0.014423076923076924 0.6334134615384616 0.02403846153846154 0.14182692307692307
0 0.052884615384615384 0.6045673076923077 0.0889423076923077 0.1778846153846154
0 0.036057692307692304 0.7848557692307693 0.07211538461538461 0.10096153846153846
0 0.055288461538461536 0.6574519230769231 0.10096153846153846 0.19471153846153846
0 0.0625 0.9158653846153846 0.04326923076923077 0.09615384615384616
0 0.15504807692307693 0.921875 0.10576923076923077 0.057692307692307696
0 0.14423076923076922 0.8425480769230769 0.11057692307692307 0.13942307692307693
0 0.38100961538461536 0.49038461538461536 0.7572115384615384 0.9711538461538461