0 0.6923076923076923 0.8942307692307693 0.35096153846153844 0.17307692307692307
0 0.6286057692307693 0.9711538461538461 0.20192307692307693 0.05048076923076923
0 0.8076923076923077 0.984375 0.18269230769230768 0.026442307692307692
0 0.7920673076923077 0.8810096153846154 0.40384615384615385 0.23317307692307693
0 0.8233173076923077 0.7956730769230769 0.2644230769230769 0.23317307692307693
0 0.9026442307692307 0.7620192307692307 0.18269230769230768 0.14182692307692307
0 0.9338942307692307 0.6923076923076923 0.1201923076923077 0.05048076923076923
0 0.8521634615384616 0.6069711538461539 0.28365384615384615 0.18269230769230768
0 0.9278846153846154 0.5288461538461539 0.13221153846153846 0.11298076923076923
0 0.7644230769230769 0.5 0.19471153846153846 0.10576923076923077
0 0.6694711538461539 0.5252403846153846 0.14423076923076922 0.10096153846153846
0 0.7259615384615384 0.6358173076923077 0.08173076923076923 0.07692307692307693
0 0.6514423076923077 0.65625 0.19471153846153846 0.11538461538461539
0 0.5348557692307693 0.5721153846153846 0.21394230769230768 0.10096153846153846
0 0.5625 0.5084134615384616 0.09375 0.040865384615384616
0 0.8894230769230769 0.42908653846153844 0.20673076923076922 0.12980769230769232
0 0.9375 0.30649038461538464 0.11298076923076923 0.12259615384615384
0 0.7704326923076923 0.3641826923076923 0.2692307692307692 0.14423076923076922
0 0.6225961538461539 0.41346153846153844 0.22596153846153846 0.14182692307692307
0 0.49399038461538464 0.4375 0.16826923076923078 0.10096153846153846
0 0.35216346153846156 0.5084134615384616 0.30288461538461536 0.14182692307692307
0 0.4026442307692308 0.6177884615384616 0.1778846153846154 0.040865384615384616
0 0.45552884615384615 0.703125 0.3317307692307692 0.1778846153846154
0 0.47475961538461536 0.8810096153846154 0.5336538461538461 0.22115384615384615
0 0.4807692307692308 0.9182692307692307 0.06971153846153846 0.038461538461538464
0 0.5216346153846154 0.9579326923076923 0.0625 0.04807692307692308
0 0.42788461538461536 0.96875 0.2644230769230769 0.057692307692307696
0 0.29927884615384615 0.90625 0.09375 0.038461538461538464
0 0.3485576923076923 0.8786057692307693 0.09375 0.040865384615384616
0 0.28966346153846156 0.8665865384615384 0.0625 0.06009615384615385
0 0.2764423076923077 0.8221153846153846 0.05048076923076923 0.021634615384615384
0 0.22596153846153846 0.7956730769230769 0.05048076923076923 0.038461538461538464
0 0.3737980769230769 0.8016826923076923 0.2692307692307692 0.10817307692307693
0 0.21033653846153846 0.828125 0.15865384615384615 0.0985576923076923
0 0.16346153846153846 0.9387019230769231 0.1875 0.11057692307692307
0 0.19831730769230768 0.9747596153846154 0.16826923076923078 0.04567307692307692
0 0.16947115384615385 0.8713942307692307 0.08653846153846154 0.055288461538461536
0 0.08533653846153846 0.8713942307692307 0.16826923076923078 0.0625
0 0.07932692307692307 0.90625 0.15865384615384615 0.07211538461538461
0 0.05048076923076923 0.9399038461538461 0.08653846153846154 0.05048076923076923
0 0.078125 0.8197115384615384 0.08173076923076923 0.028846153846153848
0 0.09134615384615384 0.8473557692307693 0.10576923076923077 0.03365384615384615
0 0.052884615384615384 0.7872596153846154 0.08173076923076923 0.028846153846153848
0 0.0625 0.7596153846153846 0.07692307692307693 0.03365384615384615
0 0.037259615384615384 0.7235576923076923 0.05048076923076923 0.019230769230769232
0 0.013221153846153846 0.6971153846153846 0.026442307692307692 0.02403846153846154
0 0.06971153846153846 0.6418269230769231 0.08653846153846154 0.15865384615384615
0 0.10697115384615384 0.734375 0.07692307692307693 0.040865384615384616
0 0.13581730769230768 0.7788461538461539 0.09375 0.052884615384615384
0 0.19831730769230768 0.7199519230769231 0.1201923076923077 0.10817307692307693
0 0.13822115384615385 0.671875 0.10096153846153846 0.08653846153846154
0 0.17307692307692307 0.6274038461538461 0.08173076923076923 0.04807692307692308
0 0.17908653846153846 0.5913461538461539 0.09375 0.03125
0 0.13581730769230768 0.5576923076923077 0.13221153846153846 0.08653846153846154
0 0.17668269230769232 0.5396634615384616 0.0625 0.03365384615384615
0 0.22355769230769232 0.5552884615384616 0.057692307692307696 0.021634615384615384
0 0.2704326923076923 0.5805288461538461 0.07692307692307693 0.03365384615384615
0 0.2608173076923077 0.6165865384615384 0.10576923076923077 0.08653846153846154
0 0.15985576923076922 0.47115384615384615 0.20673076923076922 0.09375
0 0.040865384615384616 0.4951923076923077 0.08173076923076923 0.0673076923076923
0 0.03485576923076923 0.5625 0.06971153846153846 0.06971153846153846
0 0.015625 0.6069711538461539 0.03125 0.038461538461538464
0 0.24158653846153846 0.421875 0.24519230769230768 0.0625
0 0.3894230769230769 0.421875 0.0625 0.03125
0 0.3173076923076923 0.33052884615384615 0.3581730769230769 0.16826923076923078
0 0.5408653846153846 0.3473557692307692 0.10096153846153846 0.07692307692307693
0 0.6983173076923077 0.2800480769230769 0.2764423076923077 0.125
0 0.8870192307692307 0.22596153846153846 0.1875 0.10576923076923077
0 0.9399038461538461 0.13341346153846154 0.10576923076923077 0.14182692307692307
0 0.8581730769230769 0.12620192307692307 0.1201923076923077 0.11298076923076923
0 0.7079326923076923 0.16706730769230768 0.19471153846153846 0.10576923076923077
0 0.578125 0.2283653846153846 0.13942307692307693 0.07692307692307693
0 0.5 0.2860576923076923 0.13221153846153846 0.057692307692307696
0 0.41466346153846156 0.22355769230769232 0.20192307692307693 0.08653846153846154
0 0.36177884615384615 0.22115384615384615 0.09375 0.052884615384615384
0 0.203125 0.11177884615384616 0.40625 0.21875
0 0.10096153846153846 0.34134615384615385 0.20192307692307693 0.375
0 0.05048076923076923 0.4074519230769231 0.10096153846153846 0.12980769230769232
0 0.040865384615384616 0.25961538461538464 0.08173076923076923 0.08653846153846154
0 0.02283653846153846 0.3112980769230769 0.04567307692307692 0.040865384615384616
0 0.09375 0.22115384615384615 0.08653846153846154 0.06009615384615385
0 0.2548076923076923 0.2247596153846154 0.1201923076923077 0.052884615384615384
0 0.47836538461538464 0.12740384615384615 0.21394230769230768 0.14182692307692307
0 0.7043269230769231 0.1141826923076923 0.30288461538461536 0.15865384615384615
0 0.9302884615384616 0.037259615384615384 0.12980769230769232 0.06971153846153846
0 0.6790865384615384 0.027644230769230768 0.25240384615384615 0.05048076923076923
0 0.5096153846153846 0.039663461538461536 0.22596153846153846 0.07692307692307693
0 0.4987980769230769 0.5 0.9975961538461539 0.9951923076923077