0 0.36899038461538464 0.5504807692307693 0.46153846153846156 0.4110576923076923
0 0.1466346153846154 0.5 0.2860576923076923 0.5144230769230769
0 0.30528846153846156 0.8137019230769231 0.6057692307692307 0.36778846153846156
0 0.0829326923076923 0.9254807692307693 0.16105769230769232 0.14423076923076922
0 0.7860576923076923 0.7872596153846154 0.4230769230769231 0.4206730769230769
0 0.7512019230769231 0.4567307692307692 0.41346153846153844 0.3245192307692308
0 0.953125 0.2512019230769231 0.07692307692307693 0.08653846153846154
0 0.5216346153846154 0.36538461538461536 0.07211538461538461 0.11057692307692307
0 0.45913461538461536 0.35336538461538464 0.055288461538461536 0.09615384615384616
0 0.4170673076923077 0.17548076923076922 0.07451923076923077 0.07692307692307693
0 0.05048076923076923 0.17307692307692307 0.04807692307692308 0.07211538461538461
0 0.037259615384615384 0.28966346153846156 0.0673076923076923 0.0625
0 0.19471153846153846 0.23798076923076922 0.05048076923076923 0.07211538461538461
0 0.26322115384615385 0.21514423076923078 0.0625 0.07692307692307693
0 0.28966346153846156 0.1622596153846154 0.07211538461538461 0.07211538461538461
0 0.21754807692307693 0.1778846153846154 0.0673076923076923 0.09134615384615384
0 0.5372596153846154 0.1875 0.07692307692307693 0.09134615384615384
0 0.5432692307692307 0.2536057692307692 0.07451923076923077 0.0625
0 0.609375 0.28725961538461536 0.07451923076923077 0.08653846153846154
0 0.4495192307692308 0.7788461538461539 0.04326923076923077 0.07692307692307693
0 0.40024038461538464 0.7668269230769231 0.055288461538461536 0.08173076923076923
0 0.4807692307692308 0.11899038461538461 0.08173076923076923 0.04567307692307692
0 0.5685096153846154 0.11658653846153846 0.07692307692307693 0.040865384615384616
0 0.6298076923076923 0.18509615384615385 0.0673076923076923 0.09615384615384616
0 0.6838942307692307 0.1778846153846154 0.05048076923076923 0.0625
0 0.7103365384615384 0.13701923076923078 0.07692307692307693 0.07211538461538461
0 0.6586538461538461 0.1141826923076923 0.07692307692307693 0.036057692307692304
0 0.7451923076923077 0.17307692307692307 0.04807692307692308 0.05048076923076923
0 0.9519230769230769 0.109375 0.09134615384615384 0.026442307692307692