0 0.6598557692307693 0.4879807692307692 0.4951923076923077 0.35096153846153844
0 0.6887019230769231 0.34134615384615385 0.5408653846153846 0.28365384615384615
0 0.7367788461538461 0.7932692307692307 0.18509615384615385 0.18269230769230768
0 0.6081730769230769 0.8509615384615384 0.16346153846153846 0.1658653846153846
0 0.5673076923076923 0.9615384615384616 0.18509615384615385 0.06971153846153846
0 0.43509615384615385 0.8413461538461539 0.33653846153846156 0.3076923076923077
0 0.28846153846153844 0.7860576923076923 0.23557692307692307 0.12740384615384615
0 0.453125 0.7355769230769231 0.125 0.1658653846153846
0 0.23197115384615385 0.6790865384615384 0.14423076923076922 0.15384615384615385
0 0.35096153846153844 0.5985576923076923 0.17548076923076922 0.125
0 0.3629807692307692 0.6790865384615384 0.10817307692307693 0.038461538461538464
0 0.7752403846153846 0.6694711538461539 0.27403846153846156 0.17307692307692307
0 0.6850961538461539 0.9483173076923077 0.10336538461538461 0.09615384615384616
0 0.8269230769230769 0.5288461538461539 0.15865384615384615 0.2403846153846154
0 0.9411057692307693 0.546875 0.09615384615384616 0.08173076923076923
0 0.47115384615384615 0.25841346153846156 0.18028846153846154 0.12980769230769232
0 0.296875 0.296875 0.15865384615384615 0.13942307692307693
0 0.27884615384615385 0.4362980769230769 0.27884615384615385 0.16346153846153846
0 0.23197115384615385 0.5540865384615384 0.18509615384615385 0.12740384615384615
0 0.4074519230769231 0.14423076923076922 0.17548076923076922 0.057692307692307696
0 0.4098557692307692 0.18870192307692307 0.14903846153846154 0.10096153846153846
0 0.5180288461538461 0.18389423076923078 0.09615384615384616 0.05048076923076923
0 0.48677884615384615 0.09615384615384616 0.23076923076923078 0.125
0 0.6598557692307693 0.17908653846153846 0.125 0.0673076923076923
0 0.5793269230769231 0.21634615384615385 0.0673076923076923 0.038461538461538464
0 0.6346153846153846 0.1201923076923077 0.09134615384615384 0.08653846153846154
0 0.71875 0.11538461538461539 0.07692307692307693 0.052884615384615384
0 0.7548076923076923 0.16826923076923078 0.04807692307692308 0.0673076923076923
0 0.6346153846153846 0.039663461538461536 0.08653846153846154 0.07451923076923077
0 0.5408653846153846 0.03125 0.10336538461538461 0.04807692307692308