0 0.05048076923076923 0.8990384615384616 0.10096153846153846 0.18990384615384615
0 0.12139423076923077 0.9675480769230769 0.1971153846153846 0.052884615384615384
0 0.7980769230769231 0.8870192307692307 0.16826923076923078 0.21394230769230768
0 0.8401442307692307 0.9675480769230769 0.08653846153846154 0.052884615384615384
0 0.9302884615384616 0.9639423076923077 0.10576923076923077 0.06009615384615385
0 0.9302884615384616 0.9134615384615384 0.1346153846153846 0.16105769230769232
0 0.9603365384615384 0.7920673076923077 0.07211538461538461 0.12980769230769232
0 0.9230769230769231 0.8149038461538461 0.052884615384615384 0.15384615384615385
0 0.8677884615384616 0.8269230769230769 0.09134615384615384 0.20192307692307693
0 0.8521634615384616 0.7139423076923077 0.10336538461538461 0.09615384615384616
0 0.7896634615384616 0.7800480769230769 0.0673076923076923 0.08173076923076923
0 0.7632211538461539 0.8545673076923077 0.10576923076923077 0.10096153846153846
0 0.6935096153846154 0.9459134615384616 0.08653846153846154 0.09615384615384616
0 0.53125 0.7740384615384616 0.39663461538461536 0.43990384615384615
0 0.8449519230769231 0.3449519230769231 0.30288461538461536 0.47596153846153844
0 0.828125 0.2800480769230769 0.33653846153846156 0.3798076923076923
0 0.48677884615384615 0.7139423076923077 0.43990384615384615 0.5600961538461539
0 0.41466346153846156 0.6730769230769231 0.49038461538461536 0.6442307692307693
0 0.27163461538461536 0.5925480769230769 0.16346153846153846 0.22115384615384615
0 0.23557692307692307 0.7884615384615384 0.16826923076923078 0.24519230769230768
0 0.08413461538461539 0.8449519230769231 0.16826923076923078 0.20432692307692307
0 0.1201923076923077 0.6670673076923077 0.22115384615384615 0.16826923076923078
0 0.38221153846153844 0.43509615384615385 0.18990384615384615 0.1778846153846154
0 0.39783653846153844 0.5769230769230769 0.14903846153846154 0.21394230769230768
0 0.5288461538461539 0.3870192307692308 0.14423076923076922 0.22596153846153846
0 0.6322115384615384 0.28846153846153844 0.13701923076923078 0.16105769230769232
0 0.6802884615384616 0.22596153846153846 0.10096153846153846 0.10576923076923077
0 0.7451923076923077 0.18509615384615385 0.12980769230769232 0.1201923076923077
0 0.7764423076923077 0.07692307692307693 0.15384615384615385 0.14423076923076922
0 0.8882211538461539 0.021634615384615384 0.12259615384615384 0.04326923076923077
0 0.8161057692307693 0.203125 0.31490384615384615 0.40625
0 0.21514423076923078 0.35096153846153844 0.21153846153846154 0.3942307692307692
0 0.37740384615384615 0.09014423076923077 0.11538461538461539 0.18028846153846154
0 0.015625 0.31009615384615385 0.03125 0.4182692307692308
0 0.0733173076923077 0.3245192307692308 0.1466346153846154 0.3629807692307692
0 0.08413461538461539 0.43509615384615385 0.16826923076923078 0.34615384615384615
0 0.06490384615384616 0.5204326923076923 0.09134615384615384 0.13701923076923078
0 0.08774038461538461 0.06850961538461539 0.12980769230769232 0.13701923076923078
0 0.22355769230769232 0.06009615384615385 0.11298076923076923 0.1201923076923077
0 0.5012019230769231 0.10697115384615384 0.11057692307692307 0.21394230769230768
0 0.6069711538461539 0.06610576923076923 0.08413461538461539 0.13221153846153846
0 0.6754807692307693 0.03245192307692308 0.038461538461538464 0.06490384615384616
0 0.3762019230769231 0.24759615384615385 0.15384615384615385 0.22115384615384615