0 0.8870192307692307 0.8930288461538461 0.11057692307692307 0.20192307692307693
0 0.9362980769230769 0.7596153846153846 0.1201923076923077 0.17307692307692307
0 0.9435096153846154 0.6141826923076923 0.10576923076923077 0.18028846153846154
0 0.8894230769230769 0.5432692307692307 0.14903846153846154 0.19230769230769232
0 0.9086538461538461 0.36658653846153844 0.12980769230769232 0.15384615384615385
0 0.9146634615384616 0.16706730769230768 0.1346153846153846 0.21153846153846154
0 0.8341346153846154 0.12620192307692307 0.07692307692307693 0.14182692307692307
0 0.7548076923076923 0.15625 0.14903846153846154 0.23557692307692307
0 0.8004807692307693 0.2764423076923077 0.13942307692307693 0.15865384615384615
0 0.796875 0.45913461538461536 0.12980769230769232 0.1971153846153846
0 0.7487980769230769 0.5901442307692307 0.15865384615384615 0.2091346153846154
0 0.8197115384615384 0.6971153846153846 0.1346153846153846 0.15865384615384615
0 0.8040865384615384 0.8473557692307693 0.14423076923076922 0.1971153846153846
0 0.7415865384615384 0.9639423076923077 0.11057692307692307 0.06009615384615385
0 0.6730769230769231 0.8822115384615384 0.13701923076923078 0.15865384615384615
0 0.6358173076923077 0.9699519230769231 0.12259615384615384 0.04807692307692308
0 0.5360576923076923 0.890625 0.12740384615384615 0.20673076923076922
0 0.34134615384615385 0.9399038461538461 0.13942307692307693 0.11057692307692307
0 0.39783653846153844 0.953125 0.0673076923076923 0.08173076923076923
0 0.44711538461538464 0.9314903846153846 0.07211538461538461 0.125
0 0.21875 0.953125 0.1466346153846154 0.08173076923076923
0 0.09975961538461539 0.8822115384615384 0.14182692307692307 0.22355769230769232
0 0.03485576923076923 0.6069711538461539 0.06971153846153846 0.20673076923076922
0 0.12139423076923077 0.6502403846153846 0.1346153846153846 0.2283653846153846
0 0.21033653846153846 0.8064903846153846 0.13942307692307693 0.22355769230769232
0 0.24759615384615385 0.6610576923076923 0.125 0.17307692307692307
0 0.2548076923076923 0.5216346153846154 0.14423076923076922 0.21153846153846154
0 0.15985576923076922 0.4206730769230769 0.15384615384615385 0.2091346153846154
0 0.07451923076923077 0.4699519230769231 0.11298076923076923 0.1875
0 0.09975961538461539 0.28966346153846156 0.04807692307692308 0.12980769230769232
0 0.16947115384615385 0.25961538461538464 0.14903846153846154 0.21394230769230768
0 0.29447115384615385 0.3112980769230769 0.13221153846153846 0.1971153846153846
0 0.3088942307692308 0.40384615384615385 0.16826923076923078 0.0985576923076923
0 0.4254807692307692 0.453125 0.06490384615384616 0.08653846153846154
0 0.453125 0.5709134615384616 0.0985576923076923 0.18028846153846154
0 0.35096153846153844 0.49399038461538464 0.0985576923076923 0.15865384615384615
0 0.12379807692307693 0.109375 0.13221153846153846 0.1971153846153846
0 0.23317307692307693 0.08774038461538461 0.11778846153846154 0.17548076923076922
0 0.3173076923076923 0.03125 0.11538461538461539 0.057692307692307696
0 0.44591346153846156 0.046875 0.14182692307692307 0.09134615384615384
0 0.5997596153846154 0.08774038461538461 0.11778846153846154 0.17307692307692307
0 0.6983173076923077 0.03485576923076923 0.11778846153846154 0.06490384615384616
0 0.8076923076923077 0.03125 0.11057692307692307 0.057692307692307696
0 0.6814903846153846 0.28966346153846156 0.10576923076923077 0.1971153846153846
0 0.5733173076923077 0.24879807692307693 0.1201923076923077 0.19230769230769232
0 0.4891826923076923 0.15264423076923078 0.11298076923076923 0.1971153846153846
0 0.41466346153846156 0.2980769230769231 0.10336538461538461 0.20192307692307693
0 0.3557692307692308 0.13942307692307693 0.11778846153846154 0.16826923076923078
0 0.4230769230769231 0.1502403846153846 0.038461538461538464 0.13701923076923078
0 0.5805288461538461 0.43990384615384615 0.1201923076923077 0.18028846153846154
0 0.6730769230769231 0.48677884615384615 0.12980769230769232 0.17307692307692307
0 0.6550480769230769 0.7295673076923077 0.15865384615384615 0.23557692307692307
0 0.4855769230769231 0.7788461538461539 0.1201923076923077 0.20192307692307693
0 0.5612980769230769 0.671875 0.1346153846153846 0.21875
0 0.36899038461538464 0.8221153846153846 0.12740384615384615 0.15865384615384615
0 0.29086538461538464 0.8197115384615384 0.057692307692307696 0.17307692307692307
0 0.36899038461538464 0.6802884615384616 0.14182692307692307 0.21153846153846154
0 0.48677884615384615 0.3629807692307692 0.11057692307692307 0.19230769230769232
0 0.4326923076923077 0.44591346153846156 0.08173076923076923 0.10336538461538461