0 0.2860576923076923 0.07091346153846154 0.14903846153846154 0.09615384615384616
0 0.21875 0.025240384615384616 0.12980769230769232 0.04326923076923077
0 0.30408653846153844 0.29927884615384615 0.1346153846153846 0.08173076923076923
0 0.30649038461538464 0.4098557692307692 0.22115384615384615 0.1466346153846154
0 0.48677884615384615 0.3786057692307692 0.20192307692307693 0.15384615384615385
0 0.43509615384615385 0.5036057692307693 0.19230769230769232 0.14903846153846154
0 0.5973557692307693 0.5216346153846154 0.1346153846153846 0.125
0 0.53125 0.6213942307692307 0.22596153846153846 0.12980769230769232
0 0.3425480769230769 0.6694711538461539 0.17067307692307693 0.1201923076923077
0 0.234375 0.6021634615384616 0.19230769230769232 0.1466346153846154
0 0.14423076923076922 0.4963942307692308 0.15384615384615385 0.14903846153846154
0 0.0673076923076923 0.3942307692307692 0.125 0.2692307692307692
0 0.1310096153846154 0.2668269230769231 0.25240384615384615 0.30288461538461536
0 0.21394230769230768 0.13701923076923078 0.4182692307692308 0.2668269230769231
0 0.39903846153846156 0.1502403846153846 0.36538461538461536 0.2932692307692308
0 0.546875 0.20432692307692307 0.4326923076923077 0.4014423076923077
0 0.7932692307692307 0.19110576923076922 0.20673076923076922 0.14903846153846154
0 0.7451923076923077 0.06610576923076923 0.18028846153846154 0.125
0 0.9134615384615384 0.06971153846153846 0.16826923076923078 0.1346153846153846
0 0.9807692307692307 0.1346153846153846 0.03365384615384615 0.07211538461538461
0 0.3016826923076923 0.8653846153846154 0.15865384615384615 0.10817307692307693
0 0.28125 0.8125 0.07692307692307693 0.08173076923076923
0 0.25 0.953125 0.20192307692307693 0.09134615384615384
0 0.15745192307692307 0.9098557692307693 0.09615384615384616 0.11057692307692307
0 0.25240384615384615 0.6935096153846154 0.4951923076923077 0.35096153846153844
0 0.5288461538461539 0.796875 0.19230769230769232 0.22115384615384615
0 0.6574519230769231 0.6081730769230769 0.08653846153846154 0.1346153846153846
0 0.7752403846153846 0.6370192307692307 0.23076923076923078 0.2932692307692308
0 0.8004807692307693 0.41346153846153844 0.3942307692307692 0.4951923076923077
0 0.8737980769230769 0.8125 0.17067307692307693 0.09615384615384616
0 0.734375 0.7524038461538461 0.14903846153846154 0.125
0 0.6490384615384616 0.8317307692307693 0.10336538461538461 0.10576923076923077
0 0.4170673076923077 0.9639423076923077 0.13701923076923078 0.0673076923076923
0 0.4254807692307692 0.9038461538461539 0.17067307692307693 0.06971153846153846
0 0.5564903846153846 0.9435096153846154 0.16346153846153846 0.11057692307692307
0 0.6466346153846154 0.8377403846153846 0.12980769230769232 0.10817307692307693
0 0.703125 0.9483173076923077 0.10817307692307693 0.07451923076923077
0 0.7271634615384616 0.8653846153846154 0.17548076923076922 0.11538461538461539
0 0.9242788461538461 0.8497596153846154 0.1466346153846154 0.12740384615384615
0 0.9627403846153846 0.7379807692307693 0.06971153846153846 0.17307692307692307
0 0.8846153846153846 0.7043269230769231 0.1201923076923077 0.12740384615384615
0 0.5012019230769231 0.4987980769230769 0.9975961538461539 0.9975961538461539