0 0.4375 0.6442307692307693 0.17307692307692307 0.1201923076923077
0 0.40024038461538464 0.6875 0.15144230769230768 0.07211538461538461
0 0.3425480769230769 0.7475961538461539 0.1201923076923077 0.10096153846153846
0 0.31971153846153844 0.8257211538461539 0.09375 0.08413461538461539
0 0.3557692307692308 0.8581730769230769 0.10576923076923077 0.04326923076923077
0 0.3798076923076923 0.9146634615384616 0.14182692307692307 0.07932692307692307
0 0.27524038461538464 0.7475961538461539 0.1201923076923077 0.06490384615384616
0 0.3088942307692308 0.6586538461538461 0.09375 0.1201923076923077
0 0.27283653846153844 0.6490384615384616 0.08413461538461539 0.09615384615384616
0 0.2668269230769231 0.5552884615384616 0.09375 0.10096153846153846
0 0.23798076923076922 0.5024038461538461 0.07692307692307693 0.07932692307692307
0 0.35336538461538464 0.5192307692307693 0.1201923076923077 0.0673076923076923
0 0.3485576923076923 0.5721153846153846 0.16346153846153846 0.04567307692307692
0 0.3870192307692308 0.5264423076923077 0.1466346153846154 0.12980769230769232
0 0.2956730769230769 0.41466346153846156 0.11057692307692307 0.13221153846153846
0 0.8112980769230769 0.47596153846153844 0.23076923076923078 0.125
0 0.8088942307692307 0.5300480769230769 0.04807692307692308 0.04567307692307692
0 0.7463942307692307 0.5516826923076923 0.036057692307692304 0.057692307692307696
0 0.7692307692307693 0.6346153846153846 0.04326923076923077 0.04326923076923077
0 0.7692307692307693 0.609375 0.22115384615384615 0.21153846153846154
0 0.7824519230769231 0.734375 0.1201923076923077 0.09134615384615384
0 0.7512019230769231 0.7800480769230769 0.04807692307692308 0.04567307692307692
0 0.6862980769230769 0.7920673076923077 0.0625 0.08173076923076923
0 0.6310096153846154 0.875 0.11057692307692307 0.09134615384615384
0 0.5336538461538461 0.8822115384615384 0.09375 0.052884615384615384
0 0.5132211538461539 0.8557692307692307 0.19951923076923078 0.0985576923076923
0 0.609375 0.7920673076923077 0.07692307692307693 0.0985576923076923
0 0.5492788461538461 0.7800480769230769 0.08413461538461539 0.038461538461538464
0 0.4735576923076923 0.7956730769230769 0.10096153846153846 0.052884615384615384
0 0.5048076923076923 0.7475961538461539 0.0673076923076923 0.04326923076923077
0 0.5024038461538461 0.6971153846153846 0.25 0.23557692307692307
0 0.6310096153846154 0.6706730769230769 0.07692307692307693 0.17307692307692307
0 0.6730769230769231 0.734375 0.057692307692307696 0.0985576923076923
0 0.5420673076923077 0.5625 0.12980769230769232 0.07211538461538461
0 0.515625 0.5264423076923077 0.12980769230769232 0.11538461538461539
0 0.8293269230769231 0.35216346153846156 0.0889423076923077 0.08173076923076923
0 0.7271634615384616 0.42427884615384615 0.10576923076923077 0.04567307692307692
0 0.7692307692307693 0.47115384615384615 0.1778846153846154 0.13221153846153846
0 0.47115384615384615 0.1310096153846154 0.10576923076923077 0.08653846153846154
0 0.38461538461538464 0.12860576923076922 0.20432692307692307 0.18269230769230768
0 0.29086538461538464 0.27283653846153844 0.16346153846153846 0.15865384615384615
0 0.35336538461538464 0.3858173076923077 0.1201923076923077 0.15144230769230768
0 0.4423076923076923 0.4543269230769231 0.04807692307692308 0.04567307692307692
0 0.47596153846153844 0.44711538461538464 0.04326923076923077 0.038461538461538464
0 0.5180288461538461 0.453125 0.09375 0.06490384615384616
0 0.5132211538461539 0.390625 0.09375 0.09134615384615384
0 0.6069711538461539 0.3425480769230769 0.08413461538461539 0.13221153846153846
0 0.5817307692307693 0.4050480769230769 0.052884615384615384 0.09134615384615384
0 0.6177884615384616 0.4411057692307692 0.07211538461538461 0.11057692307692307
0 0.7560096153846154 0.3233173076923077 0.0673076923076923 0.13221153846153846
0 0.7043269230769231 0.3329326923076923 0.036057692307692304 0.10576923076923077
0 0.6598557692307693 0.3713942307692308 0.04326923076923077 0.14423076923076922
0 0.6358173076923077 0.46634615384615385 0.036057692307692304 0.038461538461538464
0 0.53125 0.33533653846153844 0.15144230769230768 0.09615384615384616
0 0.42908653846153844 0.25721153846153844 0.052884615384615384 0.0985576923076923
0 0.39783653846153844 0.2860576923076923 0.09375 0.10096153846153846
0 0.5084134615384616 0.24759615384615385 0.1466346153846154 0.17067307692307693
0 0.6466346153846154 0.24639423076923078 0.12980769230769232 0.12980769230769232
0 0.5913461538461539 0.25961538461538464 0.0625 0.07211538461538461
0 0.6622596153846154 0.18509615384615385 0.15144230769230768 0.10576923076923077
0 0.6935096153846154 0.25721153846153844 0.057692307692307696 0.06009615384615385
0 0.7403846153846154 0.21033653846153846 0.026442307692307692 0.07211538461538461
0 0.7776442307692307 0.2692307692307692 0.07692307692307693 0.06009615384615385
0 0.6622596153846154 0.12259615384615384 0.11057692307692307 0.06490384615384616
0 0.578125 0.08533653846153846 0.036057692307692304 0.026442307692307692
0 0.5492788461538461 0.09615384615384616 0.11538461538461539 0.13942307692307693