0 0.6754807692307693 0.4579326923076923 0.6081730769230769 0.5456730769230769
0 0.6081730769230769 0.6274038461538461 0.1971153846153846 0.12740384615384615
0 0.48197115384615385 0.5120192307692307 0.21153846153846154 0.17307692307692307
0 0.4026442307692308 0.3798076923076923 0.16346153846153846 0.09615384615384616
0 0.4026442307692308 0.24278846153846154 0.20673076923076922 0.20673076923076922
0 0.24278846153846154 0.2956730769230769 0.125 0.15144230769230768
0 0.12259615384615384 0.30528846153846156 0.2403846153846154 0.21153846153846154
0 0.08173076923076923 0.4519230769230769 0.15865384615384615 0.11057692307692307
0 0.07572115384615384 0.5673076923076923 0.1466346153846154 0.22596153846153846
0 0.15504807692307693 0.8377403846153846 0.31009615384615385 0.3173076923076923
0 0.33774038461538464 0.7800480769230769 0.28365384615384615 0.3173076923076923
0 0.5588942307692307 0.8629807692307693 0.13942307692307693 0.11057692307692307
0 0.9411057692307693 0.9747596153846154 0.10817307692307693 0.04326923076923077
0 0.23197115384615385 0.5865384615384616 0.25721153846153844 0.20192307692307693