0 0.1622596153846154 0.5492788461538461 0.3173076923076923 0.5048076923076923
0 0.5120192307692307 0.5889423076923077 0.2980769230769231 0.42788461538461536
0 0.5324519230769231 0.640625 0.41586538461538464 0.4182692307692308
0 0.3112980769230769 0.8052884615384616 0.2403846153846154 0.20192307692307693
0 0.5120192307692307 0.41466346153846156 0.5120192307692307 0.3389423076923077
0 0.5132211538461539 0.21875 0.5144230769230769 0.25961538461538464
0 0.31490384615384615 0.16947115384615385 0.6225961538461539 0.3269230769230769
0 0.026442307692307692 0.32572115384615385 0.04567307692307692 0.12980769230769232
0 0.8185096153846154 0.375 0.1875 0.16826923076923078
0 0.7632211538461539 0.5444711538461539 0.07692307692307693 0.18269230769230768
0 0.7944711538461539 0.2548076923076923 0.0625 0.08173076923076923
0 0.7307692307692307 0.1141826923076923 0.5336538461538461 0.22355769230769232