0 0.4579326923076923 0.8149038461538461 0.038461538461538464 0.08173076923076923
0 0.29447115384615385 0.8461538461538461 0.04807692307692308 0.09134615384615384
0 0.37740384615384615 0.859375 0.08173076923076923 0.07692307692307693
0 0.17668269230769232 0.8822115384615384 0.06490384615384616 0.0625
0 0.14783653846153846 0.9362980769230769 0.04807692307692308 0.09615384615384616
0 0.05048076923076923 0.9098557692307693 0.055288461538461536 0.09615384615384616
0 0.1201923076923077 0.9759615384615384 0.057692307692307696 0.04326923076923077
0 0.21995192307692307 0.9699519230769231 0.07451923076923077 0.055288461538461536
0 0.26322115384615385 0.9074519230769231 0.0625 0.052884615384615384
0 0.3076923076923077 0.9459134615384616 0.05048076923076923 0.09615384615384616
0 0.36778846153846156 0.9387019230769231 0.052884615384615384 0.08173076923076923
0 0.4230769230769231 0.9206730769230769 0.052884615384615384 0.09615384615384616
0 0.4651442307692308 0.9098557692307693 0.04807692307692308 0.08653846153846154
0 0.5252403846153846 0.8798076923076923 0.057692307692307696 0.057692307692307696
0 0.5228365384615384 0.9338942307692307 0.06971153846153846 0.052884615384615384
0 0.5769230769230769 0.8978365384615384 0.04807692307692308 0.0625
0 0.6370192307692307 0.9002403846153846 0.057692307692307696 0.08653846153846154
0 0.6899038461538461 0.8713942307692307 0.038461538461538464 0.08173076923076923
0 0.7439903846153846 0.9026442307692307 0.04807692307692308 0.07211538461538461
0 0.7319711538461539 0.9675480769230769 0.026442307692307692 0.06009615384615385
0 0.6838942307692307 0.9807692307692307 0.040865384615384616 0.03365384615384615
0 0.6478365384615384 0.9639423076923077 0.052884615384615384 0.03125
0 0.6983173076923077 0.9675480769230769 0.040865384615384616 0.06009615384615385
0 0.7115384615384616 0.9206730769230769 0.03365384615384615 0.04567307692307692
0 0.6213942307692307 0.9831730769230769 0.06490384615384616 0.028846153846153848
0 0.5793269230769231 0.9591346153846154 0.057692307692307696 0.052884615384615384
0 0.5240384615384616 0.9783653846153846 0.07211538461538461 0.038461538461538464
0 0.4651442307692308 0.9783653846153846 0.05048076923076923 0.038461538461538464
0 0.42788461538461536 0.9723557692307693 0.052884615384615384 0.05048076923076923
0 0.38822115384615385 0.9783653846153846 0.05048076923076923 0.038461538461538464
0 0.3389423076923077 0.9867788461538461 0.04326923076923077 0.02403846153846154
0 0.9471153846153846 0.8413461538461539 0.05048076923076923 0.09134615384615384
0 0.9579326923076923 0.6814903846153846 0.04807692307692308 0.07211538461538461
0 0.8233173076923077 0.6670673076923077 0.03365384615384615 0.08173076923076923
0 0.8377403846153846 0.6105769230769231 0.04807692307692308 0.0625
0 0.8774038461538461 0.5745192307692307 0.03365384615384615 0.07211538461538461
0 0.7908653846153846 0.5612980769230769 0.04807692307692308 0.057692307692307696
0 0.75 0.5949519230769231 0.04326923076923077 0.040865384615384616
0 0.7151442307692307 0.6021634615384616 0.028846153846153848 0.0673076923076923
0 0.6742788461538461 0.5817307692307693 0.04807692307692308 0.0673076923076923
0 0.6514423076923077 0.5276442307692307 0.06971153846153846 0.052884615384615384
0 0.5973557692307693 0.4639423076923077 0.04807692307692308 0.057692307692307696
0 0.6081730769230769 0.41225961538461536 0.052884615384615384 0.0673076923076923
0 0.5348557692307693 0.4182692307692308 0.038461538461538464 0.07692307692307693
0 0.6262019230769231 0.16466346153846154 0.05048076923076923 0.07211538461538461
0 0.7307692307692307 0.09495192307692307 0.057692307692307696 0.0673076923076923
0 0.7319711538461539 0.4411057692307692 0.04807692307692308 0.07211538461538461
0 0.7572115384615384 0.5408653846153846 0.05048076923076923 0.04567307692307692
0 0.7788461538461539 0.49759615384615385 0.052884615384615384 0.052884615384615384
0 0.8473557692307693 0.4567307692307692 0.05048076923076923 0.0625
0 0.796875 0.4387019230769231 0.057692307692307696 0.057692307692307696
0 0.9086538461538461 0.4483173076923077 0.04326923076923077 0.07692307692307693
0 0.9471153846153846 0.43028846153846156 0.03365384615384615 0.08173076923076923
0 0.8870192307692307 0.20793269230769232 0.21634615384615385 0.40625
0 0.140625 0.8329326923076923 0.2764423076923077 0.3293269230769231
0 0.7391826923076923 0.8040865384615384 0.5168269230769231 0.3870192307692308
0 0.8822115384615384 0.5612980769230769 0.2283653846153846 0.39663461538461536
0 0.052884615384615384 0.49759615384615385 0.10576923076923077 0.2764423076923077
0 0.4230769230769231 0.14302884615384615 0.052884615384615384 0.10096153846153846
0 0.4206730769230769 0.25600961538461536 0.0673076923076923 0.052884615384615384
0 0.3545673076923077 0.18509615384615385 0.04326923076923077 0.0625
0 0.3641826923076923 0.07692307692307693 0.07692307692307693 0.0625
0 0.30649038461538464 0.10216346153846154 0.04807692307692308 0.08173076923076923
0 0.25240384615384615 0.09975961538461539 0.06971153846153846 0.0889423076923077
0 0.27884615384615385 0.036057692307692304 0.07692307692307693 0.0625
0 0.2091346153846154 0.025240384615384616 0.052884615384615384 0.040865384615384616
0 0.18629807692307693 0.056490384615384616 0.07692307692307693 0.08173076923076923
0 0.14543269230769232 0.171875 0.057692307692307696 0.0673076923076923
0 0.45913461538461536 0.3076923076923077 0.05048076923076923 0.052884615384615384
0 0.046875 0.2800480769230769 0.07692307692307693 0.0673076923076923
0 0.0985576923076923 0.3233173076923077 0.0673076923076923 0.07211538461538461
0 0.15745192307692307 0.3713942307692308 0.08173076923076923 0.12980769230769232
0 0.04447115384615385 0.12740384615384615 0.08413461538461539 0.07692307692307693
0 0.08774038461538461 0.20793269230769232 0.07451923076923077 0.11778846153846154
0 0.2824519230769231 0.1971153846153846 0.055288461538461536 0.11778846153846154
0 0.25721153846153844 0.3713942307692308 0.0673076923076923 0.057692307692307696
0 0.21514423076923078 0.5108173076923077 0.0889423076923077 0.07692307692307693
0 0.3737980769230769 0.46634615384615385 0.05048076923076923 0.10096153846153846
0 0.5625 0.09975961538461539 0.06971153846153846 0.057692307692307696
0 0.24639423076923078 0.27403846153846156 0.47836538461538464 0.5384615384615384
0 0.6670673076923077 0.2800480769230769 0.40384615384615385 0.5504807692307693
0 0.04447115384615385 0.6634615384615384 0.08413461538461539 0.17307692307692307
0 0.38341346153846156 0.6310096153846154 0.5673076923076923 0.4206730769230769
0 0.29086538461538464 0.47475961538461536 0.052884615384615384 0.04567307692307692
0 0.2980769230769231 0.5228365384615384 0.0625 0.052884615384615384
0 0.2620192307692308 0.5432692307692307 0.057692307692307696 0.052884615384615384
0 0.3076923076923077 0.5564903846153846 0.05048076923076923 0.057692307692307696
0 0.3317307692307692 0.5769230769230769 0.057692307692307696 0.07692307692307693
0 0.28725961538461536 0.6021634615384616 0.052884615384615384 0.057692307692307696
0 0.23798076923076922 0.5949519230769231 0.05048076923076923 0.0625
0 0.25600961538461536 0.6430288461538461 0.055288461538461536 0.057692307692307696
0 0.20192307692307693 0.6430288461538461 0.038461538461538464 0.0673076923076923
0 0.203125 0.5745192307692307 0.04326923076923077 0.0625
0 0.16706730769230768 0.6045673076923077 0.038461538461538464 0.07211538461538461
0 0.13221153846153846 0.6177884615384616 0.04807692307692308 0.06490384615384616