0 0.4699519230769231 0.4651442307692308 0.1201923076923077 0.15865384615384615
0 0.49158653846153844 0.18389423076923078 0.20673076923076922 0.09134615384615384
0 0.8858173076923077 0.5913461538461539 0.21875 0.1778846153846154
0 0.9158653846153846 0.43990384615384615 0.15865384615384615 0.15865384615384615
0 0.6911057692307693 0.7632211538461539 0.3317307692307692 0.18269230769230768
0 0.8858173076923077 0.6983173076923077 0.0985576923076923 0.07451923076923077
0 0.6586538461538461 0.5673076923076923 0.14903846153846154 0.14423076923076922
0 0.6911057692307693 0.43509615384615385 0.11538461538461539 0.14903846153846154
0 0.7620192307692307 0.39783653846153844 0.11538461538461539 0.10576923076923077
0 0.7103365384615384 0.31850961538461536 0.16346153846153846 0.1778846153846154
0 0.8173076923076923 0.2848557692307692 0.19230769230769232 0.19951923076923078
0 0.6394230769230769 0.19591346153846154 0.2956730769230769 0.11538461538461539
0 0.3112980769230769 0.21875 0.2620192307692308 0.1875
0 0.2127403846153846 0.3161057692307692 0.07692307692307693 0.057692307692307696
0 0.1971153846153846 0.3858173076923077 0.1201923076923077 0.1971153846153846
0 0.1310096153846154 0.49038461538461536 0.1971153846153846 0.11057692307692307
0 0.1502403846153846 0.5997596153846154 0.25721153846153844 0.18269230769230768
0 0.15865384615384615 0.7331730769230769 0.20673076923076922 0.11298076923076923
0 0.3581730769230769 0.7271634615384616 0.2692307692307692 0.18269230769230768
0 0.28966346153846156 0.6742788461538461 0.07692307692307693 0.09134615384615384
0 0.4206730769230769 0.7908653846153846 0.2620192307692308 0.19951923076923078
0 0.5132211538461539 0.8677884615384616 0.15384615384615385 0.11298076923076923
0 0.49759615384615385 0.5348557692307693 0.9951923076923077 0.7932692307692307
3 0.24639423076923078 0.2403846153846154 0.49038461538461536 0.47115384615384615