0 0.20192307692307693 0.8882211538461539 0.2668269230769231 0.21153846153846154
0 0.036057692307692304 0.9831730769230769 0.06490384615384616 0.021634615384615384
0 0.009615384615384616 0.8305288461538461 0.01201923076923077 0.12980769230769232
0 0.14543269230769232 0.6526442307692307 0.28365384615384615 0.40865384615384615
0 0.06129807692307692 0.32572115384615385 0.11778846153846154 0.4326923076923077
0 0.23076923076923078 0.234375 0.21634615384615385 0.3173076923076923
0 0.31971153846153844 0.37740384615384615 0.24759615384615385 0.3293269230769231
0 0.40865384615384615 0.6586538461538461 0.25961538461538464 0.34375
0 0.453125 0.8990384615384616 0.25 0.19230769230769232
0 0.578125 0.78125 0.21153846153846154 0.3173076923076923
0 0.6947115384615384 0.9182692307692307 0.23317307692307693 0.15384615384615385
0 0.796875 0.7403846153846154 0.28365384615384615 0.4326923076923077
0 0.8185096153846154 0.2512019230769231 0.1875 0.49278846153846156
0 0.5949519230769231 0.4338942307692308 0.30288461538461536 0.4423076923076923
0 0.5420673076923077 0.16947115384615385 0.29086538461538464 0.3076923076923077
0 0.9423076923076923 0.8689903846153846 0.11057692307692307 0.25240384615384615
0 0.9567307692307693 0.6069711538461539 0.08173076923076923 0.3629807692307692
0 0.9435096153846154 0.40024038461538464 0.10817307692307693 0.2668269230769231
0 0.9302884615384616 0.14182692307692307 0.1346153846153846 0.27884615384615385