0 0.8713942307692307 0.46033653846153844 0.11057692307692307 0.07932692307692307
0 0.9423076923076923 0.4795673076923077 0.07211538461538461 0.04807692307692308
0 0.8894230769230769 0.5204326923076923 0.10576923076923077 0.07211538461538461
0 0.8786057692307693 0.6490384615384616 0.125 0.10817307692307693
0 0.9110576923076923 0.703125 0.125 0.09615384615384616
0 0.8365384615384616 0.3557692307692308 0.052884615384615384 0.0625
0 0.8737980769230769 0.30408653846153844 0.07211538461538461 0.052884615384615384
0 0.9002403846153846 0.3389423076923077 0.052884615384615384 0.052884615384615384
0 0.8810096153846154 0.35336538461538464 0.04807692307692308 0.04567307692307692
0 0.9290865384615384 0.26322115384615385 0.10096153846153846 0.10576923076923077
0 0.8557692307692307 0.16105769230769232 0.0673076923076923 0.0673076923076923
0 0.9074519230769231 0.16706730769230768 0.04807692307692308 0.03365384615384615
0 0.8689903846153846 0.12980769230769232 0.0625 0.040865384615384616
0 0.9314903846153846 0.13701923076923078 0.07211538461538461 0.03365384615384615
0 0.8810096153846154 0.09014423076923077 0.10096153846153846 0.052884615384615384
0 0.8786057692307693 0.052884615384615384 0.0625 0.028846153846153848
0 0.8846153846153846 0.8233173076923077 0.09615384615384616 0.052884615384615384
0 0.9134615384615384 0.8930288461538461 0.0889423076923077 0.15384615384615385
0 0.8557692307692307 0.8990384615384616 0.07932692307692307 0.08173076923076923
0 0.6057692307692307 0.10336538461538461 0.1778846153846154 0.13942307692307693
0 0.6346153846153846 0.12620192307692307 0.11057692307692307 0.10096153846153846
0 0.6057692307692307 0.1141826923076923 0.10576923076923077 0.10096153846153846
0 0.5817307692307693 0.09975961538461539 0.1201923076923077 0.08653846153846154
0 0.5817307692307693 0.06009615384615385 0.14182692307692307 0.052884615384615384
0 0.5997596153846154 0.2824519230769231 0.14903846153846154 0.18028846153846154
0 0.5757211538461539 0.30288461538461536 0.10096153846153846 0.026442307692307692
0 0.5973557692307693 0.4807692307692308 0.12980769230769232 0.17307692307692307
0 0.5757211538461539 0.40625 0.04807692307692308 0.02403846153846154
0 0.5661057692307693 0.43028846153846156 0.038461538461538464 0.019230769230769232
0 0.5997596153846154 0.4206730769230769 0.021634615384615384 0.02403846153846154
0 0.6346153846153846 0.4735576923076923 0.038461538461538464 0.028846153846153848
0 0.6189903846153846 0.4495192307692308 0.026442307692307692 0.019230769230769232
0 0.6237980769230769 0.42427884615384615 0.026442307692307692 0.02403846153846154
0 0.5637019230769231 0.4807692307692308 0.04326923076923077 0.028846153846153848
0 0.5733173076923077 0.45072115384615385 0.04326923076923077 0.02403846153846154
0 0.5949519230769231 0.47596153846153844 0.03125 0.019230769230769232
0 0.6153846153846154 0.5132211538461539 0.052884615384615384 0.019230769230769232
0 0.6262019230769231 0.49038461538461536 0.03125 0.019230769230769232
0 0.5685096153846154 0.5240384615384616 0.04326923076923077 0.026442307692307692
0 0.5661057692307693 0.5492788461538461 0.057692307692307696 0.02403846153846154
0 0.6189903846153846 0.5360576923076923 0.038461538461538464 0.019230769230769232
0 0.6021634615384616 0.6766826923076923 0.15384615384615385 0.12740384615384615
0 0.5925480769230769 0.8365384615384616 0.12980769230769232 0.08653846153846154
0 0.5889423076923077 0.9170673076923077 0.11538461538461539 0.07692307692307693
0 0.45552884615384615 0.8665865384615384 0.07932692307692307 0.15384615384615385
0 0.4050480769230769 0.8762019230769231 0.09615384615384616 0.1658653846153846
0 0.4074519230769231 0.8798076923076923 0.11057692307692307 0.1658653846153846
0 0.42908653846153844 0.5 0.1201923076923077 0.1201923076923077
0 0.41346153846153844 0.4675480769230769 0.1201923076923077 0.11057692307692307
0 0.4026442307692308 0.4567307692307692 0.07932692307692307 0.16105769230769232
0 0.41346153846153844 0.6802884615384616 0.15384615384615385 0.1201923076923077
0 0.4206730769230769 0.29086538461538464 0.15865384615384615 0.11057692307692307
0 0.39783653846153844 0.09375 0.11057692307692307 0.1201923076923077
0 0.42908653846153844 0.13581730769230768 0.11057692307692307 0.12740384615384615
0 0.13701923076923078 0.11658653846153846 0.125 0.09615384615384616
0 0.0889423076923077 0.08653846153846154 0.07211538461538461 0.10576923076923077
0 0.11298076923076923 0.41346153846153844 0.16346153846153846 0.09134615384615384
0 0.11538461538461539 0.7596153846153846 0.14903846153846154 0.11298076923076923
0 0.12379807692307693 0.9110576923076923 0.16346153846153846 0.11778846153846154
0 0.11057692307692307 0.5805288461538461 0.16826923076923078 0.1778846153846154
0 0.12379807692307693 0.25721153846153844 0.16346153846153846 0.1466346153846154