0 0.65625 0.1141826923076923 0.30288461538461536 0.22115384615384615
0 0.7704326923076923 0.3701923076923077 0.25 0.28846153846153844
0 0.7139423076923077 0.2668269230769231 0.1875 0.14423076923076922
0 0.48197115384615385 0.29447115384615385 0.3076923076923077 0.22115384615384615
0 0.4266826923076923 0.1141826923076923 0.1778846153846154 0.15865384615384615
0 0.18028846153846154 0.11778846153846154 0.3389423076923077 0.22115384615384615
0 0.265625 0.2692307692307692 0.28125 0.2548076923076923
0 0.057692307692307696 0.24759615384615385 0.11538461538461539 0.1971153846153846
0 0.10216346153846154 0.47475961538461536 0.20432692307692307 0.2668269230769231
0 0.3233173076923077 0.5300480769230769 0.32211538461538464 0.2668269230769231
0 0.5649038461538461 0.4579326923076923 0.2980769230769231 0.23076923076923078
0 0.6117788461538461 0.6887019230769231 0.3605769230769231 0.2932692307692308
0 0.8329326923076923 0.6646634615384616 0.1346153846153846 0.28365384615384615
0 0.6899038461538461 0.8762019230769231 0.3485576923076923 0.20192307692307693
0 0.4699519230769231 0.9435096153846154 0.2956730769230769 0.10817307692307693
0 0.19230769230769232 0.8798076923076923 0.38461538461538464 0.23557692307692307
0 0.12740384615384615 0.6875 0.2548076923076923 0.16105769230769232