0 0.5685096153846154 0.5769230769230769 0.7548076923076923 0.4543269230769231
0 0.5625 0.8822115384615384 0.41586538461538464 0.23076923076923078
0 0.5600961538461539 0.48197115384615385 0.3004807692307692 0.8125
0 0.71875 0.19831730769230768 0.5528846153846154 0.32211538461538464
0 0.2536057692307692 0.7584134615384616 0.4326923076923077 0.47596153846153844
0 0.26802884615384615 0.7067307692307693 0.3173076923076923 0.49038461538461536
0 0.21995192307692307 0.328125 0.43509615384615385 0.34375
0 0.06610576923076923 0.4495192307692308 0.12980769230769232 0.1778846153846154
0 0.48677884615384615 0.06610576923076923 0.43028846153846156 0.13221153846153846
0 0.2512019230769231 0.10576923076923077 0.3269230769230769 0.21153846153846154
0 0.0829326923076923 0.14423076923076922 0.16105769230769232 0.17307692307692307