0 0.12860576923076922 0.4338942307692308 0.23557692307692307 0.7163461538461539
0 0.6358173076923077 0.16947115384615385 0.7259615384615384 0.3269230769230769
0 0.609375 0.36177884615384615 0.7764423076923077 0.23317307692307693
0 0.5240384615384616 0.5240384615384616 0.6177884615384616 0.17307692307692307
0 0.9050480769230769 0.5925480769230769 0.1875 0.25721153846153844
0 0.4891826923076923 0.6862980769230769 0.5480769230769231 0.16826923076923078
0 0.48677884615384615 0.8137019230769231 0.40865384615384615 0.16346153846153846
0 0.41225961538461536 0.9411057692307693 0.5697115384615384 0.11298076923076923
0 0.8449519230769231 0.8605769230769231 0.3076923076923077 0.09134615384615384
0 0.8461538461538461 0.7391826923076923 0.30288461538461536 0.19951923076923078
0 0.8870192307692307 0.9483173076923077 0.22115384615384615 0.0985576923076923