0 0.625 0.38100961538461536 0.10817307692307693 0.15384615384615385
0 0.6105769230769231 0.4891826923076923 0.11538461538461539 0.125
0 0.5408653846153846 0.5901442307692307 0.19230769230769232 0.12980769230769232
0 0.5420673076923077 0.6959134615384616 0.1658653846153846 0.24759615384615385
0 0.515625 0.7548076923076923 0.0673076923076923 0.12980769230769232
0 0.4014423076923077 0.5949519230769231 0.19230769230769232 0.30288461538461536
0 0.6971153846153846 0.5673076923076923 0.1346153846153846 0.24759615384615385
0 0.38822115384615385 0.35096153846153844 0.14423076923076922 0.16346153846153846
0 0.30528846153846156 0.4074519230769231 0.08653846153846154 0.08173076923076923
0 0.31490384615384615 0.5564903846153846 0.0889423076923077 0.10336538461538461
0 0.47836538461538464 0.2860576923076923 0.07692307692307693 0.19230769230769232
0 0.5576923076923077 0.28846153846153844 0.10576923076923077 0.09134615384615384
0 0.5324519230769231 0.3112980769230769 0.038461538461538464 0.07692307692307693
0 0.5384615384615384 0.42788461538461536 0.04326923076923077 0.07211538461538461
0 0.45913461538461536 0.5072115384615384 0.052884615384615384 0.04807692307692308
0 0.5288461538461539 0.4951923076923077 0.16346153846153846 0.7211538461538461
0 0.5228365384615384 0.5024038461538461 0.5288461538461539 0.19230769230769232
0 0.5252403846153846 0.27884615384615385 0.5240384615384616 0.25721153846153844
0 0.5228365384615384 0.7295673076923077 0.5216346153846154 0.25240384615384615