0 0.6706730769230769 0.3737980769230769 0.33653846153846156 0.24759615384615385
0 0.6442307692307693 0.6117788461538461 0.6177884615384616 0.3173076923076923
0 0.39783653846153844 0.4182692307692308 0.11298076923076923 0.20192307692307693
0 0.32572115384615385 0.44591346153846156 0.10576923076923077 0.18028846153846154
0 0.33774038461538464 0.7127403846153846 0.11778846153846154 0.21153846153846154
0 0.41466346153846156 0.7319711538461539 0.04326923076923077 0.1201923076923077
0 0.31850961538461536 0.5877403846153846 0.07692307692307693 0.08173076923076923
0 0.234375 0.7103365384615384 0.1346153846153846 0.1971153846153846
0 0.21514423076923078 0.7103365384615384 0.13942307692307693 0.2403846153846154
0 0.15625 0.5192307692307693 0.2692307692307692 0.41586538461538464
0 0.46875 0.3004807692307692 0.31971153846153844 0.40384615384615385