0 0.8269230769230769 0.5600961538461539 0.21153846153846154 0.4639423076923077
0 0.8569711538461539 0.15504807692307693 0.1346153846153846 0.1778846153846154
0 0.5504807692307693 0.21995192307692307 0.11298076923076923 0.18990384615384615
0 0.4050480769230769 0.19951923076923078 0.02403846153846154 0.06490384615384616
0 0.4362980769230769 0.21153846153846154 0.03365384615384615 0.06490384615384616
0 0.46634615384615385 0.21995192307692307 0.026442307692307692 0.06009615384615385
0 0.44711538461538464 0.25841346153846156 0.03365384615384615 0.04326923076923077
0 0.4170673076923077 0.2620192307692308 0.03365384615384615 0.04807692307692308
0 0.3798076923076923 0.20552884615384615 0.019230769230769232 0.028846153846153848
0 0.3762019230769231 0.17307692307692307 0.014423076923076924 0.036057692307692304
0 0.3894230769230769 0.16706730769230768 0.014423076923076924 0.04807692307692308
0 0.3581730769230769 0.16346153846153846 0.038461538461538464 0.04326923076923077
0 0.3581730769230769 0.11658653846153846 0.028846153846153848 0.06490384615384616
0 0.38822115384615385 0.0985576923076923 0.028846153846153848 0.06490384615384616
0 0.41466346153846156 0.08052884615384616 0.038461538461538464 0.06490384615384616
0 0.44471153846153844 0.11057692307692307 0.028846153846153848 0.052884615384615384
0 0.41225961538461536 0.14903846153846154 0.028846153846153848 0.06009615384615385
0 0.43990384615384615 0.16947115384615385 0.026442307692307692 0.04326923076923077
0 0.4699519230769231 0.16706730769230768 0.026442307692307692 0.06009615384615385
0 0.7151442307692307 0.15144230769230768 0.15625 0.2932692307692308
0 0.6550480769230769 0.0829326923076923 0.16826923076923078 0.15384615384615385
0 0.6694711538461539 0.5084134615384616 0.06009615384615385 0.17307692307692307
0 0.6286057692307693 0.5240384615384616 0.06971153846153846 0.08173076923076923
0 0.5685096153846154 0.4855769230769231 0.08173076923076923 0.06490384615384616
0 0.5048076923076923 0.6490384615384616 0.125 0.2980769230769231
0 0.6622596153846154 0.6959134615384616 0.20192307692307693 0.34615384615384615
0 0.8569711538461539 0.7235576923076923 0.1875 0.2692307692307692
0 0.8978365384615384 0.8737980769230769 0.18509615384615385 0.24759615384615385
0 0.7211538461538461 0.8737980769230769 0.18269230769230768 0.24759615384615385
0 0.5480769230769231 0.3245192307692308 0.375 0.23076923076923078
0 0.40625 0.4735576923076923 0.0673076923076923 0.16105769230769232
0 0.3449519230769231 0.5 0.0625 0.20192307692307693
0 0.17067307692307693 0.13701923076923078 0.34134615384615385 0.2644230769230769
0 0.17668269230769232 0.2439903846153846 0.35336538461538464 0.2980769230769231
0 0.15144230769230768 0.41346153846153844 0.30288461538461536 0.24519230769230768
0 0.11899038461538461 0.5360576923076923 0.23798076923076922 0.19230769230769232
0 0.20552884615384615 0.8329326923076923 0.40865384615384615 0.3317307692307692
0 0.21875 0.6394230769230769 0.4375 0.22115384615384615
0 0.4987980769230769 0.8834134615384616 0.31009615384615385 0.23076923076923078