0 0.5817307692307693 0.9086538461538461 0.15865384615384615 0.17307692307692307
0 0.7127403846153846 0.8713942307692307 0.16346153846153846 0.24759615384615385
0 0.7932692307692307 0.6935096153846154 0.18509615384615385 0.25961538461538464
0 0.8966346153846154 0.6045673076923077 0.09615384615384616 0.11298076923076923
0 0.90625 0.4951923076923077 0.07692307692307693 0.12980769230769232
0 0.8485576923076923 0.3112980769230769 0.13942307692307693 0.22596153846153846
0 0.7415865384615384 0.421875 0.1778846153846154 0.25240384615384615
0 0.7932692307692307 0.4807692307692308 0.1346153846153846 0.1778846153846154
0 0.7211538461538461 0.20673076923076922 0.1201923076923077 0.1875
0 0.7896634615384616 0.16947115384615385 0.052884615384615384 0.11298076923076923
0 0.6334134615384616 0.18509615384615385 0.10096153846153846 0.14423076923076922
0 0.5384615384615384 0.27403846153846156 0.14903846153846154 0.20432692307692307
0 0.6334134615384616 0.35697115384615385 0.12980769230769232 0.19951923076923078
0 0.5973557692307693 0.4699519230769231 0.038461538461538464 0.08173076923076923
0 0.65625 0.5697115384615384 0.1346153846153846 0.23557692307692307
0 0.6514423076923077 0.7584134615384616 0.10576923076923077 0.17307692307692307
0 0.5420673076923077 0.8149038461538461 0.13942307692307693 0.15625
0 0.46634615384615385 0.9194711538461539 0.08653846153846154 0.14903846153846154
0 0.375 0.9110576923076923 0.13701923076923078 0.16826923076923078
0 0.43028846153846156 0.7415865384615384 0.13701923076923078 0.20432692307692307
0 0.5492788461538461 0.6237980769230769 0.16826923076923078 0.23557692307692307
0 0.5096153846153846 0.45913461538461536 0.14903846153846154 0.19951923076923078
0 0.47596153846153844 0.20192307692307693 0.13942307692307693 0.19951923076923078
0 0.4230769230769231 0.34134615384615385 0.10096153846153846 0.16826923076923078
0 0.3545673076923077 0.38221153846153844 0.13942307692307693 0.19230769230769232
0 0.27524038461538464 0.5108173076923077 0.15144230769230768 0.19230769230769232
0 0.390625 0.5757211538461539 0.13942307692307693 0.19230769230769232
0 0.31971153846153844 0.7151442307692307 0.10576923076923077 0.18269230769230768
0 0.30288461538461536 0.8822115384615384 0.10336538461538461 0.16105769230769232
0 0.2247596153846154 0.8149038461538461 0.15384615384615385 0.2403846153846154
0 0.21634615384615385 0.6262019230769231 0.1201923076923077 0.19951923076923078