0 0.2548076923076923 0.24158653846153846 0.30288461538461536 0.18269230769230768
0 0.2800480769230769 0.109375 0.18269230769230768 0.08653846153846154
0 0.36899038461538464 0.078125 0.14423076923076922 0.10817307692307693
0 0.5204326923076923 0.17908653846153846 0.2860576923076923 0.17067307692307693
0 0.0829326923076923 0.3173076923076923 0.15384615384615385 0.18269230769230768
0 0.014423076923076924 0.2644230769230769 0.016826923076923076 0.08173076923076923
0 0.33774038461538464 0.5324519230769231 0.4110576923076923 0.2403846153846154
0 0.21394230769230768 0.421875 0.25721153846153844 0.18269230769230768
0 0.49158653846153844 0.35216346153846156 0.3317307692307692 0.20432692307692307
0 0.3233173076923077 0.7764423076923077 0.40625 0.2403846153846154
0 0.6947115384615384 0.6947115384615384 0.4519230769230769 0.23076923076923078
0 0.6862980769230769 0.4651442307692308 0.3076923076923077 0.24278846153846154
0 0.8173076923076923 0.3425480769230769 0.3076923076923077 0.23317307692307693
0 0.7199519230769231 0.2512019230769231 0.125 0.0673076923076923
0 0.9158653846153846 0.46033653846153844 0.16346153846153846 0.13221153846153846
0 0.8317307692307693 0.5673076923076923 0.22115384615384615 0.14903846153846154
0 0.8173076923076923 0.7860576923076923 0.2860576923076923 0.15625
0 0.6165865384615384 0.8076923076923077 0.18269230769230768 0.08653846153846154
0 0.3545673076923077 0.9302884615384616 0.15865384615384615 0.055288461538461536
0 0.13942307692307693 0.7920673076923077 0.14423076923076922 0.1875
0 0.06009615384615385 0.6838942307692307 0.10817307692307693 0.22115384615384615
0 0.9459134615384616 0.96875 0.10336538461538461 0.0625
0 0.9651442307692307 0.6105769230769231 0.0673076923076923 0.19471153846153846