0 0.8689903846153846 0.057692307692307696 0.20192307692307693 0.10817307692307693
0 0.9579326923076923 0.06370192307692307 0.07451923076923077 0.1201923076923077
0 0.8930288461538461 0.18509615384615385 0.20192307692307693 0.19230769230769232
0 0.5889423076923077 0.25961538461538464 0.1778846153846154 0.11538461538461539
0 0.7427884615384616 0.08052884615384616 0.12980769230769232 0.11298076923076923
0 0.6213942307692307 0.03245192307692308 0.27403846153846156 0.057692307692307696
0 0.6538461538461539 0.1466346153846154 0.34615384615384615 0.21153846153846154
0 0.4951923076923077 0.06971153846153846 0.11057692307692307 0.10096153846153846
0 0.42788461538461536 0.13701923076923078 0.08413461538461539 0.07211538461538461
0 0.45552884615384615 0.15625 0.07932692307692307 0.08173076923076923
0 0.33413461538461536 0.06009615384615385 0.28365384615384615 0.11298076923076923
0 0.11177884615384616 0.10096153846153846 0.22115384615384615 0.19230769230769232
0 0.27283653846153844 0.18629807692307693 0.23798076923076922 0.13942307692307693
0 0.36899038461538464 0.3016826923076923 0.27403846153846156 0.23317307692307693
0 0.17067307692307693 0.3076923076923077 0.1346153846153846 0.0673076923076923
0 0.09975961538461539 0.30288461538461536 0.19951923076923078 0.21634615384615385
0 0.046875 0.49038461538461536 0.09375 0.10576923076923077
0 0.11899038461538461 0.41947115384615385 0.23798076923076922 0.1971153846153846
0 0.3173076923076923 0.5024038461538461 0.3269230769230769 0.21634615384615385
0 0.5540865384615384 0.3894230769230769 0.21634615384615385 0.16826923076923078
0 0.7620192307692307 0.3269230769230769 0.23798076923076922 0.16346153846153846
0 0.9038461538461539 0.3737980769230769 0.1346153846153846 0.09615384615384616
0 0.9627403846153846 0.28725961538461536 0.06490384615384616 0.24519230769230768
0 0.9014423076923077 0.5204326923076923 0.1875 0.20432692307692307
0 0.7307692307692307 0.5 0.19230769230769232 0.10096153846153846
0 0.7451923076923077 0.4338942307692308 0.16346153846153846 0.0625
0 0.609375 0.5697115384615384 0.21634615384615385 0.19230769230769232
0 0.49038461538461536 0.6021634615384616 0.06971153846153846 0.11298076923076923
0 0.6189903846153846 0.6622596153846154 0.15865384615384615 0.04807692307692308
0 0.6959134615384616 0.7487980769230769 0.125 0.09134615384615384
0 0.9110576923076923 0.7632211538461539 0.16826923076923078 0.07211538461538461
0 0.9579326923076923 0.6790865384615384 0.07451923076923077 0.16105769230769232
0 0.8040865384615384 0.6670673076923077 0.24278846153846154 0.2091346153846154
0 0.8485576923076923 0.8569711538461539 0.2932692307692308 0.22115384615384615
0 0.9362980769230769 0.9723557692307693 0.12259615384615384 0.05048076923076923
0 0.6790865384615384 0.9338942307692307 0.31009615384615385 0.12740384615384615
0 0.546875 0.7596153846153846 0.2620192307692308 0.22596153846153846
0 0.3485576923076923 0.6790865384615384 0.24278846153846154 0.18509615384615385
0 0.20552884615384615 0.6310096153846154 0.07451923076923077 0.10576923076923077
0 0.11658653846153846 0.6430288461538461 0.23317307692307693 0.2091346153846154
0 0.22716346153846154 0.7776442307692307 0.11057692307692307 0.10817307692307693
0 0.13822115384615385 0.7596153846153846 0.0889423076923077 0.057692307692307696
0 0.35697115384615385 0.7668269230769231 0.15865384615384615 0.057692307692307696
0 0.35096153846153844 0.8858173076923077 0.28846153846153844 0.1971153846153846
0 0.3713942307692308 0.9723557692307693 0.31971153846153844 0.05048076923076923
0 0.19110576923076922 0.9375 0.08413461538461539 0.10096153846153846
0 0.14903846153846154 0.8353365384615384 0.21634615384615385 0.14423076923076922
0 0.04927884615384615 0.78125 0.0985576923076923 0.18990384615384615
0 0.08173076923076923 0.9338942307692307 0.16346153846153846 0.12740384615384615
0 0.21153846153846154 0.984375 0.09615384615384616 0.026442307692307692
0 0.5 0.5 1 0.9951923076923077