0 0.5625 0.7800480769230769 0.25961538461538464 0.40865384615384615
0 0.8125 0.7908653846153846 0.2548076923076923 0.40865384615384615
0 0.9507211538461539 0.8293269230769231 0.09134615384615384 0.18269230769230768
0 0.8774038461538461 0.5817307692307693 0.07932692307692307 0.12740384615384615
0 0.9338942307692307 0.48197115384615385 0.125 0.19951923076923078
0 0.7572115384615384 0.4891826923076923 0.10576923076923077 0.19471153846153846
0 0.5384615384615384 0.4735576923076923 0.09134615384615384 0.18269230769230768
0 0.4375 0.4110576923076923 0.11778846153846154 0.22596153846153846
0 0.31971153846153844 0.6706730769230769 0.20192307692307693 0.3557692307692308
0 0.1310096153846154 0.5817307692307693 0.18509615384615385 0.33653846153846156
0 0.703125 0.35096153846153844 0.06490384615384616 0.11538461538461539
0 0.8052884615384616 0.3485576923076923 0.07211538461538461 0.0889423076923077
0 0.9278846153846154 0.3401442307692308 0.1201923076923077 0.07211538461538461
0 0.5168269230769231 0.1935096153846154 0.04807692307692308 0.04326923076923077
0 0.03365384615384615 0.4639423076923077 0.0625 0.25