0 0.5072115384615384 0.5961538461538461 0.2932692307692308 0.2932692307692308
0 0.7560096153846154 0.7331730769230769 0.2932692307692308 0.2764423076923077
0 0.7355769230769231 0.4639423076923077 0.27163461538461536 0.28125
0 0.53125 0.29086538461538464 0.2980769230769231 0.3076923076923077
0 0.23557692307692307 0.23317307692307693 0.30288461538461536 0.2620192307692308
0 0.24879807692307693 0.4795673076923077 0.30288461538461536 0.2668269230769231
0 0.20673076923076922 0.7439903846153846 0.2548076923076923 0.27163461538461536
0 0.43990384615384615 0.8401442307692307 0.2860576923076923 0.25
1 0.5 0.06490384615384616 0.9903846153846154 0.1201923076923077
1 0.8353365384615384 0.23076923076923078 0.31971153846153844 0.20432692307692307
1 0.9290865384615384 0.49278846153846156 0.1346153846153846 0.31971153846153844
1 0.9495192307692307 0.8257211538461539 0.09615384615384616 0.34375
1 0.5180288461538461 0.9807692307692307 0.7716346153846154 0.03365384615384615
1 0.7403846153846154 0.9182692307692307 0.3245192307692308 0.10096153846153846
1 0.21514423076923078 0.9387019230769231 0.17548076923076922 0.11778846153846154
1 0.04447115384615385 0.5072115384615384 0.08413461538461539 0.9807692307692307
1 0.109375 0.9435096153846154 0.06009615384615385 0.10817307692307693
1 0.8329326923076923 0.5817307692307693 0.04807692307692308 0.052884615384615384
1 0.5961538461538461 0.7848557692307693 0.036057692307692304 0.17307692307692307
1 0.32211538461538464 0.9447115384615384 0.038461538461538464 0.038461538461538464
1 0.5552884615384616 0.9423076923076923 0.04326923076923077 0.036057692307692304
1 0.3485576923076923 0.6706730769230769 0.03125 0.1346153846153846
1 0.43149038461538464 0.4375 0.07211538461538461 0.04807692307692308