1 0.22235576923076922 0.7848557692307693 0.27403846153846156 0.22596153846153846
1 0.19471153846153846 0.78125 0.375 0.23557692307692307
1 0.265625 0.625 0.125 0.11057692307692307
1 0.10576923076923077 0.5348557692307693 0.19471153846153846 0.35096153846153844
1 0.21875 0.5072115384615384 0.04807692307692308 0.14182692307692307
1 0.125 0.30528846153846156 0.23557692307692307 0.28125
1 0.06971153846153846 0.11778846153846154 0.125 0.23557692307692307
1 0.14903846153846154 0.0673076923076923 0.08173076923076923 0.12980769230769232
1 0.3557692307692308 0.11778846153846154 0.30528846153846156 0.23557692307692307
1 0.5 0.17548076923076922 0.375 0.28846153846153844
1 0.4567307692307692 0.39903846153846156 0.44471153846153844 0.3605769230769231
1 0.4879807692307692 0.7307692307692307 0.25721153846153844 0.30528846153846156
1 0.4807692307692308 0.8677884615384616 0.22596153846153846 0.0625
1 0.8545673076923077 0.7439903846153846 0.2860576923076923 0.12740384615384615
1 0.7992788461538461 0.8413461538461539 0.39663461538461536 0.1201923076923077
1 0.6634615384615384 0.7427884615384616 0.07692307692307693 0.09375
1 0.8629807692307693 0.6634615384615384 0.19471153846153846 0.04807692307692308
1 0.8004807692307693 0.6442307692307693 0.36778846153846156 0.11778846153846154
1 0.8185096153846154 0.6370192307692307 0.3581730769230769 0.1346153846153846
1 0.8341346153846154 0.4891826923076923 0.3269230769230769 0.19951923076923078
1 0.8389423076923077 0.25721153846153844 0.3173076923076923 0.28365384615384615
1 0.8064903846153846 0.06490384615384616 0.38221153846153844 0.125
1 0.5 0.4483173076923077 0.9951923076923077 0.8918269230769231