1 0.7331730769230769 0.2620192307692308 0.5288461538461539 0.38461538461538464
1 0.6742788461538461 0.6766826923076923 0.6514423076923077 0.6418269230769231
1 0.39903846153846156 0.8185096153846154 0.5336538461538461 0.3581730769230769
1 0.13221153846153846 0.7884615384615384 0.25 0.3125
1 0.23076923076923078 0.5432692307692307 0.28846153846153844 0.24278846153846154
1 0.07451923076923077 0.5348557692307693 0.13221153846153846 0.19471153846153846
1 0.22596153846153846 0.2848557692307692 0.2644230769230769 0.27403846153846156
1 0.12139423076923077 0.28125 0.18028846153846154 0.21875
1 0.20673076923076922 0.12860576923076922 0.24278846153846154 0.18028846153846154
1 0.3942307692307692 0.09735576923076923 0.24278846153846154 0.18028846153846154
1 0.5817307692307693 0.06610576923076923 0.19471153846153846 0.11778846153846154
1 0.671875 0.6742788461538461 0.6418269230769231 0.6466346153846154