1 0.8088942307692307 0.8713942307692307 0.18509615384615385 0.25
1 0.5973557692307693 0.9615384615384616 0.35096153846153844 0.06971153846153846
1 0.2608173076923077 0.8786057692307693 0.5168269230769231 0.23798076923076922
1 0.11899038461538461 0.9206730769230769 0.23317307692307693 0.15384615384615385
1 0.06850961538461539 0.9543269230769231 0.13221153846153846 0.08653846153846154
1 0.037259615384615384 0.9711538461538461 0.06971153846153846 0.052884615384615384
1 0.4026442307692308 0.6947115384615384 0.8028846153846154 0.4807692307692308
1 0.6057692307692307 0.8497596153846154 0.45913461538461536 0.07692307692307693
1 0.43149038461538464 0.6418269230769231 0.8581730769230769 0.44711538461538464
1 0.4387019230769231 0.5805288461538461 0.875 0.4543269230769231
1 0.44711538461538464 0.546875 0.8894230769230769 0.4639423076923077
1 0.4495192307692308 0.4963942307692308 0.8942307692307693 0.5024038461538461
1 0.6622596153846154 0.625 0.46875 0.15865384615384615
1 0.4495192307692308 0.4375 0.8942307692307693 0.4375
1 0.4495192307692308 0.37259615384615385 0.8942307692307693 0.3942307692307692
1 0.4495192307692308 0.2956730769230769 0.8942307692307693 0.3798076923076923
1 0.4495192307692308 0.3004807692307692 0.8942307692307693 0.4807692307692308
1 0.4639423076923077 0.19831730769230768 0.8653846153846154 0.3269230769230769
1 0.46875 0.15985576923076922 0.8653846153846154 0.31971153846153844
1 0.703125 0.11899038461538461 0.3870192307692308 0.16826923076923078