1 0.171875 0.15264423076923078 0.15625 0.28846153846153844
1 0.2776442307692308 0.3245192307692308 0.27403846153846156 0.6322115384615384
1 0.15625 0.5036057692307693 0.125 0.46153846153846156
1 0.18870192307692307 0.8653846153846154 0.19951923076923078 0.2644230769230769
1 0.2536057692307692 0.7307692307692307 0.19471153846153846 0.30528846153846156
1 0.3161057692307692 0.7463942307692307 0.18028846153846154 0.27403846153846156
1 0.49399038461538464 0.6310096153846154 0.4254807692307692 0.7331730769230769
1 0.390625 0.27403846153846156 0.15625 0.53125
1 0.5072115384615384 0.16346153846153846 0.17307692307692307 0.3125
1 0.5240384615384616 0.3088942307692308 0.09375 0.11778846153846154
1 0.6995192307692307 0.22596153846153846 0.39903846153846156 0.4375
1 0.9086538461538461 0.21153846153846154 0.1778846153846154 0.40865384615384615
1 0.6370192307692307 0.6213942307692307 0.22596153846153846 0.22596153846153846
1 0.5637019230769231 0.8653846153846154 0.2620192307692308 0.2644230769230769
1 0.6177884615384616 0.5697115384615384 0.28125 0.5144230769230769
1 0.765625 0.703125 0.23557692307692307 0.5
1 0.6838942307692307 0.9711538461538461 0.10336538461538461 0.052884615384615384
1 0.8641826923076923 0.8425480769230769 0.2668269230769231 0.31490384615384615
1 0.9399038461538461 0.5516826923076923 0.11538461538461539 0.2764423076923077
1 0.8581730769230769 0.6754807692307693 0.27884615384615385 0.5096153846153846
1 0.5444711538461539 0.5036057692307693 0.90625 0.9927884615384616