1 0.3125 0.6995192307692307 0.28125 0.14903846153846154
1 0.35096153846153844 0.765625 0.46875 0.28125
4 0.6286057692307693 0.8245192307692307 0.41346153846153844 0.13221153846153846
4 0.5036057692307693 0.734375 0.18028846153846154 0.125
4 0.6526442307692307 0.7379807692307693 0.39903846153846156 0.14903846153846154
4 0.640625 0.5973557692307693 0.4230769230769231 0.13221153846153846
4 0.65625 0.6754807692307693 0.40625 0.13221153846153846
4 0.65625 0.5276442307692307 0.34375 0.08653846153846154
4 0.640625 0.453125 0.3605769230769231 0.125
4 0.6526442307692307 0.3557692307692308 0.36778846153846156 0.08653846153846154
4 0.6442307692307693 0.23798076923076922 0.35096153846153844 0.13221153846153846
4 0.359375 0.24278846153846154 0.375 0.09375
4 0.36778846153846156 0.18389423076923078 0.375 0.055288461538461536
4 0.31971153846153844 0.296875 0.28125 0.11057692307692307
4 0.3125 0.3161057692307692 0.3269230769230769 0.10096153846153846
4 0.2932692307692308 0.3870192307692308 0.33653846153846156 0.11778846153846154
4 0.3004807692307692 0.44471153846153844 0.33653846153846156 0.15625
4 0.328125 0.4963942307692308 0.3269230769230769 0.08653846153846154
4 0.3125 0.5552884615384616 0.3269230769230769 0.11057692307692307
4 0.3125 0.6213942307692307 0.3125 0.14903846153846154