1 0.328125 0.8930288461538461 0.30288461538461536 0.12740384615384615
1 0.30528846153846156 0.6766826923076923 0.28846153846153844 0.11538461538461539
1 0.28966346153846156 0.46875 0.28365384615384615 0.1346153846153846
1 0.26322115384615385 0.25600961538461536 0.30288461538461536 0.13701923076923078
1 0.24519230769230768 0.057692307692307696 0.2932692307692308 0.11538461538461539
1 0.6947115384615384 0.8509615384615384 0.23076923076923078 0.125
1 0.6899038461538461 0.9879807692307693 0.21875 0.016826923076923076
1 0.71875 0.6995192307692307 0.23076923076923078 0.1466346153846154
1 0.7391826923076923 0.5564903846153846 0.23557692307692307 0.14423076923076922
1 0.7668269230769231 0.40625 0.23076923076923078 0.14903846153846154
1 0.7956730769230769 0.2764423076923077 0.23076923076923078 0.15865384615384615
1 0.828125 0.125 0.22596153846153846 0.15865384615384615
1 0.8461538461538461 0.037259615384615384 0.21153846153846154 0.07211538461538461