1 0.9338942307692307 0.5264423076923077 0.12740384615384615 0.4519230769230769
1 0.7704326923076923 0.7740384615384616 0.43509615384615385 0.20192307692307693
1 0.765625 0.5961538461538461 0.4375 0.5673076923076923
1 0.8653846153846154 0.8557692307692307 0.2644230769230769 0.15865384615384615
1 0.6466346153846154 0.9014423076923077 0.21153846153846154 0.14423076923076922
1 0.6526442307692307 0.9591346153846154 0.21875 0.07692307692307693
1 0.5036057692307693 0.9591346153846154 0.0889423076923077 0.07692307692307693
1 0.5036057692307693 0.8954326923076923 0.09134615384615384 0.07211538461538461
1 0.5024038461538461 0.7271634615384616 0.08653846153846154 0.2860576923076923
1 0.8762019230769231 0.9495192307692307 0.24278846153846154 0.09615384615384616
1 0.23798076923076922 0.40625 0.47115384615384615 0.32211538461538464
1 0.234375 0.47716346153846156 0.46153846153846156 0.2980769230769231
1 0.234375 0.5516826923076923 0.46153846153846156 0.32211538461538464
1 0.234375 0.6430288461538461 0.46153846153846156 0.3173076923076923
1 0.23317307692307693 0.6923076923076923 0.4567307692307692 0.25961538461538464
1 0.23317307692307693 0.84375 0.4567307692307692 0.2692307692307692
1 0.23317307692307693 0.9206730769230769 0.46153846153846156 0.15384615384615385