1 0.8125 0.09014423076923077 0.3605769230769231 0.16346153846153846
1 0.796875 0.3161057692307692 0.3125 0.27403846153846156
1 0.96875 0.3245192307692308 0.04807692307692308 0.27403846153846156
1 0.9567307692307693 0.6057692307692307 0.06971153846153846 0.28846153846153844
1 0.9254807692307693 0.8737980769230769 0.1346153846153846 0.24759615384615385
1 0.4723557692307692 0.09375 0.36778846153846156 0.17307692307692307
1 0.019230769230769232 0.08173076923076923 0.038461538461538464 0.14903846153846154
1 0.16346153846153846 0.08653846153846154 0.2644230769230769 0.15625
1 0.47596153846153844 0.30528846153846156 0.3605769230769231 0.2980769230769231
1 0.14423076923076922 0.3088942307692308 0.28846153846153844 0.27403846153846156
1 0.4375 0.6129807692307693 0.3605769230769231 0.30528846153846156
1 0.7572115384615384 0.609375 0.3269230769230769 0.2980769230769231
1 0.7115384615384616 0.8617788461538461 0.2980769230769231 0.27163461538461536
1 0.39903846153846156 0.8774038461538461 0.34615384615384615 0.2403846153846154
1 0.12860576923076922 0.5973557692307693 0.25721153846153844 0.31971153846153844
1 0.1141826923076923 0.8774038461538461 0.2283653846153846 0.2403846153846154
1 0.49759615384615385 0.5024038461538461 0.9951923076923077 0.9903846153846154