1 0.6526442307692307 0.375 0.27403846153846156 0.3125
1 0.6682692307692307 0.4375 0.30528846153846156 0.4375
1 0.484375 0.15985576923076922 0.25 0.13221153846153846
1 0.4807692307692308 0.05889423076923077 0.24278846153846154 0.10096153846153846
1 0.41346153846153844 0.234375 0.23557692307692307 0.11057692307692307
1 0.3786057692307692 0.4411057692307692 0.36778846153846156 0.47596153846153844
1 0.3125 0.6911057692307693 0.46875 0.39903846153846156
1 0.3161057692307692 0.671875 0.22596153846153846 0.13942307692307693
1 0.546875 0.859375 0.125 0.11057692307692307
1 0.546875 0.75 0.09375 0.09375
1 0.5901442307692307 0.6754807692307693 0.10096153846153846 0.10096153846153846
5 0.7115384615384616 0.11298076923076923 0.1875 0.21153846153846154
5 0.859375 0.11778846153846154 0.1875 0.21875
5 0.8473557692307693 0.35096153846153844 0.11778846153846154 0.20192307692307693
5 0.3713942307692308 0.9254807692307693 0.27403846153846156 0.13221153846153846