1 0.17307692307692307 0.7620192307692307 0.30288461538461536 0.19230769230769232
1 0.1935096153846154 0.5865384615384616 0.3173076923076923 0.21153846153846154
1 0.35096153846153844 0.4483173076923077 0.33653846153846156 0.3293269230769231
1 0.16466346153846154 0.33052884615384615 0.22355769230769232 0.2548076923076923
1 0.39302884615384615 0.29086538461538464 0.24519230769230768 0.2980769230769231
1 0.6490384615384616 0.4795673076923077 0.28365384615384615 0.25721153846153844
1 0.6382211538461539 0.29086538461538464 0.24519230769230768 0.18269230769230768
1 0.8197115384615384 0.421875 0.09375 0.3918269230769231
1 0.9182692307692307 0.40384615384615385 0.1201923076923077 0.33653846153846156
1 0.8689903846153846 0.7716346153846154 0.15384615384615385 0.057692307692307696
1 0.8533653846153846 0.6862980769230769 0.1875 0.13942307692307693
1 0.7043269230769231 0.6418269230769231 0.1201923076923077 0.10096153846153846