1 0.6310096153846154 0.8605769230769231 0.5408653846153846 0.27403846153846156
1 0.41586538461538464 0.8305288461538461 0.6442307692307693 0.3317307692307692
1 0.25721153846153844 0.8413461538461539 0.5024038461538461 0.3076923076923077
1 0.15264423076923078 0.7415865384615384 0.2956730769230769 0.11057692307692307
1 0.038461538461538464 0.7800480769230769 0.0673076923076923 0.052884615384615384
1 0.23197115384615385 0.5360576923076923 0.4519230769230769 0.15625
1 0.171875 0.39783653846153844 0.3317307692307692 0.22355769230769232
1 0.08774038461538461 0.25240384615384615 0.16346153846153846 0.22115384615384615
1 0.18028846153846154 0.17067307692307693 0.35096153846153844 0.2692307692307692
1 0.42908653846153844 0.15865384615384615 0.2692307692307692 0.27884615384615385
1 0.5661057692307693 0.2620192307692308 0.3557692307692308 0.18269230769230768
1 0.4074519230769231 0.421875 0.37740384615384615 0.22596153846153846
1 0.796875 0.390625 0.4014423076923077 0.31971153846153844
1 0.7512019230769231 0.4326923076923077 0.3317307692307692 0.23317307692307693
1 0.9411057692307693 0.43149038461538464 0.11298076923076923 0.2091346153846154
1 0.9302884615384616 0.2776442307692308 0.1346153846153846 0.06009615384615385
1 0.8774038461538461 0.32211538461538464 0.23557692307692307 0.09134615384615384
1 0.7620192307692307 0.29086538461538464 0.28846153846153844 0.11778846153846154
1 0.609375 0.23076923076923078 0.24759615384615385 0.10576923076923077
1 0.5192307692307693 0.21995192307692307 0.25240384615384615 0.09134615384615384
1 0.49158653846153844 0.30408653846153844 0.1875 0.0985576923076923
1 0.8509615384615384 0.5348557692307693 0.2932692307692308 0.2860576923076923
1 0.5841346153846154 0.5841346153846154 0.25 0.21634615384615385
1 0.6826923076923077 0.734375 0.44711538461538464 0.34134615384615385
1 0.9471153846153846 0.7355769230769231 0.10096153846153846 0.32211538461538464
1 0.8605769230769231 0.13221153846153846 0.27403846153846156 0.25961538461538464
1 0.7151442307692307 0.0673076923076923 0.23317307692307693 0.12980769230769232
1 0.18028846153846154 0.052884615384615384 0.3389423076923077 0.040865384615384616