1 0.13701923076923078 0.5024038461538461 0.25961538461538464 0.9903846153846154
1 0.30528846153846156 0.7764423076923077 0.11057692307692307 0.4423076923076923
1 0.31971153846153844 0.2776442307692308 0.0625 0.5384615384615384
1 0.18389423076923078 0.1875 0.19471153846153846 0.3605769230769231
1 0.5228365384615384 0.8737980769230769 0.31490384615384615 0.24759615384615385
1 0.6129807692307693 0.359375 0.11778846153846154 0.4230769230769231
1 0.6009615384615384 0.09735576923076923 0.17307692307692307 0.18028846153846154
1 0.4254807692307692 0.09735576923076923 0.19471153846153846 0.18028846153846154
1 0.46875 0.28125 0.11057692307692307 0.17307692307692307
1 0.390625 0.25 0.07692307692307693 0.21875
1 0.44471153846153844 0.5661057692307693 0.1875 0.41346153846153844
1 0.5973557692307693 0.5817307692307693 0.08653846153846154 0.35096153846153844
1 0.7235576923076923 0.8497596153846154 0.1201923076923077 0.2956730769230769
1 0.6526442307692307 0.6802884615384616 0.11778846153846154 0.17307692307692307
1 0.7223557692307693 0.4411057692307692 0.08653846153846154 0.5072115384615384
1 0.703125 0.140625 0.03125 0.125
1 0.703125 0.04326923076923077 0.0625 0.06971153846153846
1 0.7572115384615384 0.3713942307692308 0.0625 0.7259615384615384
1 0.8088942307692307 0.8557692307692307 0.06971153846153846 0.22596153846153846
1 0.8088942307692307 0.40625 0.08653846153846154 0.7980769230769231
1 0.9182692307692307 0.5024038461538461 0.1201923076923077 0.9903846153846154
1 0.9675480769230769 0.4807692307692308 0.06009615384615385 0.9471153846153846
1 0.08052884615384616 0.5024038461538461 0.15144230769230768 0.9903846153846154
1 0.5012019230769231 0.5036057692307693 0.9927884615384616 0.9927884615384616