1 0.265625 0.12860576923076922 0.3605769230769231 0.24278846153846154
1 0.09735576923076923 0.09375 0.18028846153846154 0.17307692307692307
1 0.18028846153846154 0.3161057692307692 0.34375 0.13221153846153846
1 0.35096153846153844 0.41346153846153844 0.125 0.17307692307692307
1 0.30528846153846156 0.47596153846153844 0.17307692307692307 0.14182692307692307
1 0.19110576923076922 0.5192307692307693 0.14903846153846154 0.055288461538461536
1 0.7776442307692307 0.11778846153846154 0.33653846153846156 0.17307692307692307
1 0.9014423076923077 0.07091346153846154 0.19230769230769232 0.12740384615384615
1 0.640625 0.0625 0.25 0.11057692307692307
1 0.5192307692307693 0.05048076923076923 0.13221153846153846 0.08653846153846154
1 0.40625 0.15625 0.1875 0.15625
1 0.53125 0.21875 0.2668269230769231 0.15625
1 0.8473557692307693 0.21514423076923078 0.24278846153846154 0.10096153846153846
1 0.9747596153846154 0.21995192307692307 0.04567307692307692 0.14182692307692307
1 0.8870192307692307 0.30528846153846156 0.16346153846153846 0.15625
1 0.7151442307692307 0.3870192307692308 0.22596153846153846 0.21153846153846154
1 0.5588942307692307 0.3317307692307692 0.27403846153846156 0.11778846153846154
1 0.515625 0.4495192307692308 0.20192307692307693 0.18028846153846154
1 0.12139423076923077 0.47596153846153844 0.22596153846153846 0.17307692307692307
1 0.19110576923076922 0.6322115384615384 0.36778846153846156 0.1875
1 0.15625 0.6838942307692307 0.2980769230769231 0.08653846153846154
1 0.21153846153846154 0.7572115384615384 0.28125 0.13942307692307693
1 0.4495192307692308 0.84375 0.28846153846153844 0.11057692307692307
1 0.7932692307692307 0.8822115384615384 0.18028846153846154 0.07692307692307693
1 0.7560096153846154 0.8401442307692307 0.4831730769230769 0.15144230769230768
1 0.8185096153846154 0.6418269230769231 0.3581730769230769 0.2692307692307692
1 0.65625 0.6322115384615384 0.2644230769230769 0.1875
1 0.49278846153846156 0.6875 0.3125 0.23557692307692307
1 0.8185096153846154 0.4182692307692308 0.3581730769230769 0.1971153846153846
1 0.5024038461538461 0.4735576923076923 0.9903846153846154 0.9326923076923077