1 0.734375 0.09735576923076923 0.5144230769230769 0.18028846153846154
1 0.7379807692307693 0.2620192307692308 0.5072115384615384 0.16346153846153846
1 0.7620192307692307 0.4182692307692308 0.46153846153846156 0.14903846153846154
1 0.7427884615384616 0.625 0.5 0.2668269230769231
1 0.765625 0.859375 0.4519230769230769 0.2668269230769231
1 0.2704326923076923 0.9014423076923077 0.5360576923076923 0.19230769230769232
1 0.24278846153846154 0.734375 0.4855769230769231 0.15625
1 0.24278846153846154 0.578125 0.4855769230769231 0.13942307692307693
1 0.24759615384615385 0.39903846153846156 0.49038461538461536 0.23557692307692307
1 0.24759615384615385 0.15625 0.49038461538461536 0.2980769230769231
1 0.49759615384615385 0.5024038461538461 0.9903846153846154 0.9903846153846154