1 0.671875 0.8930288461538461 0.30288461538461536 0.12740384615384615
1 0.6947115384615384 0.6766826923076923 0.28846153846153844 0.11538461538461539
1 0.7103365384615384 0.46875 0.28365384615384615 0.1346153846153846
1 0.7367788461538461 0.25600961538461536 0.30288461538461536 0.13701923076923078
1 0.7560096153846154 0.05889423076923077 0.2956730769230769 0.11298076923076923
1 0.30528846153846156 0.8509615384615384 0.23076923076923078 0.125
1 0.31009615384615385 0.9879807692307693 0.21875 0.016826923076923076
1 0.28125 0.6995192307692307 0.23076923076923078 0.1466346153846154
1 0.2608173076923077 0.5564903846153846 0.23557692307692307 0.14423076923076922
1 0.23317307692307693 0.40625 0.23076923076923078 0.14903846153846154
1 0.20432692307692307 0.2764423076923077 0.23076923076923078 0.15865384615384615
1 0.171875 0.125 0.22596153846153846 0.15865384615384615
1 0.15384615384615385 0.037259615384615384 0.21153846153846154 0.07211538461538461