1 0.19110576923076922 0.8713942307692307 0.18509615384615385 0.25
1 0.4026442307692308 0.9615384615384616 0.35096153846153844 0.06971153846153846
1 0.7403846153846154 0.8774038461538461 0.5144230769230769 0.2403846153846154
1 0.8822115384615384 0.9194711538461539 0.23076923076923078 0.15625
1 0.9314903846153846 0.9543269230769231 0.13221153846153846 0.08653846153846154
1 0.9627403846153846 0.9711538461538461 0.06971153846153846 0.052884615384615384
1 0.5973557692307693 0.6947115384615384 0.8028846153846154 0.4807692307692308
1 0.3942307692307692 0.8497596153846154 0.45913461538461536 0.07692307692307693
1 0.5685096153846154 0.6418269230769231 0.8581730769230769 0.44711538461538464
1 0.5612980769230769 0.5805288461538461 0.875 0.4543269230769231
1 0.5528846153846154 0.5444711538461539 0.8894230769230769 0.4639423076923077
1 0.5504807692307693 0.4963942307692308 0.8942307692307693 0.5024038461538461
1 0.33774038461538464 0.625 0.46875 0.15865384615384615
1 0.5504807692307693 0.43509615384615385 0.8942307692307693 0.4375
1 0.5504807692307693 0.37259615384615385 0.8942307692307693 0.3942307692307692
1 0.5504807692307693 0.2956730769230769 0.8942307692307693 0.3798076923076923
1 0.5504807692307693 0.3004807692307692 0.8942307692307693 0.4807692307692308
1 0.5360576923076923 0.19831730769230768 0.8653846153846154 0.3269230769230769
1 0.5324519230769231 0.16105769230769232 0.8677884615384616 0.3173076923076923
1 0.296875 0.11899038461538461 0.3870192307692308 0.16826923076923078