1 0.9098557692307693 0.5240384615384616 0.16346153846153846 0.2980769230769231
1 0.7259615384615384 0.7115384615384616 0.20192307692307693 0.13942307692307693
1 0.6598557692307693 0.8677884615384616 0.18028846153846154 0.25
1 0.421875 0.8822115384615384 0.375 0.21875
1 0.5036057692307693 0.7307692307692307 0.16346153846153846 0.16346153846153846
1 0.8473557692307693 0.8822115384615384 0.24278846153846154 0.21875
1 0.9483173076923077 0.875 0.0985576923076923 0.23557692307692307
1 0.8737980769230769 0.7115384615384616 0.24759615384615385 0.11057692307692307
1 0.6995192307692307 0.390625 0.28846153846153844 0.5
1 0.7740384615384616 0.4963942307692308 0.11057692307692307 0.27403846153846156
1 0.9519230769230769 0.6009615384615384 0.09134615384615384 0.14423076923076922
1 0.9170673076923077 0.22355769230769232 0.16105769230769232 0.44711538461538464
1 0.390625 0.2776442307692308 0.3269230769230769 0.38221153846153844
1 0.39903846153846156 0.5661057692307693 0.3125 0.21153846153846154
1 0.33653846153846156 0.6911057692307693 0.20192307692307693 0.18028846153846154