1 0.12259615384615384 0.24278846153846154 0.23076923076923078 0.47836538461538464
1 0.07572115384615384 0.1045673076923077 0.13942307692307693 0.15865384615384615
1 0.1045673076923077 0.4074519230769231 0.1971153846153846 0.10576923076923077
1 0.055288461538461536 0.2980769230769231 0.0985576923076923 0.2692307692307692
1 0.15384615384615385 0.7283653846153846 0.2980769230769231 0.31009615384615385
1 0.15264423076923078 0.8990384615384616 0.3004807692307692 0.1971153846153846
1 0.3401442307692308 0.9050480769230769 0.19471153846153846 0.18509615384615385
1 0.43509615384615385 0.9230769230769231 0.19230769230769232 0.14903846153846154
1 0.5877403846153846 0.9350961538461539 0.28125 0.125
1 0.3317307692307692 0.4423076923076923 0.5120192307692307 0.15865384615384615
1 0.5673076923076923 0.052884615384615384 0.5192307692307693 0.0985576923076923
1 0.32572115384615385 0.24519230769230768 0.13942307692307693 0.09615384615384616
1 0.6802884615384616 0.09014423076923077 0.5913461538461539 0.17307692307692307
1 0.6598557692307693 0.2127403846153846 0.4951923076923077 0.10576923076923077
1 0.5925480769230769 0.19591346153846154 0.3605769230769231 0.07692307692307693
1 0.5324519230769231 0.17908653846153846 0.25 0.057692307692307696
1 0.9146634615384616 0.13221153846153846 0.1658653846153846 0.10096153846153846
1 0.7295673076923077 0.7355769230769231 0.21634615384615385 0.4879807692307692
1 0.5637019230769231 0.6983173076923077 0.2091346153846154 0.36538461538461536
1 0.4387019230769231 0.6862980769230769 0.18028846153846154 0.33413461538461536
1 0.23197115384615385 0.6658653846153846 0.30288461538461536 0.2932692307692308
1 0.9603365384615384 0.49278846153846156 0.07451923076923077 0.16826923076923078
1 0.8894230769230769 0.4879807692307692 0.10576923076923077 0.15865384615384615
1 0.9194711538461539 0.35697115384615385 0.15625 0.11778846153846154
1 0.7728365384615384 0.375 0.11538461538461539 0.11057692307692307
1 0.6370192307692307 0.3894230769230769 0.14423076923076922 0.0889423076923077
1 0.6742788461538461 0.4723557692307692 0.3485576923076923 0.08653846153846154
1 0.6850961538461539 0.2800480769230769 0.625 0.15144230769230768
1 0.9002403846153846 0.8545673076923077 0.19471153846153846 0.27163461538461536
1 0.8317307692307693 0.6394230769230769 0.09134615384615384 0.13942307692307693
1 0.9314903846153846 0.6322115384615384 0.13221153846153846 0.1875