1 0.234375 0.3245192307692308 0.4519230769230769 0.5552884615384616
1 0.3557692307692308 0.6754807692307693 0.33653846153846156 0.27403846153846156
1 0.4495192307692308 0.84375 0.21153846153846154 0.17307692307692307
1 0.4026442307692308 0.953125 0.31971153846153844 0.07932692307692307
1 0.6682692307692307 0.953125 0.22596153846153846 0.07932692307692307
1 0.8930288461538461 0.9411057692307693 0.2091346153846154 0.10336538461538461
1 0.9086538461538461 0.6622596153846154 0.1778846153846154 0.25240384615384615
1 0.9050480769230769 0.84375 0.18509615384615385 0.11057692307692307
1 0.6802884615384616 0.8677884615384616 0.23557692307692307 0.17307692307692307
1 0.671875 0.6838942307692307 0.28125 0.19471153846153846
1 0.640625 0.5036057692307693 0.3269230769230769 0.16346153846153846
1 0.609375 0.23076923076923078 0.4230769230769231 0.38221153846153844
1 0.609375 0.04447115384615385 0.37740384615384615 0.08413461538461539
1 0.35096153846153844 0.03245192307692308 0.20673076923076922 0.06009615384615385
1 0.9242788461538461 0.2704326923076923 0.1466346153846154 0.5360576923076923