1 0.23197115384615385 0.8233173076923077 0.25 0.28365384615384615
1 0.16466346153846154 0.5432692307692307 0.18028846153846154 0.1875
1 0.20793269230769232 0.18629807692307693 0.1875 0.28365384615384615
1 0.5180288461538461 0.7427884615384616 0.16346153846153846 0.24278846153846154
1 0.4338942307692308 0.6899038461538461 0.16105769230769232 0.22596153846153846
1 0.39663461538461536 0.5456730769230769 0.08653846153846154 0.17307692307692307
1 0.515625 0.5048076923076923 0.16826923076923078 0.23076923076923078
1 0.6021634615384616 0.5685096153846154 0.16105769230769232 0.21634615384615385
1 0.859375 0.21153846153846154 0.21153846153846154 0.27403846153846156
1 0.8725961538461539 0.5528846153846154 0.16105769230769232 0.22596153846153846
1 0.7956730769230769 0.8305288461538461 0.34615384615384615 0.27884615384615385