1 0.8677884615384616 0.9338942307692307 0.15625 0.11778846153846154
1 0.6286057692307693 0.9338942307692307 0.33653846153846156 0.11778846153846154
1 0.4182692307692308 0.9723557692307693 0.08653846153846154 0.038461538461538464
1 0.31971153846153844 0.9759615384615384 0.125 0.03125
1 0.14423076923076922 0.9447115384615384 0.19471153846153846 0.09375
1 0.359375 0.90625 0.21875 0.11057692307692307
1 0.640625 0.8713942307692307 0.3125 0.14903846153846154
1 0.796875 0.84375 0.125 0.0625
1 0.8401442307692307 0.7259615384615384 0.21153846153846154 0.2980769230769231
1 0.8990384615384616 0.6129807692307693 0.09375 0.14903846153846154
1 0.8401442307692307 0.5661057692307693 0.21153846153846154 0.16346153846153846
1 0.7427884615384616 0.6995192307692307 0.1875 0.22596153846153846
1 0.49278846153846156 0.703125 0.3125 0.17307692307692307
1 0.4723557692307692 0.8245192307692307 0.31971153846153844 0.14903846153846154
1 0.19951923076923078 0.8677884615384616 0.24278846153846154 0.14182692307692307
1 0.039663461538461536 0.9375 0.07932692307692307 0.11057692307692307
1 0.039663461538461536 0.8317307692307693 0.07932692307692307 0.1201923076923077
1 0.08413461538461539 0.07211538461538461 0.16826923076923078 0.13942307692307693
1 0.027644230769230768 0.13221153846153846 0.055288461538461536 0.11057692307692307
1 0.02403846153846154 0.23076923076923078 0.04807692307692308 0.08653846153846154
1 0.21153846153846154 0.21153846153846154 0.3894230769230769 0.125
1 0.18389423076923078 0.33653846153846156 0.36778846153846156 0.125
1 0.16346153846153846 0.4495192307692308 0.15625 0.11778846153846154
1 0.05889423076923077 0.4254807692307692 0.11778846153846154 0.11778846153846154
1 0.019230769230769232 0.46875 0.038461538461538464 0.07692307692307693
1 0.859375 0.4651442307692308 0.15625 0.08653846153846154
1 0.7692307692307693 0.46153846153846156 0.06971153846153846 0.09375
1 0.6286057692307693 0.44471153846153844 0.21153846153846154 0.07692307692307693
1 0.6634615384615384 0.5276442307692307 0.13942307692307693 0.08653846153846154
1 0.6947115384615384 0.5504807692307693 0.04807692307692308 0.055288461538461536
1 0.5865384615384616 0.5745192307692307 0.15625 0.10096153846153846
1 0.4098557692307692 0.5072115384615384 0.31971153846153844 0.21875
1 0.38221153846153844 0.38221153846153844 0.28125 0.125
1 0.22596153846153846 0.6875 0.17307692307692307 0.23557692307692307
1 0.2932692307692308 0.75 0.10096153846153846 0.09375
1 0.30528846153846156 0.640625 0.07692307692307693 0.07692307692307693
1 0.07451923076923077 0.6442307692307693 0.14903846153846154 0.27403846153846156
1 0.19471153846153846 0.5348557692307693 0.11057692307692307 0.055288461538461536
1 0.8365384615384616 0.34375 0.20192307692307693 0.15625
1 0.90625 0.18028846153846154 0.0625 0.17307692307692307
1 0.7427884615384616 0.3629807692307692 0.1875 0.11778846153846154
1 0.703125 0.21514423076923078 0.46875 0.28846153846153844
1 0.5192307692307693 0.27403846153846156 0.22596153846153846 0.25
1 0.35697115384615385 0.028846153846153848 0.35336538461538464 0.052884615384615384
1 0.41346153846153844 0.11298076923076923 0.59375 0.19471153846153846
1 0.6490384615384616 0.055288461538461536 0.25 0.11057692307692307
1 0.7860576923076923 0.11057692307692307 0.3076923076923077 0.21634615384615385
1 0.4735576923076923 0.49759615384615385 0.9471153846153846 0.9903846153846154