1 0.15264423076923078 0.25 0.30528846153846156 0.4855769230769231
1 0.6754807692307693 0.22235576923076922 0.6322115384615384 0.43028846153846156
1 0.7067307692307693 0.5661057692307693 0.5697115384615384 0.25721153846153844
1 0.6947115384615384 0.7620192307692307 0.5144230769230769 0.19471153846153846
1 0.17548076923076922 0.5817307692307693 0.35096153846153844 0.19471153846153846
1 0.1875 0.7427884615384616 0.375 0.17307692307692307
1 0.24278846153846154 0.8557692307692307 0.3605769230769231 0.10096153846153846
1 0.3473557692307692 0.9338942307692307 0.21153846153846154 0.08653846153846154
1 0.44591346153846156 0.9831730769230769 0.14182692307692307 0.028846153846153848
1 0.6526442307692307 0.8990384615384616 0.36778846153846156 0.11057692307692307
1 0.6502403846153846 0.9711538461538461 0.23798076923076922 0.052884615384615384