1 0.49759615384615385 0.2860576923076923 0.9951923076923077 0.5625
1 0.7199519230769231 0.6742788461538461 0.27884615384615385 0.5192307692307693
1 0.5877403846153846 0.7019230769230769 0.25721153846153844 0.5913461538461539
1 0.49278846153846156 0.6069711538461539 0.08653846153846154 0.46153846153846156
1 0.4387019230769231 0.6490384615384616 0.13221153846153846 0.5288461538461539
1 0.4110576923076923 0.6021634615384616 0.12259615384615384 0.4014423076923077
1 0.3449519230769231 0.6466346153846154 0.17307692307692307 0.4807692307692308
1 0.3161057692307692 0.6983173076923077 0.25 0.6009615384615384
1 0.2548076923076923 0.6574519230769231 0.2091346153846154 0.5024038461538461
1 0.1814903846153846 0.6418269230769231 0.2548076923076923 0.49038461538461536
1 0.10697115384615384 0.6875 0.21394230769230768 0.5889423076923077
1 0.0733173076923077 0.5985576923076923 0.14423076923076922 0.375