1 0.546875 0.40625 0.5 0.6875
1 0.8473557692307693 0.5625 0.28846153846153844 0.3605769230769231
1 0.8125 0.3629807692307692 0.3605769230769231 0.36778846153846156
1 0.8677884615384616 0.17548076923076922 0.25 0.22596153846153846
1 0.31971153846153844 0.3401442307692308 0.53125 0.5552884615384616
1 0.21634615384615385 0.2764423076923077 0.42788461538461536 0.4326923076923077
1 0.14302884615384615 0.7043269230769231 0.28125 0.5865384615384616
1 0.828125 0.828125 0.3269230769230769 0.23557692307692307
1 0.75 0.9242788461538461 0.4855769230769231 0.1466346153846154
1 0.6682692307692307 0.7115384615384616 0.21153846153846154 0.375
1 0.36778846153846156 0.8233173076923077 0.20673076923076922 0.3485576923076923
1 0.5240384615384616 0.8365384615384616 0.11057692307692307 0.3125
1 0.4987980769230769 0.5252403846153846 0.9927884615384616 0.9447115384615384