1 0.9615384615384616 0.71875 0.0625 0.09375
1 0.8822115384615384 0.640625 0.17307692307692307 0.14182692307692307
1 0.8629807692307693 0.5588942307692307 0.19471153846153846 0.10096153846153846
1 0.8677884615384616 0.4963942307692308 0.17307692307692307 0.11778846153846154
1 0.7463942307692307 0.41346153846153844 0.11778846153846154 0.125
1 0.6875 0.4375 0.11057692307692307 0.0625
1 0.5192307692307693 0.421875 0.22596153846153846 0.04807692307692308
1 0.5697115384615384 0.4651442307692308 0.1875 0.02403846153846154
1 0.640625 0.5192307692307693 0.17307692307692307 0.10096153846153846
1 0.6911057692307693 0.5348557692307693 0.13221153846153846 0.08653846153846154
1 0.7223557692307693 0.6129807692307693 0.11778846153846154 0.08653846153846154
1 0.6177884615384616 0.6442307692307693 0.25 0.11778846153846154
1 0.5036057692307693 0.5625 0.14903846153846154 0.11057692307692307
1 0.390625 0.5697115384615384 0.13942307692307693 0.0625
1 0.41346153846153844 0.46875 0.15625 0.0625
1 0.18389423076923078 0.53125 0.21153846153846154 0.11057692307692307
1 0.2692307692307692 0.453125 0.11778846153846154 0.11057692307692307
1 0.14903846153846154 0.4182692307692308 0.15625 0.11778846153846154
1 0.28846153846153844 0.38221153846153844 0.125 0.0625
1 0.38221153846153844 0.3870192307692308 0.0625 0.10096153846153846