1 0.24639423076923078 0.0625 0.47596153846153844 0.11057692307692307
1 0.13701923076923078 0.17548076923076922 0.25721153846153844 0.18028846153846154
1 0.7487980769230769 0.04326923076923077 0.49759615384615385 0.07211538461538461
1 0.6983173076923077 0.18389423076923078 0.5985576923076923 0.35336538461538464
1 0.4411057692307692 0.27403846153846156 0.30528846153846156 0.125
1 0.19110576923076922 0.21875 0.36778846153846156 0.13942307692307693
1 0.265625 0.3401442307692308 0.5144230769230769 0.19471153846153846
1 0.203125 0.5036057692307693 0.3894230769230769 0.13221153846153846
1 0.8894230769230769 0.46634615384615385 0.21634615384615385 0.32211538461538464
1 0.6598557692307693 0.4026442307692308 0.24278846153846154 0.19471153846153846
1 0.6129807692307693 0.5697115384615384 0.43028846153846156 0.21875
1 0.40625 0.6634615384615384 0.2980769230769231 0.23557692307692307
1 0.14423076923076922 0.6875 0.27403846153846156 0.25
1 0.06971153846153846 0.5865384615384616 0.125 0.20192307692307693
1 0.06610576923076923 0.859375 0.11778846153846154 0.09375
1 0.0985576923076923 0.9399038461538461 0.18269230769230768 0.11538461538461539
1 0.234375 0.9014423076923077 0.23798076923076922 0.19230769230769232
1 0.4567307692307692 0.8653846153846154 0.3557692307692308 0.2644230769230769
1 0.671875 0.6995192307692307 0.23557692307692307 0.14903846153846154
1 0.8894230769230769 0.6995192307692307 0.21634615384615385 0.1346153846153846
1 0.9206730769230769 0.796875 0.15384615384615385 0.12740384615384615
1 0.7560096153846154 0.8858173076923077 0.4831730769230769 0.22355769230769232
1 0.5024038461538461 0.5024038461538461 0.9903846153846154 0.9903846153846154