1 0.13701923076923078 0.8713942307692307 0.06971153846153846 0.18028846153846154
1 0.19471153846153846 0.8629807692307693 0.04807692307692308 0.18028846153846154
1 0.2536057692307692 0.8677884615384616 0.06971153846153846 0.17307692307692307
1 0.16826923076923078 0.703125 0.055288461538461536 0.125
1 0.21514423076923078 0.7115384615384616 0.055288461538461536 0.14182692307692307
1 0.28125 0.7151442307692307 0.07692307692307693 0.13221153846153846
1 0.19110576923076922 0.5697115384615384 0.055288461538461536 0.125
1 0.25721153846153844 0.578125 0.0625 0.125
1 0.3125 0.5865384615384616 0.04807692307692308 0.125
1 0.265625 0.453125 0.15625 0.125
1 0.3161057692307692 0.921875 0.08653846153846154 0.13942307692307693
1 0.375 0.9182692307692307 0.0625 0.14903846153846154
1 0.421875 0.921875 0.04807692307692308 0.13942307692307693
1 0.46153846153846156 0.921875 0.03125 0.13942307692307693
1 0.5036057692307693 0.9254807692307693 0.055288461538461536 0.13221153846153846
1 0.5697115384615384 0.921875 0.0625 0.13942307692307693
1 0.6370192307692307 0.9254807692307693 0.08653846153846154 0.13221153846153846
1 0.6995192307692307 0.8990384615384616 0.055288461538461536 0.1875
1 0.7620192307692307 0.9026442307692307 0.055288461538461536 0.18028846153846154
1 0.8161057692307693 0.890625 0.055288461538461536 0.20192307692307693
1 0.875 0.8942307692307693 0.0625 0.19471153846153846
1 0.9338942307692307 0.8942307692307693 0.02403846153846154 0.19471153846153846
1 0.6995192307692307 0.7151442307692307 0.06971153846153846 0.16346153846153846
1 0.78125 0.7151442307692307 0.11057692307692307 0.18028846153846154
1 0.8870192307692307 0.7151442307692307 0.10096153846153846 0.14903846153846154
1 0.6322115384615384 0.7848557692307693 0.07692307692307693 0.14903846153846154
1 0.5745192307692307 0.7848557692307693 0.06971153846153846 0.14903846153846154
1 0.5192307692307693 0.7884615384615384 0.038461538461538464 0.13942307692307693
1 0.484375 0.78125 0.03125 0.15625
1 0.4651442307692308 0.7776442307692307 0.038461538461538464 0.14903846153846154
1 0.4375 0.78125 0.04807692307692308 0.125
1 0.3870192307692308 0.78125 0.06971153846153846 0.14182692307692307
1 0.3317307692307692 0.7884615384615384 0.06971153846153846 0.14182692307692307
1 0.6995192307692307 0.5661057692307693 0.055288461538461536 0.14903846153846154
1 0.75 0.5588942307692307 0.0625 0.14903846153846154
1 0.7884615384615384 0.5504807692307693 0.04807692307692308 0.14903846153846154
1 0.84375 0.5432692307692307 0.07692307692307693 0.14903846153846154
1 0.890625 0.546875 0.0625 0.17307692307692307
1 0.5661057692307693 0.6322115384615384 0.16346153846153846 0.13942307692307693
1 0.46875 0.6370192307692307 0.0625 0.11778846153846154
1 0.40625 0.6490384615384616 0.04807692307692308 0.125
1 0.359375 0.6442307692307693 0.0625 0.13221153846153846
1 0.3629807692307692 0.5240384615384616 0.055288461538461536 0.125
1 0.41346153846153844 0.5240384615384616 0.04807692307692308 0.125
1 0.4723557692307692 0.5192307692307693 0.055288461538461536 0.11778846153846154
1 0.5276442307692307 0.4567307692307692 0.08653846153846154 0.21153846153846154
1 0.5865384615384616 0.46875 0.04807692307692308 0.23557692307692307
1 0.65625 0.46153846153846156 0.07692307692307693 0.21875
1 0.71875 0.421875 0.07692307692307693 0.125
1 0.7848557692307693 0.43028846153846156 0.038461538461538464 0.15625
1 0.8473557692307693 0.4098557692307692 0.08653846153846154 0.13221153846153846
1 0.25721153846153844 0.22596153846153846 0.20192307692307693 0.40625
1 0.40625 0.25721153846153844 0.15625 0.3894230769230769
1 0.59375 0.20673076923076922 0.1875 0.28846153846153844
1 0.78125 0.19951923076923078 0.1875 0.28846153846153844
1 0.4423076923076923 0.036057692307692304 0.18269230769230768 0.0673076923076923
1 0.6141826923076923 0.028846153846153848 0.1658653846153846 0.052884615384615384
1 0.7692307692307693 0.028846153846153848 0.18269230769230768 0.052884615384615384