1 0.4879807692307692 0.22596153846153846 0.5096153846153846 0.3076923076923077
1 0.8341346153846154 0.18990384615384615 0.2860576923076923 0.24759615384615385
1 0.6514423076923077 0.4483173076923077 0.44711538461538464 0.1971153846153846
1 0.3605769230769231 0.38100961538461536 0.18269230769230768 0.14903846153846154
1 0.2403846153846154 0.390625 0.14903846153846154 0.13221153846153846
1 0.31971153846153844 0.5492788461538461 0.18269230769230768 0.18509615384615385
1 0.18028846153846154 0.546875 0.1658653846153846 0.2091346153846154
1 0.53125 0.6201923076923077 0.3894230769230769 0.27884615384615385
1 0.5120192307692307 0.8305288461538461 0.3485576923076923 0.15144230769230768
1 0.24278846153846154 0.8725961538461539 0.23557692307692307 0.19230769230769232
1 0.18269230769230768 0.7680288461538461 0.2980769230769231 0.19230769230769232
1 0.2800480769230769 0.7175480769230769 0.25 0.125