1 0.234375 0.7800480769230769 0.4543269230769231 0.43509615384615385
1 0.22235576923076922 0.6911057692307693 0.43028846153846156 0.44471153846153844
1 0.2536057692307692 0.6838942307692307 0.49278846153846156 0.5384615384615384
1 0.296875 0.5685096153846154 0.5793269230769231 0.8581730769230769
1 0.46153846153846156 0.5144230769230769 0.9086538461538461 0.9663461538461539
1 0.7920673076923077 0.8497596153846154 0.4110576923076923 0.2956730769230769
1 0.9170673076923077 0.7235576923076923 0.16105769230769232 0.3076923076923077
1 0.44471153846153844 0.3401442307692308 0.875 0.6634615384615384
1 0.8966346153846154 0.22596153846153846 0.20192307692307693 0.4423076923076923
1 0.6802884615384616 0.078125 0.34375 0.13942307692307693
1 0.5012019230769231 0.5036057692307693 0.9927884615384616 0.9927884615384616