1 0.8701923076923077 0.28725961538461536 0.2283653846153846 0.47596153846153844
1 0.6237980769230769 0.1971153846153846 0.22596153846153846 0.2980769230769231
1 0.7463942307692307 0.7007211538461539 0.12980769230769232 0.2283653846153846
1 0.9338942307692307 0.6694711538461539 0.09375 0.20192307692307693
1 0.828125 0.8978365384615384 0.125 0.1778846153846154
1 0.828125 0.7776442307692307 0.1201923076923077 0.14903846153846154
1 0.8365384615384616 0.6634615384615384 0.10336538461538461 0.12980769230769232
1 0.4951923076923077 0.7752403846153846 0.30288461538461536 0.4254807692307692
1 0.15865384615384615 0.7776442307692307 0.2860576923076923 0.4326923076923077
1 0.3713942307692308 0.3581730769230769 0.23557692307692307 0.28365384615384615
1 0.3713942307692308 0.17548076923076922 0.23557692307692307 0.2548076923076923
1 0.11778846153846154 0.29927884615384615 0.22115384615384615 0.41346153846153844
1 0.13701923076923078 0.21634615384615385 0.1971153846153846 0.3076923076923077