1 0.2764423076923077 0.5889423076923077 0.25961538461538464 0.8125
1 0.4050480769230769 0.4206730769230769 0.2668269230769231 0.6754807692307693
1 0.6382211538461539 0.5697115384615384 0.47115384615384615 0.7668269230769231
1 0.23677884615384615 0.5925480769230769 0.16105769230769232 0.8076923076923077
1 0.2692307692307692 0.5925480769230769 0.14423076923076922 0.8076923076923077
1 0.2860576923076923 0.5973557692307693 0.12980769230769232 0.7980769230769231
1 0.30649038461538464 0.5973557692307693 0.1201923076923077 0.7908653846153846
1 0.3317307692307692 0.5588942307692307 0.1201923076923077 0.6995192307692307
1 0.35697115384615385 0.4206730769230769 0.14903846153846154 0.6682692307692307
1 0.43509615384615385 0.4230769230769231 0.02403846153846154 0.6634615384615384
1 0.46274038461538464 0.4230769230769231 0.028846153846153848 0.6634615384615384
1 0.484375 0.41947115384615385 0.02403846153846154 0.6634615384615384
1 0.5180288461538461 0.4230769230769231 0.028846153846153848 0.65625
1 0.4723557692307692 0.5552884615384616 0.11057692307692307 0.6346153846153846
1 0.5504807692307693 0.5528846153846154 0.02403846153846154 0.6322115384615384
1 0.5600961538461539 0.5552884615384616 0.02403846153846154 0.6298076923076923
1 0.5625 0.5528846153846154 0.06009615384615385 0.7211538461538461
1 0.7331730769230769 0.5673076923076923 0.27163461538461536 0.7475961538461539
1 0.6730769230769231 0.5805288461538461 0.13942307692307693 0.7259615384615384
1 0.6754807692307693 0.5697115384615384 0.15625 0.7355769230769231