1 0.8137019230769231 0.3112980769230769 0.17307692307692307 0.15625
1 0.6370192307692307 0.25961538461538464 0.22355769230769232 0.23076923076923078
1 0.47596153846153844 0.22956730769230768 0.21875 0.33413461538461536
1 0.4206730769230769 0.28966346153846156 0.21875 0.3173076923076923
1 0.22355769230769232 0.2704326923076923 0.28365384615384615 0.2932692307692308
1 0.28365384615384615 0.24158653846153846 0.20673076923076922 0.2932692307692308
1 0.6670673076923077 0.5564903846153846 0.0985576923076923 0.16826923076923078
1 0.5733173076923077 0.5528846153846154 0.15384615384615385 0.28365384615384615
1 0.5132211538461539 0.5072115384615384 0.23076923076923078 0.19951923076923078
1 0.49399038461538464 0.5637019230769231 0.09134615384615384 0.2403846153846154
1 0.3473557692307692 0.5492788461538461 0.19230769230769232 0.2980769230769231
1 0.24879807692307693 0.5925480769230769 0.16826923076923078 0.30528846153846156
1 0.1502403846153846 0.5925480769230769 0.15865384615384615 0.3557692307692308
1 0.5108173076923077 0.8040865384615384 0.22355769230769232 0.23317307692307693
1 0.34375 0.8185096153846154 0.3605769230769231 0.24759615384615385
1 0.31971153846153844 0.8978365384615384 0.19230769230769232 0.05048076923076923