1 0.6069711538461539 0.40024038461538464 0.7067307692307693 0.44471153846153844
1 0.4951923076923077 0.5841346153846154 0.7884615384615384 0.6009615384615384
1 0.3137019230769231 0.35096153846153844 0.17307692307692307 0.125
1 0.25721153846153844 0.3088942307692308 0.0625 0.04807692307692308
1 0.6105769230769231 0.41947115384615385 0.18269230769230768 0.1201923076923077
1 0.7247596153846154 0.4891826923076923 0.1778846153846154 0.20432692307692307
5 0.5576923076923077 0.34615384615384615 0.07692307692307693 0.052884615384615384
5 0.5072115384615384 0.40384615384615385 0.0889423076923077 0.052884615384615384
5 0.5084134615384616 0.3641826923076923 0.057692307692307696 0.07211538461538461
5 0.46274038461538464 0.3581730769230769 0.052884615384615384 0.0673076923076923
5 0.40865384615384615 0.3737980769230769 0.09615384615384616 0.0889423076923077
5 0.13822115384615385 0.2980769230769231 0.16826923076923078 0.1778846153846154