1 0.13942307692307693 0.6310096153846154 0.27403846153846156 0.5408653846153846
1 0.16947115384615385 0.41586538461538464 0.3317307692307692 0.6442307692307693
1 0.15865384615384615 0.25721153846153844 0.3076923076923077 0.5024038461538461
1 0.25841346153846156 0.15264423076923078 0.11057692307692307 0.2956730769230769
1 0.21995192307692307 0.038461538461538464 0.052884615384615384 0.0673076923076923
1 0.4639423076923077 0.23197115384615385 0.15625 0.4519230769230769
1 0.6021634615384616 0.171875 0.22115384615384615 0.3317307692307692
1 0.7475961538461539 0.08774038461538461 0.22115384615384615 0.16346153846153846
1 0.8293269230769231 0.18028846153846154 0.2692307692307692 0.35096153846153844
1 0.8413461538461539 0.42908653846153844 0.27884615384615385 0.2692307692307692
1 0.7379807692307693 0.5661057692307693 0.18269230769230768 0.3557692307692308
1 0.578125 0.4074519230769231 0.22596153846153846 0.37740384615384615
1 0.609375 0.796875 0.31971153846153844 0.4014423076923077
1 0.5673076923076923 0.7512019230769231 0.23317307692307693 0.3317307692307692
1 0.5685096153846154 0.9411057692307693 0.2091346153846154 0.11298076923076923
1 0.7247596153846154 0.9302884615384616 0.06009615384615385 0.1346153846153846
1 0.6778846153846154 0.8774038461538461 0.09134615384615384 0.23557692307692307
1 0.7091346153846154 0.7620192307692307 0.11538461538461539 0.28846153846153844
1 0.7692307692307693 0.609375 0.10576923076923077 0.24519230769230768
1 0.7800480769230769 0.5192307692307693 0.09134615384615384 0.25
1 0.6959134615384616 0.49158653846153844 0.0985576923076923 0.1875
1 0.4651442307692308 0.8509615384615384 0.2860576923076923 0.2932692307692308
1 0.41586538461538464 0.5841346153846154 0.21634615384615385 0.25
1 0.265625 0.6826923076923077 0.34134615384615385 0.44711538461538464
1 0.2668269230769231 0.9471153846153846 0.32211538461538464 0.10096153846153846
1 0.8701923076923077 0.8605769230769231 0.25961538461538464 0.27403846153846156
1 0.9326923076923077 0.7151442307692307 0.12980769230769232 0.23317307692307693
1 0.9471153846153846 0.18028846153846154 0.038461538461538464 0.3389423076923077