1 0.30528846153846156 0.140625 0.59375 0.2644230769230769
1 0.14423076923076922 0.4098557692307692 0.27403846153846156 0.25721153846153844
1 0.4375 0.36778846153846156 0.3125 0.1875
1 0.203125 0.6995192307692307 0.3894230769230769 0.38221153846153844
1 0.24519230769230768 0.8653846153846154 0.4807692307692308 0.2644230769230769
1 0.5432692307692307 0.578125 0.35096153846153844 0.4375
1 0.47596153846153844 0.3870192307692308 0.3605769230769231 0.25721153846153844
1 0.6634615384615384 0.11298076923076923 0.11057692307692307 0.21153846153846154
1 0.7572115384615384 0.359375 0.1875 0.28125
1 0.6875 0.16826923076923078 0.25 0.31971153846153844
1 0.8365384615384616 0.15985576923076922 0.15625 0.30528846153846156
1 0.921875 0.125 0.11057692307692307 0.23557692307692307
1 0.9170673076923077 0.34134615384615385 0.16105769230769232 0.1971153846153846
1 0.9663461538461539 0.7223557692307693 0.0625 0.5552884615384616
1 0.8810096153846154 0.9278846153846154 0.11298076923076923 0.13942307692307693
1 0.9182692307692307 0.7932692307692307 0.06971153846153846 0.13221153846153846
1 0.84375 0.5504807692307693 0.20192307692307693 0.33653846153846156
1 0.78125 0.6995192307692307 0.2644230769230769 0.44471153846153844
1 0.6177884615384616 0.8389423076923077 0.40865384615384615 0.3173076923076923
1 0.5012019230769231 0.5036057692307693 0.9927884615384616 0.9927884615384616