1 0.5552884615384616 0.5661057692307693 0.2980769230769231 0.22596153846153846
1 0.6995192307692307 0.3629807692307692 0.39903846153846156 0.19471153846153846
1 0.7848557692307693 0.5865384615384616 0.21153846153846154 0.3269230769230769
1 0.12620192307692307 0.7992788461538461 0.25240384615384615 0.39663461538461536
1 0.08653846153846154 0.49278846153846156 0.17307692307692307 0.21875
1 0.21514423076923078 0.234375 0.31971153846153844 0.3269230769230769
1 0.359375 0.08173076923076923 0.34375 0.14903846153846154
1 0.8052884615384616 0.10096153846153846 0.375 0.1875
1 0.71875 0.14423076923076922 0.3125 0.22596153846153846
1 0.5 0.21153846153846154 0.17307692307692307 0.20192307692307693
1 0.90625 0.53125 0.07692307692307693 0.21875
1 0.8870192307692307 0.14423076923076922 0.21153846153846154 0.27403846153846156
1 0.3401442307692308 0.8822115384615384 0.21153846153846154 0.1875
1 0.6298076923076923 0.9362980769230769 0.18269230769230768 0.12259615384615384
1 0.8942307692307693 0.9639423076923077 0.1971153846153846 0.0673076923076923
1 0.921875 0.8473557692307693 0.13942307692307693 0.16346153846153846
1 0.828125 0.8629807692307693 0.3269230769230769 0.25721153846153844
1 0.5432692307692307 0.8161057692307693 0.22596153846153846 0.27403846153846156
1 0.390625 0.6995192307692307 0.28125 0.18028846153846154
1 0.2932692307692308 0.453125 0.27403846153846156 0.40625
1 0.10576923076923077 0.5036057692307693 0.21153846153846154 0.19471153846153846
1 0.09014423076923077 0.15625 0.18028846153846154 0.2980769230769231
1 0.4651442307692308 0.9675480769230769 0.1658653846153846 0.06009615384615385