1 0.38221153846153844 0.4651442307692308 0.53125 0.8365384615384616
1 0.5865384615384616 0.22235576923076922 0.28125 0.30528846153846156
1 0.5504807692307693 0.3473557692307692 0.30528846153846156 0.35096153846153844
1 0.5697115384615384 0.4375 0.4230769230769231 0.46875
1 0.65625 0.46153846153846156 0.3605769230769231 0.2980769230769231
1 0.6526442307692307 0.5865384615384616 0.36778846153846156 0.3269230769230769
1 0.4567307692307692 0.703125 0.08653846153846154 0.13942307692307693
1 0.609375 0.75 0.23557692307692307 0.17307692307692307
1 0.7307692307692307 0.9014423076923077 0.3701923076923077 0.19230769230769232
1 0.7740384615384616 0.7536057692307693 0.3125 0.35096153846153844
1 0.890625 0.4963942307692308 0.125 0.21153846153846154
1 0.7620192307692307 0.7740384615384616 0.38221153846153844 0.34375