1 0.7259615384615384 0.7584134615384616 0.27403846153846156 0.16826923076923078
1 0.7151442307692307 0.5709134615384616 0.23076923076923078 0.25
1 0.7415865384615384 0.2848557692307692 0.15384615384615385 0.34134615384615385
1 0.6021634615384616 0.2800480769230769 0.25961538461538464 0.22115384615384615
1 0.65625 0.13581730769230768 0.2644230769230769 0.20673076923076922
1 0.5649038461538461 0.7391826923076923 0.16346153846153846 0.2283653846153846
1 0.6177884615384616 0.49399038461538464 0.23317307692307693 0.28365384615384615
1 0.39663461538461536 0.7584134615384616 0.17307692307692307 0.3317307692307692
1 0.4579326923076923 0.5348557692307693 0.08173076923076923 0.16826923076923078
1 0.5144230769230769 0.42908653846153844 0.1346153846153846 0.1201923076923077
1 0.29086538461538464 0.4807692307692308 0.2620192307692308 0.27884615384615385
1 0.3233173076923077 0.2776442307692308 0.28365384615384615 0.2283653846153846
1 0.38341346153846156 0.13341346153846154 0.27403846153846156 0.21153846153846154
1 0.17067307692307693 0.6033653846153846 0.1875 0.3701923076923077
1 0.14543269230769232 0.25240384615384615 0.17307692307692307 0.375