1 0.5745192307692307 0.53125 0.6177884615384616 0.4855769230769231
1 0.4963942307692308 0.6322115384615384 0.18028846153846154 0.21875
1 0.328125 0.625 0.28125 0.21875
1 0.1875 0.4411057692307692 0.25 0.14903846153846154
1 0.19471153846153846 0.5504807692307693 0.17307692307692307 0.10096153846153846
1 0.31971153846153844 0.3713942307692308 0.17307692307692307 0.13221153846153846
1 0.39903846153846156 0.4375 0.17307692307692307 0.15625
1 0.484375 0.4807692307692308 0.1875 0.08653846153846154
1 0.5348557692307693 0.38221153846153844 0.13221153846153846 0.11057692307692307
1 0.5192307692307693 0.3317307692307692 0.11778846153846154 0.055288461538461536
1 0.23798076923076922 0.3473557692307692 0.10096153846153846 0.08653846153846154