1 0.30288461538461536 0.41586538461538464 0.6009615384615384 0.8269230769230769
1 0.7427884615384616 0.2283653846153846 0.5048076923076923 0.4519230769230769
1 0.453125 0.3557692307692308 0.34375 0.28846153846153844
1 0.44471153846153844 0.49278846153846156 0.625 0.3605769230769231
1 0.4807692307692308 0.5901442307692307 0.6634615384615384 0.44471153846153844
1 0.44471153846153844 0.6322115384615384 0.7355769230769231 0.5
1 0.6177884615384616 0.6370192307692307 0.5625 0.44471153846153844
1 0.17307692307692307 0.8786057692307693 0.34134615384615385 0.2283653846153846
1 0.5348557692307693 0.8942307692307693 0.7572115384615384 0.19471153846153846
1 0.8629807692307693 0.7427884615384616 0.19471153846153846 0.23557692307692307
1 0.9411057692307693 0.5745192307692307 0.10096153846153846 0.30528846153846156