1 0.13221153846153846 0.06610576923076923 0.15625 0.11778846153846154
1 0.3713942307692308 0.06610576923076923 0.33653846153846156 0.11778846153846154
1 0.5817307692307693 0.027644230769230768 0.08653846153846154 0.038461538461538464
1 0.6802884615384616 0.02403846153846154 0.125 0.03125
1 0.8557692307692307 0.055288461538461536 0.19471153846153846 0.09375
1 0.640625 0.09375 0.21875 0.11057692307692307
1 0.359375 0.12860576923076922 0.3125 0.14903846153846154
1 0.203125 0.15625 0.125 0.0625
1 0.15985576923076922 0.27403846153846156 0.21153846153846154 0.2980769230769231
1 0.10096153846153846 0.3870192307692308 0.09375 0.14903846153846154
1 0.15985576923076922 0.4338942307692308 0.21153846153846154 0.16346153846153846
1 0.25721153846153844 0.3004807692307692 0.1875 0.22596153846153846
1 0.5072115384615384 0.296875 0.3125 0.17307692307692307
1 0.5276442307692307 0.17548076923076922 0.31971153846153844 0.14903846153846154
1 0.8004807692307693 0.13221153846153846 0.24278846153846154 0.13942307692307693
1 0.9591346153846154 0.06370192307692307 0.07692307692307693 0.11298076923076923
1 0.9591346153846154 0.16947115384615385 0.07692307692307693 0.12259615384615384
1 0.9146634615384616 0.9290865384615384 0.1658653846153846 0.14182692307692307
1 0.9711538461538461 0.8689903846153846 0.052884615384615384 0.11298076923076923
1 0.9747596153846154 0.7704326923076923 0.04567307692307692 0.0889423076923077
1 0.7884615384615384 0.7884615384615384 0.3894230769230769 0.125
1 0.8149038461538461 0.6646634615384616 0.36538461538461536 0.12740384615384615
1 0.8365384615384616 0.5504807692307693 0.15625 0.11778846153846154
1 0.9399038461538461 0.5745192307692307 0.11538461538461539 0.1201923076923077
1 0.9795673076923077 0.5324519230769231 0.036057692307692304 0.07932692307692307
1 0.140625 0.5348557692307693 0.15625 0.08653846153846154
1 0.23076923076923078 0.5384615384615384 0.06971153846153846 0.09375
1 0.3713942307692308 0.5552884615384616 0.21153846153846154 0.07692307692307693
1 0.33653846153846156 0.4723557692307692 0.13942307692307693 0.08653846153846154
1 0.30528846153846156 0.4495192307692308 0.04807692307692308 0.055288461538461536
1 0.41346153846153844 0.4254807692307692 0.15625 0.10096153846153846
1 0.5901442307692307 0.49278846153846156 0.31971153846153844 0.21875
1 0.6177884615384616 0.6177884615384616 0.28125 0.125
1 0.7740384615384616 0.3125 0.17307692307692307 0.23557692307692307
1 0.7067307692307693 0.25 0.10096153846153846 0.09375
1 0.6947115384615384 0.359375 0.07692307692307693 0.07692307692307693
1 0.9242788461538461 0.35697115384615385 0.1466346153846154 0.2764423076923077
1 0.8052884615384616 0.4651442307692308 0.11057692307692307 0.055288461538461536
1 0.16346153846153846 0.65625 0.20192307692307693 0.15625
1 0.09375 0.8197115384615384 0.0625 0.17307692307692307
1 0.25721153846153844 0.6370192307692307 0.1875 0.11778846153846154
1 0.296875 0.7848557692307693 0.46875 0.28846153846153844
1 0.4807692307692308 0.7259615384615384 0.22596153846153846 0.25
1 0.6430288461538461 0.9711538461538461 0.35336538461538464 0.052884615384615384
1 0.5865384615384616 0.8870192307692307 0.59375 0.19471153846153846
1 0.35216346153846156 0.9435096153846154 0.25240384615384615 0.10817307692307693
1 0.21394230769230768 0.8894230769230769 0.3076923076923077 0.21634615384615385
1 0.5252403846153846 0.5036057692307693 0.9447115384615384 0.9927884615384616