1 0.17548076923076922 0.6490384615384616 0.33653846153846156 0.6875
1 0.04326923076923077 0.3473557692307692 0.06971153846153846 0.16346153846153846
1 0.16826923076923078 0.265625 0.08653846153846154 0.11057692307692307
1 0.08173076923076923 0.27403846153846156 0.14903846153846154 0.13942307692307693
1 0.07451923076923077 0.140625 0.13221153846153846 0.15625
1 0.3713942307692308 0.484375 0.11778846153846154 0.20192307692307693
1 0.34375 0.6598557692307693 0.09375 0.13221153846153846
1 0.3125 0.828125 0.09375 0.1875
1 0.296875 0.9495192307692307 0.07932692307692307 0.08653846153846154
1 0.453125 0.8870192307692307 0.23557692307692307 0.21153846153846154
1 0.4375 0.7151442307692307 0.20432692307692307 0.28846153846153844
1 0.5348557692307693 0.9411057692307693 0.21153846153846154 0.10096153846153846
1 0.7067307692307693 0.9615384615384616 0.16346153846153846 0.0625
1 0.703125 0.8942307692307693 0.17307692307692307 0.10096153846153846
1 0.6802884615384616 0.8245192307692307 0.20192307692307693 0.18028846153846154
1 0.6322115384615384 0.734375 0.11057692307692307 0.11057692307692307
1 0.5276442307692307 0.53125 0.18028846153846154 0.125
1 0.4411057692307692 0.46875 0.055288461538461536 0.07692307692307693
1 0.4338942307692308 0.4098557692307692 0.11778846153846154 0.11778846153846154
1 0.4879807692307692 0.34375 0.055288461538461536 0.0625
1 0.4338942307692308 0.3401442307692308 0.06971153846153846 0.06971153846153846
1 0.36778846153846156 0.30528846153846156 0.125 0.125
1 0.6286057692307693 0.2848557692307692 0.25721153846153844 0.31971153846153844
1 0.5432692307692307 0.3713942307692308 0.19471153846153846 0.22596153846153846
1 0.24639423076923078 0.14903846153846154 0.13221153846153846 0.07932692307692307
1 0.2848557692307692 0.22235576923076922 0.06971153846153846 0.038461538461538464
1 0.5348557692307693 0.09375 0.10096153846153846 0.04807692307692308
1 0.7932692307692307 0.20673076923076922 0.13221153846153846 0.10096153846153846
1 0.9338942307692307 0.3317307692307692 0.11778846153846154 0.11778846153846154
1 0.8365384615384616 0.4098557692307692 0.20192307692307693 0.21153846153846154
1 0.7740384615384616 0.265625 0.09375 0.09375
1 0.6490384615384616 0.6526442307692307 0.25 0.49278846153846156
1 0.8930288461538461 0.7896634615384616 0.2091346153846154 0.3004807692307692
1 0.8473557692307693 0.5865384615384616 0.11778846153846154 0.21875
1 0.8774038461538461 0.9314903846153846 0.2403846153846154 0.12740384615384615
1 0.9483173076923077 0.5829326923076923 0.0985576923076923 0.15144230769230768