1 0.27403846153846156 0.5817307692307693 0.53125 0.7259615384615384
1 0.8365384615384616 0.6322115384615384 0.20192307692307693 0.53125
1 0.625 0.6911057692307693 0.3605769230769231 0.5240384615384616
1 0.9555288461538461 0.5901442307692307 0.08413461538461539 0.5408653846153846
1 0.6442307692307693 0.23798076923076922 0.36778846153846156 0.08653846153846154
1 0.11778846153846154 0.12860576923076922 0.21875 0.16346153846153846
1 0.6754807692307693 0.13701923076923078 0.16346153846153846 0.055288461538461536
1 0.8966346153846154 0.49399038461538464 0.20192307692307693 0.7235576923076923
1 0.6875 0.5276442307692307 0.3269230769230769 0.7427884615384616
1 0.3713942307692308 0.5661057692307693 0.7259615384615384 0.7572115384615384
1 0.9350961538461539 0.07211538461538461 0.125 0.14423076923076922
1 0.8509615384615384 0.08173076923076923 0.125 0.10096153846153846
1 0.7067307692307693 0.09735576923076923 0.16346153846153846 0.11778846153846154
1 0.3317307692307692 0.13701923076923078 0.16346153846153846 0.08653846153846154
1 0.41346153846153844 0.12139423076923077 0.3605769230769231 0.11778846153846154