2 0.5396634615384616 0.8990384615384616 0.9086538461538461 0.1658653846153846
2 0.5961538461538461 0.7427884615384616 0.7980769230769231 0.14903846153846154
2 0.5769230769230769 0.5949519230769231 0.8365384615384616 0.16826923076923078
2 0.5661057692307693 0.43990384615384615 0.8557692307692307 0.15625
2 0.5697115384615384 0.2776442307692308 0.8509615384615384 0.15865384615384615
2 0.5180288461538461 0.10817307692307693 0.9519230769230769 0.1875
3 0.07692307692307693 0.8978365384615384 0.026442307692307692 0.07211538461538461
3 0.18870192307692307 0.7439903846153846 0.014423076923076924 0.07211538461538461
3 0.140625 0.5913461538461539 0.026442307692307692 0.0625
3 0.1201923076923077 0.4362980769230769 0.038461538461538464 0.07451923076923077
3 0.1201923076923077 0.2776442307692308 0.026442307692307692 0.07692307692307693
3 0.02403846153846154 0.10576923076923077 0.026442307692307692 0.07692307692307693