2 0.4206730769230769 0.18269230769230768 0.30288461538461536 0.2644230769230769
2 0.7896634615384616 0.25240384615384615 0.41586538461538464 0.3942307692307692
2 0.49759615384615385 0.7632211538461539 0.3485576923076923 0.2980769230769231
2 0.8137019230769231 0.6935096153846154 0.2644230769230769 0.18269230769230768
3 0.4326923076923077 0.3425480769230769 0.2692307692307692 0.038461538461538464
3 0.8028846153846154 0.4699519230769231 0.32211538461538464 0.04807692307692308
3 0.8161057692307693 0.8004807692307693 0.2403846153846154 0.04807692307692308
3 0.5024038461538461 0.9242788461538461 0.28846153846153844 0.07211538461538461
0 0.4182692307692308 0.13341346153846154 0.28846153846153844 0.13942307692307693
0 0.49759615384615385 0.6814903846153846 0.3173076923076923 0.11057692307692307
0 0.8137019230769231 0.6634615384615384 0.23557692307692307 0.07692307692307693
0 0.7956730769230769 0.1814903846153846 0.39903846153846156 0.2283653846153846