2 0.49278846153846156 0.49759615384615385 0.9326923076923077 0.2644230769230769
2 0.49158653846153844 0.35216346153846156 0.8125 0.16826923076923078
2 0.4891826923076923 0.24278846153846154 0.7283653846153846 0.14903846153846154
2 0.48677884615384615 0.14783653846153846 0.6346153846153846 0.1346153846153846
2 0.49278846153846156 0.640625 0.8004807692307693 0.15625
2 0.4891826923076923 0.75 0.7283653846153846 0.15144230769230768
2 0.49158653846153844 0.8521634615384616 0.6346153846153846 0.10817307692307693
3 0.96875 0.5024038461538461 0.036057692307692304 0.1201923076923077
3 0.9086538461538461 0.38822115384615385 0.014423076923076924 0.0889423076923077
3 0.8665865384615384 0.2764423076923077 0.009615384615384616 0.07211538461538461
3 0.8161057692307693 0.17668269230769232 0.014423076923076924 0.0673076923076923
3 0.90625 0.6165865384615384 0.019230769230769232 0.0985576923076923
3 0.8641826923076923 0.7271634615384616 0.014423076923076924 0.07932692307692307
3 0.8197115384615384 0.8353365384615384 0.014423076923076924 0.0625