2 0.23677884615384615 0.2536057692307692 0.25721153846153844 0.5072115384615384
2 0.5492788461538461 0.44591346153846156 0.49278846153846156 0.8798076923076923
2 0.07451923076923077 0.22596153846153846 0.14903846153846154 0.4519230769230769
2 0.11298076923076923 0.038461538461538464 0.08653846153846154 0.07692307692307693
2 0.5216346153846154 0.21995192307692307 0.22596153846153846 0.2980769230769231
2 0.8088942307692307 0.4098557692307692 0.375 0.6033653846153846
2 0.890625 0.20673076923076922 0.21153846153846154 0.3701923076923077
2 0.9038461538461539 0.07932692307692307 0.1875 0.15865384615384615
2 0.6454326923076923 0.08413461538461539 0.2692307692307692 0.16826923076923078
2 0.9254807692307693 0.8774038461538461 0.14182692307692307 0.23317307692307693
2 0.953125 0.7956730769230769 0.08653846153846154 0.21153846153846154
2 0.6418269230769231 0.8149038461538461 0.5336538461538461 0.3581730769230769
2 0.15745192307692307 0.8040865384615384 0.3125 0.3269230769230769
2 0.11658653846153846 0.9543269230769231 0.18269230769230768 0.08173076923076923
2 0.2932692307692308 0.7884615384615384 0.2668269230769231 0.25961538461538464
2 0.1814903846153846 0.5709134615384616 0.3629807692307692 0.2860576923076923
2 0.4987980769230769 0.49759615384615385 0.9975961538461539 0.9951923076923077