2 0.45913461538461536 0.7620192307692307 0.5048076923076923 0.15865384615384615
2 0.43028846153846156 0.8605769230769231 0.36538461538461536 0.052884615384615384
2 0.4206730769230769 0.6105769230769231 0.4375 0.15384615384615385
2 0.4170673076923077 0.45913461538461536 0.4423076923076923 0.1466346153846154
2 0.41466346153846156 0.3112980769230769 0.42788461538461536 0.14423076923076922
2 0.41225961538461536 0.1622596153846154 0.4326923076923077 0.1466346153846154
5 0.7451923076923077 0.6009615384615384 0.22115384615384615 0.10576923076923077
5 0.7295673076923077 0.859375 0.22115384615384615 0.11298076923076923
5 0.7391826923076923 0.45552884615384615 0.21153846153846154 0.10817307692307693
5 0.7367788461538461 0.3112980769230769 0.21634615384615385 0.11057692307692307
5 0.7319711538461539 0.1658653846153846 0.20673076923076922 0.11538461538461539