2 0.8713942307692307 0.5 0.15144230769230768 0.5913461538461539
2 0.7644230769230769 0.46875 0.16826923076923078 0.5817307692307693
2 0.6382211538461539 0.42427884615384615 0.17307692307692307 0.5913461538461539
2 0.4891826923076923 0.3870192307692308 0.1875 0.5865384615384616
2 0.32211538461538464 0.4182692307692308 0.19230769230769232 0.5865384615384616
2 0.20192307692307693 0.46274038461538464 0.1466346153846154 0.5865384615384616
2 0.11538461538461539 0.4951923076923077 0.14182692307692307 0.5913461538461539
2 0.34615384615384615 0.7512019230769231 0.0625 0.08173076923076923
2 0.4110576923076923 0.625 0.08413461538461539 0.2620192307692308
2 0.5805288461538461 0.6382211538461539 0.08413461538461539 0.23557692307692307
2 0.5288461538461539 0.7331730769230769 0.07211538461538461 0.125
2 0.6995192307692307 0.6730769230769231 0.07692307692307693 0.23557692307692307