2 0.41225961538461536 0.8569711538461539 0.8076923076923077 0.07451923076923077
2 0.2848557692307692 0.7932692307692307 0.5528846153846154 0.09134615384615384
2 0.4651442307692308 0.6947115384615384 0.9134615384615384 0.09375
2 0.27163461538461536 0.625 0.5264423076923077 0.07692307692307693
2 0.20192307692307693 0.5084134615384616 0.38461538461538464 0.0673076923076923
2 0.4519230769230769 0.5264423076923077 0.8846153846153846 0.14903846153846154
2 0.30288461538461536 0.4266826923076923 0.5865384615384616 0.07211538461538461
2 0.4951923076923077 0.38100961538461536 0.9735576923076923 0.0625
2 0.30288461538461536 0.34134615384615385 0.5865384615384616 0.08173076923076923
2 0.46033653846153844 0.2704326923076923 0.9038461538461539 0.08653846153846154
2 0.28125 0.21033653846153846 0.5432692307692307 0.08413461538461539
2 0.38100961538461536 0.14182692307692307 0.7451923076923077 0.07932692307692307