2 0.44591346153846156 0.19831730769230768 0.23557692307692307 0.09134615384615384
2 0.4423076923076923 0.3245192307692308 0.2403846153846154 0.09134615384615384
2 0.4423076923076923 0.45072115384615385 0.2403846153846154 0.09134615384615384
2 0.4423076923076923 0.5805288461538461 0.23076923076923078 0.09134615384615384
2 0.44591346153846156 0.7055288461538461 0.23557692307692307 0.09134615384615384
2 0.43990384615384615 0.8353365384615384 0.23557692307692307 0.09134615384615384
5 0.6514423076923077 0.19831730769230768 0.1778846153846154 0.07692307692307693
5 0.6514423076923077 0.32211538461538464 0.16826923076923078 0.07211538461538461
5 0.6514423076923077 0.45072115384615385 0.16826923076923078 0.07692307692307693
5 0.6538461538461539 0.5805288461538461 0.18269230769230768 0.07692307692307693
5 0.6490384615384616 0.7055288461538461 0.17307692307692307 0.07692307692307693
5 0.6454326923076923 0.8341346153846154 0.1778846153846154 0.07211538461538461