2 0.33533653846153844 0.8725961538461539 0.25721153846153844 0.24759615384615385
2 0.765625 0.8377403846153846 0.2644230769230769 0.23317307692307693
2 0.3473557692307692 0.49759615384615385 0.25240384615384615 0.2403846153846154
2 0.78125 0.5060096153846154 0.24278846153846154 0.21634615384615385
2 0.7752403846153846 0.16826923076923078 0.25240384615384615 0.2283653846153846
2 0.3545673076923077 0.12740384615384615 0.25721153846153844 0.25
2 0.3112980769230769 0.8209134615384616 0.40865384615384615 0.30528846153846156
2 0.7115384615384616 0.7896634615384616 0.34134615384615385 0.28365384615384615
2 0.7163461538461539 0.4879807692307692 0.3293269230769231 0.2668269230769231
2 0.3245192307692308 0.4831730769230769 0.3918269230769231 0.2932692307692308
2 0.3293269230769231 0.15384615384615385 0.3798076923076923 0.2860576923076923
2 0.7115384615384616 0.18870192307692307 0.3293269230769231 0.2620192307692308