2 0.9134615384615384 0.5204326923076923 0.1466346153846154 0.5240384615384616
2 0.7463942307692307 0.5216346153846154 0.15144230769230768 0.5192307692307693
2 0.5817307692307693 0.5216346153846154 0.15144230769230768 0.5192307692307693
2 0.41586538461538464 0.5240384615384616 0.1466346153846154 0.5240384615384616
2 0.24879807692307693 0.5180288461538461 0.15144230769230768 0.5192307692307693
2 0.08052884615384616 0.5216346153846154 0.15144230769230768 0.5192307692307693
3 0.9086538461538461 0.7956730769230769 0.0673076923076923 0.026442307692307692
3 0.7463942307692307 0.7956730769230769 0.0625 0.026442307692307692
3 0.5805288461538461 0.7932692307692307 0.0673076923076923 0.021634615384615384
3 0.40625 0.7980769230769231 0.0673076923076923 0.021634615384615384
3 0.2439903846153846 0.7956730769230769 0.0625 0.026442307692307692
3 0.078125 0.7980769230769231 0.0673076923076923 0.021634615384615384