2 0.12860576923076922 0.41586538461538464 0.11298076923076923 0.08653846153846154
2 0.016826923076923076 0.41225961538461536 0.026442307692307692 0.028846153846153848
2 0.025240384615384616 0.37740384615384615 0.021634615384615384 0.021634615384615384
2 0.08173076923076923 0.22716346153846154 0.02403846153846154 0.038461538461538464
2 0.016826923076923076 0.1502403846153846 0.026442307692307692 0.038461538461538464
2 0.1658653846153846 0.1971153846153846 0.038461538461538464 0.0673076923076923
2 0.2848557692307692 0.4014423076923077 0.0985576923076923 0.07211538461538461
2 0.5132211538461539 0.5108173076923077 0.13942307692307693 0.09134615384615384
2 0.48197115384615385 0.4567307692307692 0.019230769230769232 0.016826923076923076
2 0.7524038461538461 0.4675480769230769 0.10096153846153846 0.07211538461538461
2 0.6814903846153846 0.4699519230769231 0.052884615384615384 0.04326923076923077
2 0.7307692307692307 0.3473557692307692 0.036057692307692304 0.038461538461538464
2 0.6838942307692307 0.3737980769230769 0.036057692307692304 0.038461538461538464
2 0.8329326923076923 0.1971153846153846 0.036057692307692304 0.04326923076923077
2 0.875 0.1502403846153846 0.11298076923076923 0.04807692307692308
2 0.8197115384615384 0.12259615384615384 0.019230769230769232 0.016826923076923076
2 0.7908653846153846 0.1502403846153846 0.02403846153846154 0.038461538461538464
2 0.7620192307692307 0.13942307692307693 0.019230769230769232 0.06009615384615385
2 0.6670673076923077 0.027644230769230768 0.03365384615384615 0.04326923076923077
2 0.9387019230769231 0.5709134615384616 0.09615384615384616 0.08173076923076923
2 0.9723557692307693 0.6117788461538461 0.03365384615384615 0.04326923076923077
2 0.7019230769230769 0.609375 0.11057692307692307 0.08173076923076923
2 0.7403846153846154 0.5709134615384616 0.02403846153846154 0.038461538461538464
2 0.6730769230769231 0.5360576923076923 0.05048076923076923 0.04326923076923077
2 0.27403846153846156 0.5432692307692307 0.019230769230769232 0.016826923076923076
2 0.203125 0.6141826923076923 0.057692307692307696 0.07211538461538461
2 0.1875 0.5384615384615384 0.02403846153846154 0.038461538461538464
2 0.1875 0.5 0.02403846153846154 0.028846153846153848
2 0.15504807692307693 0.49399038461538464 0.02403846153846154 0.038461538461538464
2 0.12740384615384615 0.5492788461538461 0.014423076923076924 0.028846153846153848
2 0.0889423076923077 0.5492788461538461 0.055288461538461536 0.07211538461538461
2 0.08533653846153846 0.6225961538461539 0.055288461538461536 0.052884615384615384
2 0.28365384615384615 0.5985576923076923 0.028846153846153848 0.028846153846153848
2 0.2548076923076923 0.5901442307692307 0.028846153846153848 0.03365384615384615
2 0.3485576923076923 0.6694711538461539 0.036057692307692304 0.04807692307692308
2 0.27403846153846156 0.7319711538461539 0.02403846153846154 0.07692307692307693
2 0.25240384615384615 0.7788461538461539 0.019230769230769232 0.028846153846153848
2 0.22235576923076922 0.765625 0.014423076923076924 0.03365384615384615
2 0.18389423076923078 0.7728365384615384 0.009615384615384616 0.038461538461538464
2 0.16346153846153846 0.8064903846153846 0.036057692307692304 0.028846153846153848
2 0.14423076923076922 0.7536057692307693 0.019230769230769232 0.021634615384615384
2 0.039663461538461536 0.8990384615384616 0.028846153846153848 0.038461538461538464
2 0.03245192307692308 0.8221153846153846 0.028846153846153848 0.028846153846153848
2 0.04927884615384615 0.7788461538461539 0.038461538461538464 0.028846153846153848
2 0.08413461538461539 0.7764423076923077 0.014423076923076924 0.021634615384615384
2 0.08052884615384616 0.8557692307692307 0.028846153846153848 0.038461538461538464
2 0.11057692307692307 0.8882211538461539 0.009615384615384616 0.016826923076923076
2 0.12379807692307693 0.9182692307692307 0.028846153846153848 0.03365384615384615
2 0.7932692307692307 0.8365384615384616 0.06490384615384616 0.08653846153846154
2 0.7512019230769231 0.8137019230769231 0.02403846153846154 0.021634615384615384
2 0.78125 0.7764423076923077 0.021634615384615384 0.021634615384615384
2 0.78125 0.7319711538461539 0.04326923076923077 0.04326923076923077
2 0.734375 0.7463942307692307 0.036057692307692304 0.038461538461538464
2 0.71875 0.7319711538461539 0.02403846153846154 0.03365384615384615
2 0.7524038461538461 0.6995192307692307 0.05048076923076923 0.03365384615384615
2 0.7596153846153846 0.671875 0.028846153846153848 0.021634615384615384
2 0.6550480769230769 0.7103365384615384 0.06490384615384616 0.03365384615384615
2 0.578125 0.8257211538461539 0.036057692307692304 0.052884615384615384
2 0.5108173076923077 0.8305288461538461 0.04807692307692308 0.07692307692307693
2 0.5709134615384616 0.7764423076923077 0.021634615384615384 0.03365384615384615
2 0.9723557692307693 0.7019230769230769 0.052884615384615384 0.07211538461538461
2 0.9651442307692307 0.8305288461538461 0.0673076923076923 0.0673076923076923
2 0.9795673076923077 0.8966346153846154 0.038461538461538464 0.07692307692307693
2 0.9459134615384616 0.8990384615384616 0.036057692307692304 0.04807692307692308
2 0.8834134615384616 0.8137019230769231 0.036057692307692304 0.04326923076923077
2 0.8725961538461539 0.8689903846153846 0.036057692307692304 0.04326923076923077
2 0.8713942307692307 0.9290865384615384 0.03365384615384615 0.04326923076923077
2 0.8449519230769231 0.8521634615384616 0.02403846153846154 0.052884615384615384
2 0.7019230769230769 0.8173076923076923 0.021634615384615384 0.04807692307692308
2 0.7019230769230769 0.8798076923076923 0.021634615384615384 0.03365384615384615
2 0.6550480769230769 0.9122596153846154 0.057692307692307696 0.04326923076923077
2 0.5925480769230769 0.8966346153846154 0.021634615384615384 0.03365384615384615
2 0.6201923076923077 0.8497596153846154 0.016826923076923076 0.016826923076923076
2 0.5528846153846154 0.9038461538461539 0.014423076923076924 0.04807692307692308
2 0.5252403846153846 0.9314903846153846 0.019230769230769232 0.028846153846153848
2 0.49038461538461536 0.8882211538461539 0.028846153846153848 0.038461538461538464
2 0.46153846153846156 0.9266826923076923 0.04326923076923077 0.06009615384615385
2 0.42908653846153844 0.8966346153846154 0.014423076923076924 0.021634615384615384
2 0.4254807692307692 0.8629807692307693 0.028846153846153848 0.03365384615384615
2 0.4014423076923077 0.8966346153846154 0.019230769230769232 0.04326923076923077
2 0.39663461538461536 0.8173076923076923 0.028846153846153848 0.04807692307692308
2 0.36538461538461536 0.8257211538461539 0.02403846153846154 0.04326923076923077
2 0.34375 0.7980769230769231 0.019230769230769232 0.03365384615384615
2 0.25841346153846156 0.828125 0.08173076923076923 0.06009615384615385
2 0.20192307692307693 0.8581730769230769 0.03365384615384615 0.052884615384615384
2 0.28365384615384615 0.8858173076923077 0.07451923076923077 0.07692307692307693
2 0.2692307692307692 0.9615384615384616 0.06490384615384616 0.052884615384615384
2 0.39663461538461536 0.9723557692307693 0.036057692307692304 0.04326923076923077
2 0.6141826923076923 0.6442307692307693 0.021634615384615384 0.009615384615384616
2 0.5036057692307693 0.5793269230769231 0.019230769230769232 0.021634615384615384
2 0.49399038461538464 0.6310096153846154 0.021634615384615384 0.016826923076923076
2 0.4675480769230769 0.6394230769230769 0.019230769230769232 0.021634615384615384
2 0.8557692307692307 0.42908653846153844 0.03365384615384615 0.04807692307692308