2 0.6706730769230769 0.39783653846153844 0.25 0.5600961538461539
2 0.8233173076923077 0.6346153846153846 0.2403846153846154 0.5408653846153846
2 0.5540865384615384 0.6358173076923077 0.23557692307692307 0.5456730769230769
2 0.39903846153846156 0.40024038461538464 0.25721153846153844 0.5625
2 0.27524038461538464 0.6430288461538461 0.23557692307692307 0.5504807692307693
2 0.12860576923076922 0.39302884615384615 0.25 0.5576923076923077
5 0.6730769230769231 0.7223557692307693 0.14903846153846154 0.10096153846153846
5 0.8509615384615384 0.15865384615384615 0.2692307692307692 0.23798076923076922
5 0.8185096153846154 0.9483173076923077 0.1346153846153846 0.08653846153846154
5 0.5540865384615384 0.9543269230769231 0.13942307692307693 0.08173076923076923
5 0.39903846153846156 0.7295673076923077 0.14423076923076922 0.08653846153846154
5 0.2800480769230769 0.9603365384615384 0.14182692307692307 0.07451923076923077
5 0.125 0.7295673076923077 0.1346153846153846 0.08653846153846154