2 0.13581730769230768 0.9038461538461539 0.1466346153846154 0.11057692307692307
2 0.06009615384615385 0.8461538461538461 0.11057692307692307 0.1201923076923077
2 0.039663461538461536 0.9194711538461539 0.07211538461538461 0.08173076923076923
2 0.29086538461538464 0.921875 0.11057692307692307 0.09375
2 0.2980769230769231 0.8425480769230769 0.125 0.0673076923076923
2 0.23076923076923078 0.8305288461538461 0.125 0.09615384615384616
2 0.14182692307692307 0.7487980769230769 0.14182692307692307 0.13942307692307693
2 0.055288461538461536 0.7752403846153846 0.10096153846153846 0.09375
2 0.0733173076923077 0.6802884615384616 0.13942307692307693 0.10576923076923077
2 0.078125 0.5516826923076923 0.1466346153846154 0.15865384615384615
2 0.08173076923076923 0.4182692307692308 0.15384615384615385 0.15865384615384615
2 0.15504807692307693 0.25721153846153844 0.20432692307692307 0.11538461538461539
2 0.039663461538461536 0.2668269230769231 0.07211538461538461 0.16826923076923078
2 0.1045673076923077 0.12259615384615384 0.15384615384615385 0.11057692307692307
2 0.046875 0.13341346153846154 0.08413461538461539 0.15865384615384615
2 0.2403846153846154 0.16466346153846154 0.10576923076923077 0.11538461538461539
2 0.22716346153846154 0.0733173076923077 0.08173076923076923 0.11057692307692307
2 0.109375 0.042067307692307696 0.15384615384615385 0.0673076923076923
2 0.3016826923076923 0.31971153846153844 0.125 0.15865384615384615
2 0.30649038461538464 0.43990384615384615 0.09615384615384616 0.0889423076923077
2 0.2644230769230769 0.5084134615384616 0.08413461538461539 0.07692307692307693
2 0.19831730769230768 0.5132211538461539 0.08413461538461539 0.07692307692307693
2 0.23317307692307693 0.5709134615384616 0.1466346153846154 0.07692307692307693
2 0.18870192307692307 0.6334134615384616 0.10096153846153846 0.10096153846153846
2 0.2644230769230769 0.6538461538461539 0.08413461538461539 0.0889423076923077
2 0.23798076923076922 0.7403846153846154 0.09375 0.11057692307692307
2 0.3112980769230769 0.7536057692307693 0.125 0.1201923076923077
2 0.9723557692307693 0.04807692307692308 0.05048076923076923 0.08653846153846154
2 0.9182692307692307 0.052884615384615384 0.0673076923076923 0.08173076923076923
2 0.8533653846153846 0.04447115384615385 0.08173076923076923 0.08173076923076923
2 0.7752403846153846 0.037259615384615384 0.08413461538461539 0.057692307692307696
2 0.7091346153846154 0.036057692307692304 0.04807692307692308 0.04326923076923077
2 0.6394230769230769 0.037259615384615384 0.07211538461538461 0.04807692307692308
2 0.5865384615384616 0.04927884615384615 0.036057692307692304 0.07211538461538461
2 0.5396634615384616 0.03125 0.07692307692307693 0.04326923076923077
2 0.40625 0.1778846153846154 0.10096153846153846 0.15865384615384615
2 0.2980769230769231 0.13581730769230768 0.09615384615384616 0.16346153846153846
2 0.484375 0.09615384615384616 0.14182692307692307 0.1201923076923077
2 0.421875 0.04927884615384615 0.15865384615384615 0.08173076923076923
2 0.27524038461538464 0.055288461538461536 0.1346153846153846 0.08413461538461539
2 0.5841346153846154 0.13581730769230768 0.08413461538461539 0.09375
2 0.6490384615384616 0.12860576923076922 0.11538461538461539 0.0625
2 0.6646634615384616 0.18629807692307693 0.11057692307692307 0.07211538461538461
2 0.5625 0.23076923076923078 0.12980769230769232 0.11538461538461539
2 0.484375 0.21754807692307693 0.0889423076923077 0.0889423076923077
2 0.5625 0.33533653846153844 0.1466346153846154 0.08413461538461539
2 0.421875 0.2932692307692308 0.125 0.10576923076923077
2 0.5204326923076923 0.7536057692307693 0.1875 0.1201923076923077
2 0.5685096153846154 0.8305288461538461 0.10576923076923077 0.0625
2 0.49158653846153844 0.8774038461538461 0.11057692307692307 0.12980769230769232
2 0.5552884615384616 0.8978365384615384 0.125 0.125
2 0.6286057692307693 0.8894230769230769 0.10096153846153846 0.11538461538461539
2 0.5132211538461539 0.6105769230769231 0.11057692307692307 0.1466346153846154
2 0.41586538461538464 0.5973557692307693 0.1201923076923077 0.11057692307692307
2 0.39302884615384615 0.515625 0.1201923076923077 0.1346153846153846
2 0.4423076923076923 0.4266826923076923 0.1201923076923077 0.0889423076923077
2 0.4891826923076923 0.46274038461538464 0.16826923076923078 0.14182692307692307
2 0.6514423076923077 0.4579326923076923 0.10096153846153846 0.125
2 0.6778846153846154 0.5576923076923077 0.07692307692307693 0.11057692307692307
2 0.5973557692307693 0.6105769230769231 0.08413461538461539 0.07692307692307693
2 0.6490384615384616 0.6706730769230769 0.07211538461538461 0.10576923076923077
2 0.7644230769230769 0.109375 0.11538461538461539 0.08413461538461539
2 0.7596153846153846 0.18389423076923078 0.0889423076923077 0.09375
2 0.96875 0.12860576923076922 0.052884615384615384 0.10576923076923077
2 0.8870192307692307 0.13822115384615385 0.1201923076923077 0.0625
2 0.8425480769230769 0.1935096153846154 0.10096153846153846 0.0673076923076923
2 0.9182692307692307 0.21754807692307693 0.04807692307692308 0.0889423076923077
2 0.8557692307692307 0.27524038461538464 0.1201923076923077 0.09615384615384616
2 0.7800480769230769 0.3485576923076923 0.18269230769230768 0.1466346153846154
2 0.6754807692307693 0.3016826923076923 0.14182692307692307 0.1346153846153846
2 0.8305288461538461 0.3954326923076923 0.125 0.0889423076923077
2 0.7463942307692307 0.47596153846153844 0.125 0.09615384615384616
2 0.8461538461538461 0.4579326923076923 0.07692307692307693 0.07211538461538461
2 0.921875 0.4026442307692308 0.12980769230769232 0.15384615384615385
2 0.9567307692307693 0.47115384615384615 0.08173076923076923 0.15384615384615385
2 0.8978365384615384 0.515625 0.11538461538461539 0.0889423076923077
2 0.8798076923076923 0.578125 0.14182692307692307 0.11538461538461539
2 0.7536057692307693 0.6466346153846154 0.11057692307692307 0.12980769230769232
2 0.7908653846153846 0.5576923076923077 0.10576923076923077 0.0673076923076923
2 0.8774038461538461 0.6670673076923077 0.12980769230769232 0.14182692307692307
2 0.7716346153846154 0.7668269230769231 0.10096153846153846 0.07692307692307693
2 0.6670673076923077 0.7800480769230769 0.14182692307692307 0.1201923076923077
2 0.7283653846153846 0.8581730769230769 0.1346153846153846 0.09615384615384616
2 0.7151442307692307 0.9110576923076923 0.125 0.10576923076923077
2 0.9290865384615384 0.8461538461538461 0.08173076923076923 0.057692307692307696
2 0.8894230769230769 0.875 0.10576923076923077 0.0889423076923077
2 0.8016826923076923 0.8401442307692307 0.1201923076923077 0.10576923076923077
2 0.9507211538461539 0.921875 0.09615384615384616 0.08413461538461539
2 0.9699519230769231 0.8173076923076923 0.055288461538461536 0.16346153846153846
2 0.8713942307692307 0.7884615384615384 0.14182692307692307 0.09375
2 0.9699519230769231 0.6935096153846154 0.055288461538461536 0.0985576923076923
2 0.9699519230769231 0.5961538461538461 0.055288461538461536 0.11057692307692307
2 0.9567307692307693 0.3245192307692308 0.08173076923076923 0.14423076923076922
2 0.9627403846153846 0.21754807692307693 0.06971153846153846 0.08413461538461539
2 0.16947115384615385 0.41947115384615385 0.1778846153846154 0.16346153846153846