2 0.27524038461538464 0.46634615384615385 0.19230769230769232 0.4543269230769231
2 0.36778846153846156 0.2704326923076923 0.3269230769230769 0.2644230769230769
2 0.53125 0.5612980769230769 0.2548076923076923 0.6442307692307693
2 0.6069711538461539 0.30408653846153844 0.12740384615384615 0.29086538461538464
2 0.6670673076923077 0.21995192307692307 0.08653846153846154 0.23557692307692307
2 0.75 0.27283653846153844 0.11298076923076923 0.29086538461538464
2 0.7752403846153846 0.4495192307692308 0.19230769230769232 0.5
5 0.6081730769230769 0.4699519230769231 0.09134615384615384 0.09134615384615384
5 0.2776442307692308 0.7247596153846154 0.1346153846153846 0.09134615384615384
5 0.5060096153846154 0.16346153846153846 0.08173076923076923 0.09134615384615384
5 0.5252403846153846 0.11177884615384616 0.15865384615384615 0.10096153846153846
5 0.16466346153846154 0.13221153846153846 0.1201923076923077 0.11057692307692307