2 0.27524038461538464 0.5336538461538461 0.19471153846153846 0.4543269230769231
2 0.36778846153846156 0.7295673076923077 0.3269230769230769 0.2644230769230769
2 0.53125 0.4387019230769231 0.25721153846153844 0.6442307692307693
2 0.6069711538461539 0.6959134615384616 0.12740384615384615 0.29086538461538464
2 0.6670673076923077 0.7800480769230769 0.08653846153846154 0.23557692307692307
2 0.75 0.7271634615384616 0.11298076923076923 0.29086538461538464
2 0.7752403846153846 0.5504807692307693 0.19230769230769232 0.5
5 0.6081730769230769 0.5300480769230769 0.09134615384615384 0.09134615384615384
5 0.2776442307692308 0.27524038461538464 0.13701923076923078 0.09134615384615384
5 0.5060096153846154 0.8365384615384616 0.08173076923076923 0.09134615384615384
5 0.5252403846153846 0.8882211538461539 0.15865384615384615 0.10096153846153846
5 0.16466346153846154 0.8677884615384616 0.1201923076923077 0.11057692307692307