2 0.9182692307692307 0.6862980769230769 0.15625 0.32211538461538464
2 0.8725961538461539 0.7920673076923077 0.24759615384615385 0.35096153846153844
2 0.4723557692307692 0.6478365384615384 0.21875 0.3125
2 0.4567307692307692 0.7295673076923077 0.28846153846153844 0.23557692307692307
2 0.8834134615384616 0.765625 0.22596153846153846 0.25
2 0.46153846153846156 0.7680288461538461 0.40865384615384615 0.3125
2 0.09615384615384616 0.6694711538461539 0.19230769230769232 0.36538461538461536
2 0.12379807692307693 0.7463942307692307 0.24759615384615385 0.39903846153846156
2 0.3329326923076923 0.3858173076923077 0.19230769230769232 0.24519230769230768
2 0.5420673076923077 0.1778846153846154 0.15865384615384615 0.22355769230769232
2 0.8581730769230769 0.16706730769230768 0.2764423076923077 0.24519230769230768
2 0.8473557692307693 0.24639423076923078 0.2980769230769231 0.1971153846153846
2 0.7596153846153846 0.4182692307692308 0.3701923076923077 0.28846153846153844
2 0.7403846153846154 0.5024038461538461 0.4543269230769231 0.28365384615384615
2 0.31850961538461536 0.45072115384615385 0.25961538461538464 0.18028846153846154
2 0.3233173076923077 0.4723557692307692 0.3557692307692308 0.2692307692307692
2 0.5288461538461539 0.2403846153846154 0.23076923076923078 0.14182692307692307
2 0.5348557692307693 0.26802884615384615 0.31971153846153844 0.21875
2 0.11658653846153846 0.19110576923076922 0.23317307692307693 0.25
2 0.13341346153846154 0.2764423076923077 0.2668269230769231 0.22596153846153846