2 0.5012019230769231 0.4795673076923077 0.9927884615384616 0.9543269230769231
2 0.21754807692307693 0.5480769230769231 0.4230769230769231 0.3942307692307692
2 0.6225961538461539 0.7451923076923077 0.43028846153846156 0.21153846153846154
2 0.20673076923076922 0.8990384615384616 0.40384615384615385 0.09615384615384616
2 0.8449519230769231 0.30649038461538464 0.30528846153846156 0.29086538461538464
2 0.3798076923076923 0.3245192307692308 0.5913461538461539 0.21634615384615385
2 0.2403846153846154 0.20793269230769232 0.46875 0.22355769230769232
2 0.7740384615384616 0.5252403846153846 0.3076923076923077 0.20673076923076922
2 0.5949519230769231 0.12379807692307693 0.2620192307692308 0.19230769230769232
2 0.20432692307692307 0.07451923076923077 0.39663461538461536 0.11298076923076923
2 0.8713942307692307 0.0829326923076923 0.25240384615384615 0.16105769230769232
2 0.5480769230769231 0.07932692307692307 0.4375 0.15384615384615385
2 0.4026442307692308 0.484375 0.7932692307692307 0.5072115384615384
2 0.18389423076923078 0.84375 0.3581730769230769 0.1971153846153846
2 0.8389423076923077 0.7776442307692307 0.3173076923076923 0.3293269230769231