2 0.4987980769230769 0.5012019230769231 0.9975961538461539 0.9927884615384616
2 0.8629807692307693 0.20192307692307693 0.2668269230769231 0.3942307692307692
2 0.5600961538461539 0.21153846153846154 0.34134615384615385 0.4110576923076923
2 0.6370192307692307 0.5120192307692307 0.3004807692307692 0.4639423076923077
2 0.2764423076923077 0.33653846153846156 0.22115384615384615 0.375
2 0.44711538461538464 0.46153846153846156 0.3269230769230769 0.5649038461538461
2 0.3894230769230769 0.03245192307692308 0.5336538461538461 0.055288461538461536
2 0.28365384615384615 0.20552884615384615 0.20673076923076922 0.30528846153846156
2 0.2512019230769231 0.41947115384615385 0.2980769230769231 0.28125
2 0.23798076923076922 0.7524038461538461 0.34375 0.43509615384615385
2 0.5877403846153846 0.7439903846153846 0.3629807692307692 0.2860576923076923
2 0.5829326923076923 0.84375 0.2764423076923077 0.3076923076923077
2 0.8052884615384616 0.8293269230769231 0.3125 0.33653846153846156
2 0.9254807692307693 0.7319711538461539 0.14423076923076922 0.3942307692307692
2 0.8713942307692307 0.6298076923076923 0.25721153846153844 0.7355769230769231
2 0.09735576923076923 0.5012019230769231 0.18990384615384615 0.9927884615384616