2 0.6382211538461539 0.5961538461538461 0.08413461538461539 0.1346153846153846
2 0.6802884615384616 0.5336538461538461 0.08173076923076923 0.0889423076923077
2 0.6490384615384616 0.45072115384615385 0.052884615384615384 0.07692307692307693
2 0.6706730769230769 0.4026442307692308 0.08173076923076923 0.0673076923076923
2 0.6394230769230769 0.3293269230769231 0.08173076923076923 0.08173076923076923
2 0.546875 0.3004807692307692 0.08173076923076923 0.057692307692307696
2 0.5600961538461539 0.3557692307692308 0.14182692307692307 0.125
2 0.5841346153846154 0.44471153846153844 0.057692307692307696 0.10576923076923077
2 0.49158653846153844 0.5084134615384616 0.1201923076923077 0.12980769230769232
2 0.5709134615384616 0.5685096153846154 0.09375 0.125
2 0.5420673076923077 0.6153846153846154 0.10576923076923077 0.09375
2 0.49759615384615385 0.6442307692307693 0.14182692307692307 0.07211538461538461
2 0.41346153846153844 0.6382211538461539 0.08173076923076923 0.09375
2 0.3401442307692308 0.609375 0.0673076923076923 0.09615384615384616
2 0.39783653846153844 0.5600961538461539 0.09375 0.09615384615384616
2 0.3269230769230769 0.5576923076923077 0.09375 0.08413461538461539
2 0.30408653846153844 0.4951923076923077 0.11057692307692307 0.07692307692307693
2 0.3798076923076923 0.48677884615384615 0.11057692307692307 0.1466346153846154
2 0.28725961538461536 0.43990384615384615 0.10096153846153846 0.07211538461538461
2 0.3329326923076923 0.3605769230769231 0.07211538461538461 0.125
2 0.4182692307692308 0.3329326923076923 0.0889423076923077 0.16826923076923078
2 0.44471153846153844 0.3737980769230769 0.11538461538461539 0.08173076923076923
2 0.49158653846153844 0.29086538461538464 0.07692307692307693 0.09375