2 0.42908653846153844 0.1201923076923077 0.7932692307692307 0.15865384615384615
2 0.34975961538461536 0.02403846153846154 0.6225961538461539 0.038461538461538464
2 0.6177884615384616 0.17427884615384615 0.2403846153846154 0.05048076923076923
2 0.4014423076923077 0.2776442307692308 0.7379807692307693 0.14903846153846154
2 0.3858173076923077 0.4110576923076923 0.7163461538461539 0.12980769230769232
2 0.6935096153846154 0.41947115384615385 0.5576923076923077 0.15625
2 0.47836538461538464 0.5540865384615384 0.9471153846153846 0.15625
2 0.4206730769230769 0.6730769230769231 0.8317307692307693 0.18269230769230768
2 0.6995192307692307 0.7584134615384616 0.5024038461538461 0.11298076923076923
2 0.4423076923076923 0.8305288461538461 0.875 0.15625
2 0.5012019230769231 0.9242788461538461 0.9927884615384616 0.1466346153846154