2 0.4639423076923077 0.7632211538461539 0.375 0.16105769230769232
2 0.43028846153846156 0.609375 0.28846153846153844 0.12980769230769232
2 0.41466346153846156 0.484375 0.22355769230769232 0.1201923076923077
2 0.41466346153846156 0.3701923076923077 0.20673076923076922 0.0985576923076923
2 0.40384615384615385 0.27283653846153844 0.18269230769230768 0.0985576923076923
2 0.39903846153846156 0.17427884615384615 0.15625 0.08173076923076923
5 0.5108173076923077 0.17427884615384615 0.0673076923076923 0.07211538461538461
5 0.5336538461538461 0.2704326923076923 0.0673076923076923 0.0673076923076923
5 0.5540865384615384 0.3701923076923077 0.07211538461538461 0.07211538461538461
5 0.5576923076923077 0.484375 0.07211538461538461 0.07692307692307693
5 0.6177884615384616 0.6117788461538461 0.0673076923076923 0.07211538461538461
5 0.6826923076923077 0.765625 0.07211538461538461 0.07692307692307693