2 0.5 0.5 0.9951923076923077 0.9951923076923077
2 0.5360576923076923 0.5661057692307693 0.11298076923076923 0.07211538461538461
2 0.4326923076923077 0.5216346153846154 0.08173076923076923 0.04807692307692308
2 0.38100961538461536 0.5697115384615384 0.052884615384615384 0.057692307692307696
2 0.3918269230769231 0.6646634615384616 0.08173076923076923 0.0625
2 0.35336538461538464 0.7872596153846154 0.07692307692307693 0.06971153846153846
2 0.4074519230769231 0.8016826923076923 0.08173076923076923 0.05048076923076923
2 0.6346153846153846 0.5516826923076923 0.125 0.09134615384615384
2 0.6706730769230769 0.44591346153846156 0.09134615384615384 0.0673076923076923
2 0.7367788461538461 0.45913461538461536 0.0625 0.07692307692307693
2 0.734375 0.5072115384615384 0.04807692307692308 0.03365384615384615
2 0.8473557692307693 0.5120192307692307 0.09615384615384616 0.057692307692307696
2 0.9050480769230769 0.24519230769230768 0.057692307692307696 0.0673076923076923
2 0.7992788461538461 0.23557692307692307 0.07211538461538461 0.04807692307692308
2 0.7427884615384616 0.23317307692307693 0.03125 0.07211538461538461
2 0.6959134615384616 0.19110576923076922 0.052884615384615384 0.0673076923076923
2 0.43028846153846156 0.2956730769230769 0.09615384615384616 0.08173076923076923
2 0.31971153846153844 0.1935096153846154 0.08173076923076923 0.0625
2 0.3173076923076923 0.25240384615384615 0.08653846153846154 0.057692307692307696
2 0.17548076923076922 0.24278846153846154 0.10336538461538461 0.08653846153846154
2 0.21153846153846154 0.14903846153846154 0.11298076923076923 0.07211538461538461
2 0.3425480769230769 0.24759615384615385 0.6754807692307693 0.47836538461538464
2 0.22115384615384615 0.49278846153846156 0.4326923076923077 0.35096153846153844
2 0.49278846153846156 0.7079326923076923 0.3245192307692308 0.25
2 0.13701923076923078 0.8533653846153846 0.2644230769230769 0.2860576923076923
2 0.6983173076923077 0.8028846153846154 0.4375 0.24759615384615385
2 0.7608173076923077 0.30288461538461536 0.2932692307692308 0.2668269230769231
2 0.7752403846153846 0.7079326923076923 0.34615384615384615 0.5432692307692307