2 0.13701923076923078 0.45072115384615385 0.1658653846153846 0.375
2 0.32211538461538464 0.6237980769230769 0.1971153846153846 0.25721153846153844
2 0.26802884615384615 0.3713942307692308 0.1201923076923077 0.28846153846153844
2 0.37259615384615385 0.28846153846153844 0.1201923076923077 0.2980769230769231
2 0.4651442307692308 0.47115384615384615 0.18269230769230768 0.5528846153846154
2 0.5408653846153846 0.25240384615384615 0.1466346153846154 0.2692307692307692
2 0.6911057692307693 0.4098557692307692 0.1778846153846154 0.4182692307692308
2 0.5949519230769231 0.6442307692307693 0.20192307692307693 0.5480769230769231
2 0.8725961538461539 0.3473557692307692 0.13942307692307693 0.36538461538461536
2 0.8245192307692307 0.5048076923076923 0.20432692307692307 0.4639423076923077
3 0.6935096153846154 0.15745192307692307 0.14903846153846154 0.09615384615384616
3 0.3701923076923077 0.47115384615384615 0.12980769230769232 0.09615384615384616
3 0.27163461538461536 0.5516826923076923 0.1346153846153846 0.09134615384615384
3 0.1346153846153846 0.6730769230769231 0.16346153846153846 0.07692307692307693
3 0.3401442307692308 0.7860576923076923 0.16346153846153846 0.07692307692307693
3 0.8257211538461539 0.7752403846153846 0.20192307692307693 0.09615384615384616
3 0.6935096153846154 0.6490384615384616 0.17307692307692307 0.09134615384615384
3 0.8846153846153846 0.5673076923076923 0.1466346153846154 0.09134615384615384
5 0.4675480769230769 0.7788461538461539 0.09134615384615384 0.0625