2 0.1502403846153846 0.05048076923076923 0.1201923076923077 0.08173076923076923
2 0.28966346153846156 0.055288461538461536 0.11057692307692307 0.10096153846153846
2 0.3798076923076923 0.037259615384615384 0.05048076923076923 0.06490384615384616
2 0.4326923076923077 0.037259615384615384 0.07451923076923077 0.055288461538461536
2 0.7776442307692307 0.13701923076923078 0.07451923076923077 0.07451923076923077
2 0.8449519230769231 0.15985576923076922 0.06971153846153846 0.08173076923076923
2 0.9026442307692307 0.21033653846153846 0.04326923076923077 0.05048076923076923
2 0.9735576923076923 0.23197115384615385 0.04807692307692308 0.0889423076923077
2 0.9735576923076923 0.75 0.04807692307692308 0.0625
2 0.7475961538461539 0.8870192307692307 0.08653846153846154 0.07451923076923077
2 0.8954326923076923 0.9326923076923077 0.1201923076923077 0.07451923076923077
2 0.09495192307692307 0.8221153846153846 0.06009615384615385 0.04326923076923077
2 0.25961538461538464 0.9002403846153846 0.08173076923076923 0.10096153846153846
2 0.04447115384615385 0.7355769230769231 0.06971153846153846 0.08173076923076923
2 0.07692307692307693 0.6754807692307693 0.07451923076923077 0.07932692307692307
2 0.027644230769230768 0.6346153846153846 0.04326923076923077 0.08173076923076923
2 0.04447115384615385 0.5745192307692307 0.08173076923076923 0.11057692307692307
2 0.030048076923076924 0.4519230769230769 0.05048076923076923 0.14423076923076922
2 0.027644230769230768 0.37259615384615385 0.04326923076923077 0.09615384615384616
2 0.039663461538461536 0.2704326923076923 0.06971153846153846 0.1201923076923077
2 0.06490384615384616 0.21995192307692307 0.11057692307692307 0.11057692307692307
2 0.1045673076923077 0.15985576923076922 0.10096153846153846 0.10096153846153846
2 0.1875 0.1346153846153846 0.06490384615384616 0.08173076923076923
2 0.5925480769230769 0.1045673076923077 0.09615384615384616 0.08173076923076923
2 0.5396634615384616 0.08533653846153846 0.06971153846153846 0.05048076923076923
2 0.6598557692307693 0.15745192307692307 0.09134615384615384 0.055288461538461536
2 0.6454326923076923 0.8978365384615384 0.11057692307692307 0.07451923076923077
2 0.5600961538461539 0.9302884615384616 0.06009615384615385 0.06009615384615385
2 0.5396634615384616 0.8930288461538461 0.06971153846153846 0.09615384615384616
2 0.46274038461538464 0.8798076923076923 0.09615384615384616 0.10096153846153846
2 0.37740384615384615 0.8978365384615384 0.08653846153846154 0.09615384615384616
2 0.8221153846153846 0.7596153846153846 0.125 0.06009615384615385
2 0.9122596153846154 0.6899038461538461 0.07451923076923077 0.10096153846153846
2 0.9555288461538461 0.6598557692307693 0.08413461538461539 0.07451923076923077
2 0.8521634615384616 0.6694711538461539 0.07451923076923077 0.08173076923076923
2 0.7944711538461539 0.6670673076923077 0.06009615384615385 0.09615384615384616
2 0.9194711538461539 0.5901442307692307 0.14903846153846154 0.08173076923076923
2 0.9146634615384616 0.5348557692307693 0.10096153846153846 0.06009615384615385
2 0.9507211538461539 0.5036057692307693 0.09375 0.0889423076923077
2 0.9771634615384616 0.43028846153846156 0.04326923076923077 0.08173076923076923
2 0.9831730769230769 0.36899038461538464 0.028846153846153848 0.05048076923076923
2 0.9639423076923077 0.3125 0.0673076923076923 0.0673076923076923
2 0.9098557692307693 0.3401442307692308 0.06009615384615385 0.09134615384615384
2 0.9170673076923077 0.3954326923076923 0.06490384615384616 0.09134615384615384
2 0.8629807692307693 0.36778846153846156 0.055288461538461536 0.14423076923076922
2 0.8653846153846154 0.24278846153846154 0.08173076923076923 0.06490384615384616
2 0.8173076923076923 0.28725961538461536 0.07451923076923077 0.08653846153846154
2 0.8353365384615384 0.5372596153846154 0.05048076923076923 0.10576923076923077
2 0.7944711538461539 0.5949519230769231 0.06971153846153846 0.06971153846153846
2 0.7848557692307693 0.5276442307692307 0.06009615384615385 0.07451923076923077
2 0.8004807692307693 0.46274038461538464 0.08173076923076923 0.08653846153846154
2 0.7980769230769231 0.37259615384615385 0.08653846153846154 0.11538461538461539
2 0.7427884615384616 0.6730769230769231 0.055288461538461536 0.08653846153846154
2 0.6826923076923077 0.8197115384615384 0.07451923076923077 0.06009615384615385
2 0.7103365384615384 0.7620192307692307 0.08173076923076923 0.07451923076923077
2 0.6129807692307693 0.6370192307692307 0.23557692307692307 0.16346153846153846
2 0.6394230769230769 0.49038461538461536 0.23076923076923078 0.2403846153846154
2 0.6105769230769231 0.30528846153846156 0.2403846153846154 0.15865384615384615
2 0.7127403846153846 0.26802884615384615 0.17548076923076922 0.1346153846153846
2 0.5204326923076923 0.2127403846153846 0.22115384615384615 0.18509615384615385
2 0.5372596153846154 0.12980769230769232 0.055288461538461536 0.05048076923076923
2 0.3870192307692308 0.14543269230769232 0.14423076923076922 0.12980769230769232
2 0.2920673076923077 0.19951923076923078 0.20673076923076922 0.19951923076923078
2 0.39783653846153844 0.40024038461538464 0.2932692307692308 0.2403846153846154
2 0.18509615384615385 0.38221153846153844 0.25 0.33653846153846156
2 0.21514423076923078 0.5877403846153846 0.3004807692307692 0.22596153846153846
2 0.4579326923076923 0.6069711538461539 0.28365384615384615 0.2548076923076923
2 0.6045673076923077 0.8028846153846154 0.11057692307692307 0.11538461538461539
2 0.49278846153846156 0.7896634615384616 0.11538461538461539 0.10096153846153846
2 0.38221153846153844 0.7920673076923077 0.11538461538461539 0.10576923076923077
2 0.2704326923076923 0.7596153846153846 0.12980769230769232 0.1201923076923077
2 0.1778846153846154 0.7752403846153846 0.10576923076923077 0.1201923076923077
2 0.09495192307692307 0.7620192307692307 0.08173076923076923 0.08653846153846154