2 0.09615384615384616 0.13581730769230768 0.11057692307692307 0.1466346153846154
2 0.15384615384615385 0.06009615384615385 0.1201923076923077 0.11057692307692307
2 0.08052884615384616 0.039663461538461536 0.08173076923076923 0.07211538461538461
2 0.078125 0.29086538461538464 0.09375 0.11057692307692307
2 0.15745192307692307 0.2980769230769231 0.0673076923076923 0.125
2 0.16947115384615385 0.23076923076923078 0.09615384615384616 0.125
2 0.2512019230769231 0.14182692307692307 0.13942307692307693 0.14182692307692307
2 0.2247596153846154 0.055288461538461536 0.09375 0.10096153846153846
2 0.31971153846153844 0.0733173076923077 0.10576923076923077 0.13942307692307693
2 0.4483173076923077 0.078125 0.15865384615384615 0.1466346153846154
2 0.5817307692307693 0.08173076923076923 0.15865384615384615 0.15384615384615385
2 0.7427884615384616 0.15504807692307693 0.11538461538461539 0.20432692307692307
2 0.7331730769230769 0.039663461538461536 0.16826923076923078 0.07211538461538461
2 0.8774038461538461 0.1045673076923077 0.11057692307692307 0.15384615384615385
2 0.8665865384615384 0.046875 0.15865384615384615 0.08413461538461539
2 0.8353365384615384 0.2403846153846154 0.11538461538461539 0.10576923076923077
2 0.9266826923076923 0.22716346153846154 0.11057692307692307 0.08173076923076923
2 0.9579326923076923 0.109375 0.0673076923076923 0.15384615384615385
2 0.6802884615384616 0.3016826923076923 0.15865384615384615 0.125
2 0.5600961538461539 0.30649038461538464 0.0889423076923077 0.09615384615384616
2 0.49158653846153844 0.2644230769230769 0.07692307692307693 0.08413461538461539
2 0.48677884615384615 0.19831730769230768 0.07692307692307693 0.08413461538461539
2 0.42908653846153844 0.23317307692307693 0.07692307692307693 0.1466346153846154
2 0.36658653846153844 0.18870192307692307 0.10096153846153846 0.10096153846153846
2 0.34615384615384615 0.2644230769230769 0.0889423076923077 0.08413461538461539
2 0.25961538461538464 0.23798076923076922 0.11057692307692307 0.09375
2 0.24639423076923078 0.3112980769230769 0.1201923076923077 0.125
2 0.9519230769230769 0.9723557692307693 0.08653846153846154 0.05048076923076923
2 0.9471153846153846 0.9182692307692307 0.08173076923076923 0.0673076923076923
2 0.9555288461538461 0.8533653846153846 0.08173076923076923 0.08173076923076923
2 0.9627403846153846 0.7752403846153846 0.057692307692307696 0.08413461538461539
2 0.9639423076923077 0.7091346153846154 0.04326923076923077 0.05048076923076923
2 0.9627403846153846 0.6394230769230769 0.04807692307692308 0.07211538461538461
2 0.9507211538461539 0.5865384615384616 0.07211538461538461 0.036057692307692304
2 0.96875 0.5396634615384616 0.04326923076923077 0.07692307692307693
2 0.8221153846153846 0.40625 0.15865384615384615 0.10096153846153846
2 0.8641826923076923 0.2980769230769231 0.16346153846153846 0.09615384615384616
2 0.9038461538461539 0.484375 0.1201923076923077 0.14182692307692307
2 0.9507211538461539 0.421875 0.08173076923076923 0.15865384615384615
2 0.9447115384615384 0.27524038461538464 0.08413461538461539 0.1346153846153846
2 0.8641826923076923 0.5841346153846154 0.09375 0.08413461538461539
2 0.8713942307692307 0.6490384615384616 0.0625 0.11538461538461539
2 0.8137019230769231 0.6646634615384616 0.07211538461538461 0.11057692307692307
2 0.7692307692307693 0.5625 0.11538461538461539 0.12980769230769232
2 0.7824519230769231 0.484375 0.0889423076923077 0.0889423076923077
2 0.6646634615384616 0.5625 0.08413461538461539 0.1466346153846154
2 0.7067307692307693 0.421875 0.10576923076923077 0.125
2 0.24639423076923078 0.5204326923076923 0.1201923076923077 0.1875
2 0.16947115384615385 0.5685096153846154 0.0625 0.10576923076923077
2 0.12259615384615384 0.49158653846153844 0.12980769230769232 0.11057692307692307
2 0.10216346153846154 0.5552884615384616 0.125 0.125
2 0.11057692307692307 0.6286057692307693 0.11538461538461539 0.10096153846153846
2 0.3894230769230769 0.5132211538461539 0.1466346153846154 0.11057692307692307
2 0.4026442307692308 0.41586538461538464 0.11057692307692307 0.1201923076923077
2 0.484375 0.39302884615384615 0.1346153846153846 0.1201923076923077
2 0.5733173076923077 0.4423076923076923 0.0889423076923077 0.1201923076923077
2 0.5372596153846154 0.4891826923076923 0.14182692307692307 0.16826923076923078
2 0.5420673076923077 0.6514423076923077 0.125 0.10096153846153846
2 0.4423076923076923 0.6778846153846154 0.11057692307692307 0.07692307692307693
2 0.3894230769230769 0.5973557692307693 0.07692307692307693 0.08413461538461539
2 0.3293269230769231 0.6490384615384616 0.10576923076923077 0.07211538461538461
2 0.890625 0.7644230769230769 0.08413461538461539 0.11538461538461539
2 0.8161057692307693 0.7596153846153846 0.09375 0.0889423076923077
2 0.8713942307692307 0.96875 0.10576923076923077 0.052884615384615384
2 0.8617788461538461 0.8870192307692307 0.0625 0.1201923076923077
2 0.8064903846153846 0.8425480769230769 0.0673076923076923 0.10336538461538461
2 0.7824519230769231 0.9182692307692307 0.0889423076923077 0.04807692307692308
2 0.7247596153846154 0.8557692307692307 0.09615384615384616 0.1201923076923077
2 0.6514423076923077 0.7800480769230769 0.1466346153846154 0.18269230769230768
2 0.6983173076923077 0.6754807692307693 0.1346153846153846 0.14182692307692307
2 0.6045673076923077 0.8305288461538461 0.0889423076923077 0.125
2 0.5240384615384616 0.7463942307692307 0.09615384615384616 0.125
2 0.5420673076923077 0.8461538461538461 0.07211538461538461 0.07692307692307693
2 0.5973557692307693 0.921875 0.15384615384615385 0.12980769230769232
2 0.5288461538461539 0.9567307692307693 0.15384615384615385 0.08173076923076923
2 0.484375 0.8978365384615384 0.0889423076923077 0.11538461538461539
2 0.421875 0.8798076923076923 0.11538461538461539 0.14182692307692307
2 0.35336538461538464 0.7536057692307693 0.12980769230769232 0.11057692307692307
2 0.4423076923076923 0.7908653846153846 0.0673076923076923 0.10576923076923077
2 0.3329326923076923 0.8774038461538461 0.14182692307692307 0.12980769230769232
2 0.23317307692307693 0.7716346153846154 0.07692307692307693 0.10336538461538461
2 0.21995192307692307 0.6670673076923077 0.1201923076923077 0.14182692307692307
2 0.14182692307692307 0.7283653846153846 0.09615384615384616 0.13221153846153846
2 0.0889423076923077 0.7151442307692307 0.10576923076923077 0.125
2 0.15384615384615385 0.9290865384615384 0.057692307692307696 0.08173076923076923
2 0.125 0.8894230769230769 0.0889423076923077 0.10817307692307693
2 0.15985576923076922 0.8016826923076923 0.10576923076923077 0.1201923076923077
2 0.07932692307692307 0.9495192307692307 0.08653846153846154 0.09615384615384616
2 0.18269230769230768 0.9699519230769231 0.16346153846153846 0.055288461538461536
2 0.21153846153846154 0.8713942307692307 0.09375 0.14182692307692307
2 0.30649038461538464 0.9699519230769231 0.0985576923076923 0.055288461538461536
2 0.40384615384615385 0.9699519230769231 0.11057692307692307 0.055288461538461536
2 0.6754807692307693 0.9567307692307693 0.14423076923076922 0.08173076923076923
2 0.7824519230769231 0.9627403846153846 0.08413461538461539 0.06971153846153846
2 0.5805288461538461 0.16947115384615385 0.16346153846153846 0.1778846153846154