2 0.48197115384615385 0.33052884615384615 0.3245192307692308 0.5096153846153846
2 0.18028846153846154 0.5240384615384616 0.35096153846153844 0.7019230769230769
2 0.3713942307692308 0.6574519230769231 0.0673076923076923 0.1875
2 0.6466346153846154 0.6225961538461539 0.2548076923076923 0.30288461538461536
2 0.8221153846153846 0.6862980769230769 0.15865384615384615 0.28846153846153844
2 0.9435096153846154 0.7355769230769231 0.10817307692307693 0.2644230769230769
3 0.15384615384615385 0.9350961538461539 0.2980769230769231 0.1201923076923077
3 0.7283653846153846 0.30408653846153844 0.23076923076923078 0.2980769230769231
3 0.3798076923076923 0.7728365384615384 0.08413461538461539 0.052884615384615384
3 0.6490384615384616 0.8161057692307693 0.25721153846153844 0.12980769230769232
3 0.45552884615384615 0.8689903846153846 0.23557692307692307 0.11057692307692307
3 0.37740384615384615 0.9507211538461539 0.22355769230769232 0.0889423076923077
3 0.5048076923076923 0.9807692307692307 0.21153846153846154 0.03365384615384615
3 0.5889423076923077 0.921875 0.25240384615384615 0.09375
3 0.7824519230769231 0.8713942307692307 0.25 0.125
3 0.7163461538461539 0.9603365384615384 0.23557692307692307 0.07451923076923077
3 0.8990384615384616 0.9194711538461539 0.1971153846153846 0.12259615384615384