2 0.22956730769230768 0.5204326923076923 0.3269230769230769 0.3173076923076923
2 0.765625 0.22596153846153846 0.3557692307692308 0.2956730769230769
2 0.6370192307692307 0.18870192307692307 0.08413461538461539 0.16105769230769232
2 0.8112980769230769 0.5180288461538461 0.125 0.1658653846153846
2 0.5 0.5360576923076923 0.23076923076923078 0.14903846153846154
2 0.4098557692307692 0.6322115384615384 0.24759615384615385 0.1346153846153846
2 0.22115384615384615 0.3449519230769231 0.21394230769230768 0.13942307692307693
2 0.7295673076923077 0.40625 0.17548076923076922 0.0889423076923077
2 0.5685096153846154 0.3942307692307692 0.25240384615384615 0.15384615384615385
2 0.49278846153846156 0.2620192307692308 0.19230769230769232 0.30528846153846156
2 0.3737980769230769 0.39903846153846156 0.09134615384615384 0.125
2 0.35697115384615385 0.27403846153846156 0.30288461538461536 0.1971153846153846