2 0.7019230769230769 0.5817307692307693 0.5336538461538461 0.6586538461538461
2 0.2512019230769231 0.5084134615384616 0.4495192307692308 0.6346153846153846
3 0.6983173076923077 0.19951923076923078 0.44471153846153844 0.15144230769230768
3 0.24879807692307693 0.14182692307692307 0.4182692307692308 0.1346153846153846
0 0.29086538461538464 0.5396634615384616 0.27163461538461536 0.44711538461538464
0 0.21754807692307693 0.5600961538461539 0.2860576923076923 0.46153846153846156
0 0.21995192307692307 0.6622596153846154 0.11057692307692307 0.22115384615384615
0 0.12259615384615384 0.546875 0.12980769230769232 0.4519230769230769
0 0.18629807692307693 0.30408653846153844 0.0889423076923077 0.11057692307692307
0 0.27283653846153844 0.33774038461538464 0.05048076923076923 0.1778846153846154
0 0.3269230769230769 0.4026442307692308 0.05048076923076923 0.27884615384615385
0 0.375 0.53125 0.07692307692307693 0.28846153846153844
0 0.40024038461538464 0.42908653846153844 0.04326923076923077 0.18269230769230768
0 0.3870192307692308 0.3245192307692308 0.0625 0.125