2 0.18990384615384615 0.6009615384615384 0.1201923076923077 0.6778846153846154
2 0.3112980769230769 0.5264423076923077 0.125 0.7788461538461539
2 0.4362980769230769 0.5264423076923077 0.125 0.8149038461538461
2 0.5600961538461539 0.5060096153846154 0.1346153846153846 0.8701923076923077
2 0.6911057692307693 0.5060096153846154 0.13701923076923078 0.8701923076923077
2 0.8185096153846154 0.5444711538461539 0.125 0.7932692307692307
3 0.18629807692307693 0.2439903846153846 0.04807692307692308 0.02403846153846154
3 0.31009615384615385 0.11658653846153846 0.052884615384615384 0.028846153846153848
3 0.4387019230769231 0.11057692307692307 0.057692307692307696 0.028846153846153848
3 0.5649038461538461 0.054086538461538464 0.0625 0.036057692307692304
3 0.6971153846153846 0.04807692307692308 0.052884615384615384 0.02403846153846154
3 0.8221153846153846 0.125 0.05048076923076923 0.02403846153846154