2 0.038461538461538464 0.9711538461538461 0.06971153846153846 0.04807692307692308
2 0.019230769230769232 0.9050480769230769 0.03125 0.09615384615384616
2 0.07932692307692307 0.9230769230769231 0.0673076923076923 0.07211538461538461
2 0.057692307692307696 0.8329326923076923 0.04807692307692308 0.057692307692307696
2 0.026442307692307692 0.8040865384615384 0.04807692307692308 0.125
2 0.10817307692307693 0.7572115384615384 0.07692307692307693 0.0625
2 0.125 0.8533653846153846 0.0673076923076923 0.08653846153846154
2 0.1778846153846154 0.8064903846153846 0.052884615384615384 0.1201923076923077
2 0.17908653846153846 0.734375 0.026442307692307692 0.057692307692307696
2 0.1466346153846154 0.7247596153846154 0.038461538461538464 0.02403846153846154
2 0.15865384615384615 0.6670673076923077 0.055288461538461536 0.0673076923076923
2 0.08052884615384616 0.6983173076923077 0.06971153846153846 0.07692307692307693
2 0.037259615384615384 0.6754807692307693 0.0673076923076923 0.0625
2 0.06129807692307692 0.6262019230769231 0.04807692307692308 0.055288461538461536
2 0.11177884615384616 0.6129807692307693 0.0625 0.07211538461538461
2 0.08052884615384616 0.5588942307692307 0.04807692307692308 0.04807692307692308
2 0.038461538461538464 0.5901442307692307 0.02403846153846154 0.04807692307692308
2 0.021634615384615384 0.5516826923076923 0.026442307692307692 0.052884615384615384
2 0.038461538461538464 0.49759615384615385 0.06971153846153846 0.0673076923076923
2 0.025240384615384616 0.4254807692307692 0.04326923076923077 0.04807692307692308
2 0.1201923076923077 0.4483173076923077 0.02403846153846154 0.08173076923076923
2 0.15865384615384615 0.41225961538461536 0.08653846153846154 0.0625
2 0.18389423076923078 0.4639423076923077 0.03365384615384615 0.07211538461538461
2 0.140625 0.47716346153846156 0.057692307692307696 0.07692307692307693
2 0.1502403846153846 0.5108173076923077 0.038461538461538464 0.040865384615384616
2 0.07692307692307693 0.3016826923076923 0.0625 0.04807692307692308
2 0.03245192307692308 0.27524038461538464 0.05048076923076923 0.036057692307692304
2 0.038461538461538464 0.33533653846153844 0.038461538461538464 0.07211538461538461
2 0.06610576923076923 0.39663461538461536 0.04807692307692308 0.09134615384615384
2 0.08533653846153846 0.42788461538461536 0.03125 0.125
2 0.15264423076923078 0.3173076923076923 0.05048076923076923 0.04807692307692308
2 0.14903846153846154 0.24519230769230768 0.04326923076923077 0.04807692307692308
2 0.11778846153846154 0.22956730769230768 0.026442307692307692 0.02403846153846154
2 0.11057692307692307 0.18509615384615385 0.0673076923076923 0.052884615384615384
2 0.07932692307692307 0.24519230769230768 0.05048076923076923 0.057692307692307696
2 0.06009615384615385 0.18269230769230768 0.036057692307692304 0.057692307692307696
2 0.021634615384615384 0.17548076923076922 0.036057692307692304 0.040865384615384616
2 0.03125 0.11899038461538461 0.055288461538461536 0.052884615384615384
2 0.21754807692307693 0.9302884615384616 0.05048076923076923 0.04807692307692308
2 0.1622596153846154 0.9026442307692307 0.07692307692307693 0.08173076923076923
2 0.14423076923076922 0.9711538461538461 0.0889423076923077 0.04807692307692308
2 0.24519230769230768 0.9795673076923077 0.1201923076923077 0.03125
2 0.3245192307692308 0.9771634615384616 0.04807692307692308 0.036057692307692304
2 0.2764423076923077 0.9122596153846154 0.05048076923076923 0.052884615384615384
2 0.24879807692307693 0.8870192307692307 0.04326923076923077 0.08173076923076923
2 0.22355769230769232 0.8197115384615384 0.04807692307692308 0.08173076923076923
2 0.24519230769230768 0.7680288461538461 0.05048076923076923 0.07211538461538461
2 0.22596153846153846 0.6935096153846154 0.05048076923076923 0.04807692307692308
2 0.2283653846153846 0.6418269230769231 0.038461538461538464 0.0673076923076923
2 0.19110576923076922 0.5949519230769231 0.07211538461538461 0.08653846153846154
2 0.19831730769230768 0.5432692307692307 0.07211538461538461 0.0889423076923077
2 0.2920673076923077 0.7247596153846154 0.06490384615384616 0.08653846153846154
2 0.26802884615384615 0.6418269230769231 0.036057692307692304 0.07692307692307693
2 0.34375 0.9507211538461539 0.038461538461538464 0.04807692307692308
2 0.3125 0.9050480769230769 0.06971153846153846 0.08653846153846154
2 0.3401442307692308 0.8149038461538461 0.03125 0.052884615384615384
2 0.2932692307692308 0.8064903846153846 0.055288461538461536 0.0673076923076923
2 0.34615384615384615 0.6911057692307693 0.04326923076923077 0.07211538461538461
2 0.30649038461538464 0.6262019230769231 0.05048076923076923 0.0673076923076923
2 0.3954326923076923 0.9230769230769231 0.05048076923076923 0.052884615384615384
2 0.38822115384615385 0.8689903846153846 0.0673076923076923 0.0673076923076923
2 0.37259615384615385 0.8245192307692307 0.026442307692307692 0.019230769230769232
2 0.41947115384615385 0.8064903846153846 0.057692307692307696 0.057692307692307696
2 0.39903846153846156 0.7548076923076923 0.04326923076923077 0.07692307692307693
2 0.3762019230769231 0.7007211538461539 0.07211538461538461 0.10336538461538461
2 0.33533653846153844 0.6081730769230769 0.0625 0.08173076923076923
2 0.30528846153846156 0.5180288461538461 0.0625 0.057692307692307696
2 0.2548076923076923 0.5384615384615384 0.06971153846153846 0.0889423076923077
2 0.2920673076923077 0.5745192307692307 0.03365384615384615 0.057692307692307696
2 0.24879807692307693 0.484375 0.057692307692307696 0.10336538461538461
2 0.21634615384615385 0.4795673076923077 0.038461538461538464 0.07211538461538461
2 0.2764423076923077 0.43509615384615385 0.026442307692307692 0.08653846153846154
2 0.23317307692307693 0.4050480769230769 0.05048076923076923 0.036057692307692304
2 0.1971153846153846 0.3762019230769231 0.0625 0.07211538461538461
2 0.26802884615384615 0.38461538461538464 0.0889423076923077 0.07692307692307693
2 0.21033653846153846 0.296875 0.07211538461538461 0.0889423076923077
2 0.2764423076923077 0.3293269230769231 0.057692307692307696 0.08173076923076923
2 0.27163461538461536 0.26322115384615385 0.057692307692307696 0.08173076923076923
2 0.22235576923076922 0.25 0.0673076923076923 0.04807692307692308
2 0.20072115384615385 0.20072115384615385 0.0625 0.040865384615384616
2 0.19471153846153846 0.17067307692307693 0.0673076923076923 0.0625
2 0.1466346153846154 0.17548076923076922 0.03125 0.11298076923076923
2 0.11778846153846154 0.054086538461538464 0.07451923076923077 0.09615384615384616
2 0.08052884615384616 0.08774038461538461 0.10096153846153846 0.10336538461538461
2 0.18870192307692307 0.10576923076923077 0.08653846153846154 0.0985576923076923
2 0.24759615384615385 0.07211538461538461 0.038461538461538464 0.03125
2 0.21514423076923078 0.025240384615384616 0.055288461538461536 0.04567307692307692
2 0.2860576923076923 0.11538461538461539 0.052884615384615384 0.08653846153846154
2 0.2980769230769231 0.03485576923076923 0.09134615384615384 0.06490384615384616
2 0.2704326923076923 0.20072115384615385 0.06971153846153846 0.0625
2 0.4675480769230769 0.9146634615384616 0.08653846153846154 0.09615384615384616
2 0.4675480769230769 0.9639423076923077 0.08653846153846154 0.0625
2 0.46274038461538464 0.8629807692307693 0.0625 0.0673076923076923
2 0.46875 0.8173076923076923 0.03365384615384615 0.057692307692307696
2 0.46274038461538464 0.7475961538461539 0.055288461538461536 0.10336538461538461
2 0.4387019230769231 0.7367788461538461 0.04326923076923077 0.0625
2 0.4338942307692308 0.6826923076923077 0.04326923076923077 0.07692307692307693
2 0.41947115384615385 0.6213942307692307 0.05048076923076923 0.036057692307692304
2 0.42908653846153844 0.5721153846153846 0.052884615384615384 0.0625
2 0.3798076923076923 0.515625 0.057692307692307696 0.0625
2 0.35697115384615385 0.5432692307692307 0.0673076923076923 0.07692307692307693
2 0.35336538461538464 0.47115384615384615 0.04326923076923077 0.07692307692307693
2 0.3161057692307692 0.4387019230769231 0.0625 0.11298076923076923
2 0.33533653846153844 0.35336538461538464 0.0625 0.09615384615384616
2 0.3786057692307692 0.3425480769230769 0.06971153846153846 0.13942307692307693
2 0.4206730769230769 0.29086538461538464 0.052884615384615384 0.0673076923076923
2 0.3954326923076923 0.22956730769230768 0.07451923076923077 0.07692307692307693
2 0.5252403846153846 0.9567307692307693 0.09134615384615384 0.07692307692307693
2 0.5348557692307693 0.8689903846153846 0.04326923076923077 0.04807692307692308
2 0.5024038461538461 0.7908653846153846 0.04807692307692308 0.057692307692307696
2 0.5072115384615384 0.7163461538461539 0.057692307692307696 0.07211538461538461
2 0.4326923076923077 0.4639423076923077 0.06971153846153846 0.10336538461538461
2 0.4338942307692308 0.3629807692307692 0.0889423076923077 0.10817307692307693
2 0.5060096153846154 0.2091346153846154 0.06971153846153846 0.02403846153846154
2 0.4879807692307692 0.2548076923076923 0.0673076923076923 0.0673076923076923
2 0.4735576923076923 0.15745192307692307 0.08173076923076923 0.08653846153846154
2 0.4495192307692308 0.12139423076923077 0.05048076923076923 0.0673076923076923
2 0.47475961538461536 0.09735576923076923 0.06971153846153846 0.07211538461538461
2 0.4362980769230769 0.07692307692307693 0.052884615384615384 0.10336538461538461
2 0.4807692307692308 0.021634615384615384 0.0673076923076923 0.038461538461538464
2 0.5252403846153846 0.06971153846153846 0.052884615384615384 0.08653846153846154
2 0.5661057692307693 0.054086538461538464 0.057692307692307696 0.057692307692307696
2 0.5564903846153846 0.10336538461538461 0.052884615384615384 0.0625
2 0.5757211538461539 0.16706730769230768 0.04807692307692308 0.057692307692307696
2 0.5600961538461539 0.2548076923076923 0.052884615384615384 0.0673076923076923
2 0.5480769230769231 0.3269230769230769 0.0625 0.04807692307692308
2 0.5348557692307693 0.38461538461538464 0.09615384615384616 0.04807692307692308
2 0.5709134615384616 0.42788461538461536 0.10817307692307693 0.09134615384615384
2 0.5288461538461539 0.46634615384615385 0.0625 0.057692307692307696
2 0.49759615384615385 0.5 0.052884615384615384 0.052884615384615384
2 0.53125 0.5588942307692307 0.0673076923076923 0.08653846153846154
2 0.5661057692307693 0.6033653846153846 0.057692307692307696 0.10336538461538461
2 0.5949519230769231 0.5288461538461539 0.04807692307692308 0.057692307692307696
2 0.5925480769230769 0.6009615384615384 0.03365384615384615 0.08653846153846154
2 0.5829326923076923 0.7211538461538461 0.0625 0.07211538461538461
2 0.5697115384615384 0.7860576923076923 0.036057692307692304 0.057692307692307696
2 0.6153846153846154 0.765625 0.05048076923076923 0.04807692307692308
2 0.6141826923076923 0.7992788461538461 0.04567307692307692 0.03125
2 0.5757211538461539 0.8449519230769231 0.0625 0.040865384615384616
2 0.5661057692307693 0.9387019230769231 0.0673076923076923 0.11298076923076923
2 0.6213942307692307 0.8870192307692307 0.052884615384615384 0.10336538461538461
2 0.6370192307692307 0.9483173076923077 0.10096153846153846 0.09134615384615384
2 0.7043269230769231 0.9459134615384616 0.09615384615384616 0.09615384615384616
2 0.6694711538461539 0.8557692307692307 0.07211538461538461 0.07211538461538461
2 0.6778846153846154 0.7632211538461539 0.08173076923076923 0.08173076923076923
2 0.6875 0.6754807692307693 0.0625 0.15384615384615385
2 0.65625 0.5877403846153846 0.052884615384615384 0.08173076923076923
2 0.6394230769230769 0.6346153846153846 0.05048076923076923 0.0625
2 0.6911057692307693 0.5697115384615384 0.0625 0.07692307692307693
2 0.65625 0.5108173076923077 0.0625 0.07211538461538461
2 0.6045673076923077 0.5252403846153846 0.0673076923076923 0.0625
2 0.6694711538461539 0.46875 0.07211538461538461 0.0625
2 0.640625 0.4254807692307692 0.038461538461538464 0.09615384615384616
2 0.6754807692307693 0.4170673076923077 0.038461538461538464 0.07211538461538461
2 0.6875 0.38100961538461536 0.06971153846153846 0.07211538461538461
2 0.6274038461538461 0.35096153846153844 0.05048076923076923 0.052884615384615384
2 0.6237980769230769 0.27884615384615385 0.07211538461538461 0.09134615384615384
2 0.6838942307692307 0.27884615384615385 0.08653846153846154 0.09134615384615384
2 0.6622596153846154 0.21394230769230768 0.08173076923076923 0.0673076923076923
2 0.6394230769230769 0.18028846153846154 0.0673076923076923 0.09134615384615384
2 0.6586538461538461 0.10096153846153846 0.0889423076923077 0.08653846153846154
2 0.6682692307692307 0.03125 0.10096153846153846 0.052884615384615384
2 0.7620192307692307 0.0829326923076923 0.10576923076923077 0.125
2 0.7415865384615384 0.046875 0.08653846153846154 0.09375
2 0.7716346153846154 0.2247596153846154 0.09134615384615384 0.10817307692307693
2 0.7512019230769231 0.25 0.0673076923076923 0.0673076923076923
2 0.7259615384615384 0.20072115384615385 0.04807692307692308 0.0625
2 0.7283653846153846 0.5204326923076923 0.05048076923076923 0.052884615384615384
2 0.7584134615384616 0.44350961538461536 0.10576923076923077 0.08413461538461539
2 0.7524038461538461 0.39663461538461536 0.03125 0.03125
2 0.7524038461538461 0.36899038461538464 0.038461538461538464 0.04807692307692308
2 0.7920673076923077 0.3737980769230769 0.04807692307692308 0.057692307692307696
2 0.8161057692307693 0.30649038461538464 0.0673076923076923 0.0673076923076923
2 0.8317307692307693 0.3581730769230769 0.057692307692307696 0.0673076923076923
2 0.8725961538461539 0.3894230769230769 0.052884615384615384 0.0673076923076923
2 0.8894230769230769 0.4098557692307692 0.07211538461538461 0.07692307692307693
2 0.9134615384615384 0.43509615384615385 0.0673076923076923 0.057692307692307696
2 0.84375 0.4891826923076923 0.057692307692307696 0.0625
2 0.8257211538461539 0.45913461538461536 0.052884615384615384 0.07211538461538461
2 0.8858173076923077 0.5252403846153846 0.0673076923076923 0.07211538461538461
2 0.8461538461538461 0.5673076923076923 0.0625 0.0625
2 0.8028846153846154 0.5516826923076923 0.038461538461538464 0.03125
2 0.8161057692307693 0.5336538461538461 0.057692307692307696 0.07692307692307693
2 0.7764423076923077 0.5612980769230769 0.06971153846153846 0.10336538461538461
2 0.828125 0.5925480769230769 0.0673076923076923 0.0625
2 0.7668269230769231 0.6394230769230769 0.04326923076923077 0.052884615384615384
2 0.7524038461538461 0.6730769230769231 0.0625 0.07692307692307693
2 0.7932692307692307 0.6574519230769231 0.05048076923076923 0.057692307692307696
2 0.8052884615384616 0.6706730769230769 0.057692307692307696 0.07211538461538461
2 0.7427884615384616 0.7548076923076923 0.05048076923076923 0.08653846153846154
2 0.7872596153846154 0.7391826923076923 0.0625 0.07692307692307693
2 0.7668269230769231 0.8197115384615384 0.0673076923076923 0.08173076923076923
2 0.7259615384615384 0.8786057692307693 0.06971153846153846 0.12980769230769232
2 0.7740384615384616 0.9074519230769231 0.057692307692307696 0.07211538461538461
2 0.7295673076923077 0.9615384615384616 0.08653846153846154 0.0673076923076923
2 0.796875 0.9387019230769231 0.0673076923076923 0.11298076923076923
2 0.8149038461538461 0.8605769230769231 0.052884615384615384 0.09134615384615384
2 0.8353365384615384 0.8040865384615384 0.08173076923076923 0.10336538461538461
2 0.8305288461538461 0.7427884615384616 0.0625 0.10336538461538461
2 0.8798076923076923 0.7427884615384616 0.06971153846153846 0.09134615384615384
2 0.8665865384615384 0.6598557692307693 0.04326923076923077 0.07211538461538461
2 0.8798076923076923 0.6009615384615384 0.04807692307692308 0.07692307692307693
2 0.9266826923076923 0.5901442307692307 0.052884615384615384 0.0673076923076923
2 0.9242788461538461 0.6778846153846154 0.057692307692307696 0.057692307692307696
2 0.9675480769230769 0.765625 0.06009615384615385 0.0985576923076923
2 0.9771634615384616 0.8569711538461539 0.040865384615384616 0.08413461538461539
2 0.9302884615384616 0.8449519230769231 0.0625 0.0625
2 0.8894230769230769 0.8713942307692307 0.057692307692307696 0.10336538461538461
2 0.8497596153846154 0.9459134615384616 0.09134615384615384 0.09615384615384616
2 0.9242788461538461 0.9387019230769231 0.08173076923076923 0.09134615384615384
2 0.9699519230769231 0.9507211538461539 0.055288461538461536 0.0889423076923077
2 0.9675480769230769 0.6550480769230769 0.06009615384615385 0.13701923076923078
2 0.9711538461538461 0.5420673076923077 0.052884615384615384 0.06490384615384616
2 0.9423076923076923 0.49759615384615385 0.04807692307692308 0.08653846153846154
2 0.9831730769230769 0.48677884615384615 0.028846153846153848 0.05048076923076923
2 0.9651442307692307 0.40024038461538464 0.06490384615384616 0.11298076923076923
2 0.9074519230769231 0.22716346153846154 0.08653846153846154 0.0625
2 0.8954326923076923 0.28846153846153844 0.10096153846153846 0.11298076923076923
2 0.9771634615384616 0.23076923076923078 0.040865384615384616 0.11057692307692307
2 0.9639423076923077 0.3112980769230769 0.0673076923076923 0.07932692307692307
2 0.9326923076923077 0.15504807692307693 0.05048076923076923 0.0625
2 0.8605769230769231 0.17067307692307693 0.0625 0.052884615384615384
2 0.9242788461538461 0.07932692307692307 0.057692307692307696 0.07692307692307693
2 0.8509615384615384 0.039663461538461536 0.10576923076923077 0.07451923076923077
2 0.8401442307692307 0.11298076923076923 0.0889423076923077 0.08173076923076923
2 0.9423076923076923 0.021634615384615384 0.09134615384615384 0.038461538461538464
2 0.9735576923076923 0.028846153846153848 0.04807692307692308 0.057692307692307696
2 0.9855769230769231 0.056490384615384616 0.02403846153846154 0.06490384615384616
2 0.4987980769230769 0.5012019230769231 0.9975961538461539 0.9975961538461539