2 0.5408653846153846 0.23798076923076922 0.5048076923076923 0.15865384615384615
2 0.5697115384615384 0.13942307692307693 0.36538461538461536 0.052884615384615384
2 0.5793269230769231 0.3894230769230769 0.4375 0.15384615384615385
2 0.5829326923076923 0.5408653846153846 0.4423076923076923 0.1466346153846154
2 0.5853365384615384 0.6887019230769231 0.42788461538461536 0.14423076923076922
2 0.5877403846153846 0.8377403846153846 0.4326923076923077 0.1466346153846154
5 0.2548076923076923 0.39903846153846156 0.22115384615384615 0.10576923076923077
5 0.2704326923076923 0.140625 0.22115384615384615 0.11057692307692307
5 0.2608173076923077 0.5444711538461539 0.21153846153846154 0.10817307692307693
5 0.26322115384615385 0.6887019230769231 0.21634615384615385 0.11057692307692307
5 0.26802884615384615 0.8341346153846154 0.20673076923076922 0.11538461538461539