2 0.6466346153846154 0.8305288461538461 0.24519230769230768 0.25
2 0.5072115384615384 0.6935096153846154 0.28365384615384615 0.25
2 0.6778846153846154 0.5048076923076923 0.17307692307692307 0.21634615384615385
2 0.6826923076923077 0.20192307692307693 0.1466346153846154 0.22596153846153846
2 0.5528846153846154 0.15144230769230768 0.18269230769230768 0.20432692307692307
2 0.48677884615384615 0.41586538461538464 0.3173076923076923 0.2091346153846154
3 0.4891826923076923 0.8377403846153846 0.10576923076923077 0.24519230769230768
3 0.3425480769230769 0.6995192307692307 0.07211538461538461 0.24519230769230768
3 0.2956730769230769 0.41346153846153844 0.08413461538461539 0.20432692307692307
3 0.5528846153846154 0.5048076923076923 0.11057692307692307 0.21634615384615385
3 0.5805288461538461 0.19591346153846154 0.11057692307692307 0.22115384615384615
3 0.421875 0.1466346153846154 0.0889423076923077 0.20432692307692307