2 0.20072115384615385 0.4411057692307692 0.3076923076923077 0.30288461538461536
2 0.24158653846153846 0.3449519230769231 0.39903846153846156 0.3076923076923077
2 0.7836538461538461 0.4254807692307692 0.3245192307692308 0.31490384615384615
2 0.47716346153846156 0.7632211538461539 0.23557692307692307 0.22596153846153846
2 0.47716346153846156 0.5540865384615384 0.20432692307692307 0.13942307692307693
2 0.06129807692307692 0.6670673076923077 0.11538461538461539 0.20192307692307693
2 0.9543269230769231 0.7211538461538461 0.08653846153846154 0.1971153846153846
2 0.9807692307692307 0.5144230769230769 0.03365384615384615 0.14423076923076922
2 0.7427884615384616 0.3173076923076923 0.4206730769230769 0.2932692307692308
2 0.5036057692307693 0.5252403846153846 0.28365384615384615 0.17548076923076922
2 0.5024038461538461 0.6802884615384616 0.3245192307692308 0.1346153846153846