2 0.8389423076923077 0.2956730769230769 0.1658653846153846 0.27884615384615385
2 0.7752403846153846 0.7908653846153846 0.13942307692307693 0.21634615384615385
2 0.5865384615384616 0.7908653846153846 0.1346153846153846 0.20432692307692307
2 0.39663461538461536 0.75 0.12980769230769232 0.1346153846153846
2 0.2127403846153846 0.7524038461538461 0.12980769230769232 0.13942307692307693
2 0.609375 0.2956730769230769 0.16826923076923078 0.27884615384615385
2 0.3798076923076923 0.2764423076923077 0.14903846153846154 0.2403846153846154
2 0.14903846153846154 0.2824519230769231 0.14423076923076922 0.2403846153846154
3 0.6033653846153846 0.4699519230769231 0.17307692307692307 0.06971153846153846
3 0.8341346153846154 0.46274038461538464 0.16346153846153846 0.08653846153846154
3 0.7752403846153846 0.9134615384615384 0.1346153846153846 0.08653846153846154
3 0.5853365384615384 0.9242788461538461 0.13701923076923078 0.07692307692307693
3 0.39903846153846156 0.8545673076923077 0.1346153846153846 0.06490384615384616
3 0.3762019230769231 0.42788461538461536 0.14903846153846154 0.09134615384615384
3 0.14783653846153846 0.42788461538461536 0.14903846153846154 0.06971153846153846
3 0.21033653846153846 0.8521634615384616 0.1346153846153846 0.06971153846153846