2 0.8088942307692307 0.2800480769230769 0.25721153846153844 0.28365384615384615
2 0.578125 0.3641826923076923 0.22115384615384615 0.31971153846153844
2 0.6550480769230769 0.48677884615384615 0.2091346153846154 0.23557692307692307
2 0.4795673076923077 0.7596153846153846 0.21153846153846154 0.21153846153846154
2 0.21995192307692307 0.7536057692307693 0.23557692307692307 0.2091346153846154
2 0.3870192307692308 0.375 0.25 0.2620192307692308
3 0.7908653846153846 0.46033653846153844 0.1875 0.08413461538461539
3 0.36658653846153844 0.5516826923076923 0.17307692307692307 0.08173076923076923
3 0.4423076923076923 0.8954326923076923 0.15384615384615385 0.0673076923076923
3 0.19110576923076922 0.9002403846153846 0.14182692307692307 0.057692307692307696
1 0.3137019230769231 0.6706730769230769 0.5096153846153846 0.09615384615384616
1 0.1622596153846154 0.47836538461538464 0.2091346153846154 0.28846153846153844
1 0.41346153846153844 0.5997596153846154 0.2932692307692308 0.036057692307692304
1 0.5 0.5492788461538461 0.09375 0.057692307692307696