2 0.2824519230769231 0.21394230769230768 0.11538461538461539 0.30288461538461536
2 0.4098557692307692 0.21394230769230768 0.11538461538461539 0.2932692307692308
2 0.5348557692307693 0.21634615384615385 0.11298076923076923 0.28846153846153844
2 0.6658653846153846 0.21394230769230768 0.1201923076923077 0.2932692307692308
2 0.6141826923076923 0.23918269230769232 0.03125 0.2644230769230769
2 0.8125 0.21153846153846154 0.1201923076923077 0.28846153846153844
2 0.7475961538461539 0.24519230769230768 0.04326923076923077 0.23076923076923078
2 0.22355769230769232 0.5360576923076923 0.06971153846153846 0.14423076923076922
2 0.296875 0.5384615384615384 0.06971153846153846 0.15865384615384615
2 0.38221153846153844 0.5432692307692307 0.07692307692307693 0.17067307692307693
2 0.46153846153846156 0.5492788461538461 0.0889423076923077 0.17067307692307693
2 0.5060096153846154 0.5492788461538461 0.014423076923076924 0.14903846153846154
2 0.5504807692307693 0.5384615384615384 0.08173076923076923 0.13942307692307693
2 0.6298076923076923 0.5516826923076923 0.06971153846153846 0.15384615384615385
2 0.7067307692307693 0.5492788461538461 0.06971153846153846 0.14903846153846154
2 0.7872596153846154 0.5516826923076923 0.08653846153846154 0.15625
2 0.8725961538461539 0.5408653846153846 0.08653846153846154 0.14423076923076922
2 0.23317307692307693 0.7860576923076923 0.08173076923076923 0.1201923076923077
2 0.3016826923076923 0.7836538461538461 0.055288461538461536 0.11298076923076923
2 0.37259615384615385 0.8040865384615384 0.08173076923076923 0.15384615384615385
2 0.453125 0.8329326923076923 0.0889423076923077 0.18028846153846154
2 0.5504807692307693 0.8377403846153846 0.0889423076923077 0.18028846153846154
2 0.6442307692307693 0.8353365384615384 0.09134615384615384 0.1971153846153846
2 0.7427884615384616 0.8425480769230769 0.09615384615384616 0.20192307692307693
2 0.8413461538461539 0.8533653846153846 0.10817307692307693 0.21153846153846154
3 0.4098557692307692 0.3786057692307692 0.07692307692307693 0.04807692307692308
3 0.2776442307692308 0.3870192307692308 0.09134615384615384 0.040865384615384616
3 0.2283653846153846 0.6286057692307693 0.07692307692307693 0.040865384615384616
3 0.5324519230769231 0.38461538461538464 0.08653846153846154 0.036057692307692304
3 0.671875 0.3762019230769231 0.07692307692307693 0.03125
3 0.6502403846153846 0.3870192307692308 0.07211538461538461 0.03125
3 0.7704326923076923 0.3894230769230769 0.07211538461538461 0.036057692307692304
3 0.8064903846153846 0.3786057692307692 0.08653846153846154 0.026442307692307692
3 0.7872596153846154 0.6418269230769231 0.08653846153846154 0.014423076923076924
3 0.7079326923076923 0.6346153846153846 0.0673076923076923 0.03125
3 0.6298076923076923 0.6394230769230769 0.0625 0.019230769230769232
3 0.5564903846153846 0.6237980769230769 0.06971153846153846 0.019230769230769232
3 0.4651442307692308 0.6418269230769231 0.0673076923076923 0.014423076923076924
3 0.38461538461538464 0.6442307692307693 0.07211538461538461 0.019230769230769232
3 0.30288461538461536 0.6370192307692307 0.0673076923076923 0.02403846153846154
3 0.8725961538461539 0.6262019230769231 0.07692307692307693 0.026442307692307692
3 0.8377403846153846 0.96875 0.09134615384615384 0.03125
3 0.7415865384615384 0.9567307692307693 0.09134615384615384 0.02403846153846154
3 0.6430288461538461 0.9483173076923077 0.0889423076923077 0.019230769230769232
3 0.5504807692307693 0.9387019230769231 0.07211538461538461 0.03125
3 0.453125 0.9459134615384616 0.08173076923076923 0.036057692307692304
3 0.3016826923076923 0.8557692307692307 0.0625 0.019230769230769232
3 0.23557692307692307 0.8629807692307693 0.06971153846153846 0.014423076923076924
0 0.6694711538461539 0.12379807692307693 0.10576923076923077 0.10336538461538461
0 0.6622596153846154 0.25 0.07211538461538461 0.14903846153846154
0 0.53125 0.2091346153846154 0.0889423076923077 0.27403846153846156
0 0.28365384615384615 0.14182692307692307 0.0889423076923077 0.10817307692307693
0 0.8185096153846154 0.1935096153846154 0.11538461538461539 0.22115384615384615
0 0.7415865384615384 0.1778846153846154 0.02403846153846154 0.07692307692307693
0 0.8725961538461539 0.5 0.07692307692307693 0.0625
0 0.7872596153846154 0.5072115384615384 0.06971153846153846 0.057692307692307696
0 0.703125 0.5336538461538461 0.0625 0.10817307692307693
0 0.625 0.5384615384615384 0.0625 0.1201923076923077
0 0.5504807692307693 0.5288461538461539 0.07211538461538461 0.10817307692307693
0 0.46274038461538464 0.5288461538461539 0.06971153846153846 0.10817307692307693
0 0.38221153846153844 0.5108173076923077 0.0625 0.08173076923076923
0 0.3016826923076923 0.49278846153846156 0.0625 0.057692307692307696
0 0.22596153846153846 0.5204326923076923 0.0673076923076923 0.11298076923076923
0 0.22956730769230768 0.7728365384615384 0.07211538461538461 0.07211538461538461
0 0.3016826923076923 0.75 0.04567307692307692 0.036057692307692304
0 0.453125 0.7860576923076923 0.07451923076923077 0.09615384615384616
0 0.546875 0.8173076923076923 0.0889423076923077 0.15865384615384615
0 0.6442307692307693 0.8149038461538461 0.08653846153846154 0.15384615384615385
0 0.7415865384615384 0.8269230769230769 0.08653846153846154 0.15865384615384615
0 0.8401442307692307 0.8533653846153846 0.09615384615384616 0.20192307692307693