2 0.10697115384615384 0.7463942307692307 0.11538461538461539 0.3125
2 0.15985576923076922 0.2848557692307692 0.21153846153846154 0.1971153846153846
2 0.40625 0.29086538461538464 0.21634615384615385 0.19951923076923078
2 0.4795673076923077 0.7487980769230769 0.15144230769230768 0.3245192307692308
2 0.6382211538461539 0.2824519230769231 0.18269230769230768 0.21634615384615385
2 0.8617788461538461 0.25721153846153844 0.15144230769230768 0.25
2 0.8689903846153846 0.7043269230769231 0.1201923076923077 0.41346153846153844
2 0.6778846153846154 0.7692307692307693 0.13942307692307693 0.27403846153846156
2 0.29086538461538464 0.7560096153846154 0.12980769230769232 0.30288461538461536
3 0.109375 0.5733173076923077 0.08413461538461539 0.04326923076923077
3 0.16466346153846154 0.17307692307692307 0.15865384615384615 0.026442307692307692
3 0.40384615384615385 0.17548076923076922 0.15144230769230768 0.03125
3 0.6382211538461539 0.15745192307692307 0.16346153846153846 0.03125
3 0.29086538461538464 0.578125 0.07692307692307693 0.0625
3 0.4795673076923077 0.5661057692307693 0.0889423076923077 0.03125
5 0.6778846153846154 0.5889423076923077 0.13942307692307693 0.09375
5 0.8641826923076923 0.1201923076923077 0.1466346153846154 0.036057692307692304