2 0.4735576923076923 0.5108173076923077 0.6298076923076923 0.5673076923076923
2 0.6923076923076923 0.06490384615384616 0.20673076923076922 0.1201923076923077
2 0.7019230769230769 0.14903846153846154 0.21875 0.07211538461538461
2 0.6983173076923077 0.2091346153846154 0.1875 0.07692307692307693
2 0.9495192307692307 0.48197115384615385 0.07692307692307693 0.07692307692307693
2 0.9639423076923077 0.41466346153846156 0.0673076923076923 0.0985576923076923
2 0.9735576923076923 0.328125 0.04807692307692308 0.07451923076923077
2 0.9795673076923077 0.26322115384615385 0.036057692307692304 0.07451923076923077
2 0.9182692307692307 0.28125 0.15865384615384615 0.5528846153846154
2 0.26322115384615385 0.5012019230769231 0.5168269230769231 0.9927884615384616
3 0.8052884615384616 0.5024038461538461 0.08173076923076923 0.4182692307692308