2 0.22235576923076922 0.7512019230769231 0.15865384615384615 0.2403846153846154
2 0.3798076923076923 0.47836538461538464 0.19230769230769232 0.2548076923076923
2 0.49278846153846156 0.18870192307692307 0.20432692307692307 0.2620192307692308
2 0.49278846153846156 0.43149038461538464 0.036057692307692304 0.21153846153846154
2 0.5997596153846154 0.4795673076923077 0.1875 0.2668269230769231
2 0.3894230769230769 0.8137019230769231 0.19951923076923078 0.25
2 0.5865384615384616 0.8197115384615384 0.1971153846153846 0.27884615384615385
2 0.7331730769230769 0.7379807692307693 0.10576923076923077 0.25721153846153844
3 0.23076923076923078 0.6021634615384616 0.16826923076923078 0.10096153846153846
3 0.38221153846153844 0.32211538461538464 0.1778846153846154 0.07692307692307693
3 0.5048076923076923 0.28725961538461536 0.17307692307692307 0.07692307692307693
3 0.4891826923076923 0.036057692307692304 0.1875 0.07211538461538461
3 0.5997596153846154 0.3269230769230769 0.16826923076923078 0.07692307692307693
3 0.46875 0.5805288461538461 0.11057692307692307 0.07692307692307693
3 0.5805288461538461 0.6646634615384616 0.19230769230769232 0.10096153846153846
3 0.37740384615384615 0.6490384615384616 0.1971153846153846 0.11538461538461539
3 0.7115384615384616 0.5865384615384616 0.14182692307692307 0.0985576923076923
3 0.6358173076923077 0.5180288461538461 0.15144230769230768 0.07692307692307693
3 0.4483173076923077 0.47596153846153844 0.1346153846153846 0.07211538461538461