2 0.5 0.8713942307692307 0.5913461538461539 0.15144230769230768
2 0.53125 0.7644230769230769 0.5817307692307693 0.16826923076923078
2 0.5757211538461539 0.6382211538461539 0.5913461538461539 0.17307692307692307
2 0.6129807692307693 0.4891826923076923 0.5865384615384616 0.1875
2 0.5817307692307693 0.32211538461538464 0.5865384615384616 0.19230769230769232
2 0.5372596153846154 0.20192307692307693 0.5865384615384616 0.1466346153846154
2 0.5048076923076923 0.11538461538461539 0.5913461538461539 0.14182692307692307
2 0.24879807692307693 0.34615384615384615 0.08173076923076923 0.0625
2 0.375 0.4110576923076923 0.2620192307692308 0.08413461538461539
2 0.36177884615384615 0.5805288461538461 0.23557692307692307 0.08413461538461539
2 0.2668269230769231 0.5288461538461539 0.125 0.07211538461538461
2 0.3269230769230769 0.6995192307692307 0.23557692307692307 0.07692307692307693