2 0.4891826923076923 0.4735576923076923 0.5673076923076923 0.6298076923076923
2 0.9350961538461539 0.6923076923076923 0.1201923076923077 0.2091346153846154
2 0.8509615384615384 0.7019230769230769 0.07211538461538461 0.21875
2 0.7908653846153846 0.6983173076923077 0.07692307692307693 0.18990384615384615
2 0.5180288461538461 0.9495192307692307 0.07692307692307693 0.07692307692307693
2 0.5853365384615384 0.9639423076923077 0.0985576923076923 0.0673076923076923
2 0.671875 0.9735576923076923 0.07451923076923077 0.04807692307692308
2 0.7367788461538461 0.9795673076923077 0.07451923076923077 0.036057692307692304
2 0.71875 0.9182692307692307 0.5528846153846154 0.15865384615384615
2 0.4987980769230769 0.2620192307692308 0.9927884615384616 0.5192307692307693
3 0.49759615384615385 0.8052884615384616 0.4182692307692308 0.08173076923076923