2 0.5 0.1622596153846154 0.24519230769230768 0.1466346153846154
2 0.40865384615384615 0.2956730769230769 0.25721153846153844 0.16346153846153846
2 0.36899038461538464 0.5084134615384616 0.40865384615384615 0.3076923076923077
2 0.43509615384615385 0.6694711538461539 0.27403846153846156 0.27163461538461536
2 0.5132211538461539 0.8401442307692307 0.2548076923076923 0.15865384615384615
3 0.3485576923076923 0.7331730769230769 0.27884615384615385 0.15144230769230768
3 0.609375 0.6598557692307693 0.1346153846153846 0.2620192307692308
3 0.6778846153846154 0.5084134615384616 0.11057692307692307 0.23557692307692307
3 0.609375 0.36177884615384615 0.1346153846153846 0.2620192307692308
3 0.6670673076923077 0.22235576923076922 0.09615384615384616 0.25
3 0.6778846153846154 0.7956730769230769 0.10096153846153846 0.2403846153846154