3 0.984375 0.9507211538461539 0.026442307692307692 0.09375
3 0.9891826923076923 0.036057692307692304 0.016826923076923076 0.0673076923076923
3 0.5949519230769231 0.49759615384615385 0.14423076923076922 0.057692307692307696
3 0.6370192307692307 0.4495192307692308 0.15144230769230768 0.0625
3 0.6983173076923077 0.32211538461538464 0.04807692307692308 0.09134615384615384
3 0.7223557692307693 0.38461538461538464 0.057692307692307696 0.10096153846153846
3 0.9579326923076923 0.09014423076923077 0.04326923076923077 0.1346153846153846
3 0.9831730769230769 0.15865384615384615 0.028846153846153848 0.10576923076923077
3 0.9771634615384616 0.8401442307692307 0.040865384615384616 0.0889423076923077
3 0.984375 0.7764423076923077 0.026442307692307692 0.052884615384615384
3 0.9831730769230769 0.6983173076923077 0.028846153846153848 0.12259615384615384
3 0.953125 0.6526442307692307 0.052884615384615384 0.038461538461538464
3 0.9543269230769231 0.5733173076923077 0.04807692307692308 0.1201923076923077
3 0.9879807692307693 0.5709134615384616 0.019230769230769232 0.09375
3 0.9651442307692307 0.4699519230769231 0.06490384615384616 0.09375
3 0.9651442307692307 0.3942307692307692 0.06490384615384616 0.21153846153846154
3 0.9459134615384616 0.28846153846153844 0.04567307692307692 0.07932692307692307
3 0.9122596153846154 0.265625 0.057692307692307696 0.07932692307692307
3 0.9338942307692307 0.20673076923076922 0.06971153846153846 0.09615384615384616
3 0.8882211538461539 0.1045673076923077 0.057692307692307696 0.1201923076923077
3 0.9158653846153846 0.07091346153846154 0.028846153846153848 0.1201923076923077
3 0.8846153846153846 0.03365384615384615 0.028846153846153848 0.057692307692307696
3 0.9122596153846154 0.53125 0.04326923076923077 0.21634615384615385
3 0.8858173076923077 0.5168269230769231 0.04567307692307692 0.22115384615384615
3 0.10576923076923077 0.05048076923076923 0.057692307692307696 0.09134615384615384
3 0.11778846153846154 0.8052884615384616 0.06009615384615385 0.08413461538461539
3 0.14423076923076922 0.6418269230769231 0.0625 0.08653846153846154
3 0.1875 0.04567307692307692 0.06009615384615385 0.07932692307692307
3 0.10216346153846154 0.203125 0.04807692307692308 0.1466346153846154
3 0.13822115384615385 0.24519230769230768 0.052884615384615384 0.14182692307692307
3 0.22115384615384615 0.09014423076923077 0.09134615384615384 0.0673076923076923
3 0.18028846153846154 0.1466346153846154 0.08653846153846154 0.07932692307692307
3 0.21033653846153846 0.16706730769230768 0.08413461538461539 0.08653846153846154
3 0.17067307692307693 0.25961538461538464 0.038461538461538464 0.1466346153846154
3 0.21033653846153846 0.24278846153846154 0.04326923076923077 0.1346153846153846
3 0.24519230769230768 0.265625 0.04807692307692308 0.25
3 0.20673076923076922 0.3389423076923077 0.15384615384615385 0.11298076923076923
3 0.09254807692307693 0.3894230769230769 0.06009615384615385 0.11298076923076923
3 0.08774038461538461 0.30528846153846156 0.03365384615384615 0.0673076923076923
3 0.0985576923076923 0.5144230769230769 0.0625 0.11298076923076923
3 0.13701923076923078 0.5288461538461539 0.11057692307692307 0.1971153846153846
3 0.14903846153846154 0.4855769230769231 0.10096153846153846 0.21634615384615385
3 0.18990384615384615 0.5108173076923077 0.07692307692307693 0.2091346153846154
3 0.20192307692307693 0.49158653846153844 0.12259615384615384 0.18028846153846154
3 0.21394230769230768 0.4519230769230769 0.06971153846153846 0.125
3 0.23317307692307693 0.4266826923076923 0.0673076923076923 0.14182692307692307
3 0.40024038461538464 0.18870192307692307 0.0625 0.23076923076923078
3 0.4206730769230769 0.4519230769230769 0.04807692307692308 0.07932692307692307
3 0.36658653846153844 0.44350961538461536 0.06009615384615385 0.08653846153846154
3 0.4170673076923077 0.6550480769230769 0.04807692307692308 0.09134615384615384
3 0.3329326923076923 0.8076923076923077 0.04326923076923077 0.0673076923076923
3 0.546875 0.7199519230769231 0.0625 0.08653846153846154
3 0.5925480769230769 0.8701923076923077 0.057692307692307696 0.09134615384615384
3 0.7668269230769231 0.7548076923076923 0.052884615384615384 0.07451923076923077
3 0.7139423076923077 0.6322115384615384 0.10096153846153846 0.16826923076923078
3 0.2980769230769231 0.9338942307692307 0.1778846153846154 0.12740384615384615
3 0.2668269230769231 0.8930288461538461 0.04326923076923077 0.057692307692307696
3 0.22115384615384615 0.9098557692307693 0.04807692307692308 0.09134615384615384
3 0.3245192307692308 0.7067307692307693 0.09615384615384616 0.09134615384615384
3 0.8401442307692307 0.9014423076923077 0.09615384615384616 0.1875
3 0.8161057692307693 0.8762019230769231 0.08173076923076923 0.21634615384615385
3 0.7752403846153846 0.8725961538461539 0.06971153846153846 0.24278846153846154
3 0.7896634615384616 0.6189903846153846 0.0985576923076923 0.17548076923076922
3 0.7475961538461539 0.5 0.09134615384615384 0.1971153846153846
3 0.71875 0.19471153846153846 0.06971153846153846 0.07211538461538461
3 0.7295673076923077 0.28846153846153844 0.13942307692307693 0.15865384615384615
3 0.6826923076923077 0.06490384615384616 0.06009615384615385 0.08653846153846154
3 0.7223557692307693 0.04807692307692308 0.04326923076923077 0.08653846153846154
3 0.8317307692307693 0.328125 0.0625 0.1346153846153846
3 0.8317307692307693 0.47115384615384615 0.07692307692307693 0.07211538461538461
3 0.8737980769230769 0.6526442307692307 0.0625 0.21875
3 0.9002403846153846 0.9146634615384616 0.06009615384615385 0.07932692307692307
3 0.6081730769230769 0.15865384615384615 0.08173076923076923 0.09134615384615384
3 0.5997596153846154 0.27403846153846156 0.04807692307692308 0.08653846153846154
3 0.6177884615384616 0.33052884615384615 0.0625 0.07211538461538461
3 0.5829326923076923 0.3557692307692308 0.06971153846153846 0.09134615384615384
3 0.5300480769230769 0.3473557692307692 0.04326923076923077 0.15384615384615385
3 0.546875 0.25721153846153844 0.09134615384615384 0.0625
3 0.5408653846153846 0.18870192307692307 0.057692307692307696 0.07211538461538461
3 0.5420673076923077 0.11057692307692307 0.04567307692307692 0.07211538461538461
3 0.4963942307692308 0.13221153846153846 0.052884615384615384 0.08653846153846154
3 0.5036057692307693 0.05048076923076923 0.06009615384615385 0.0673076923076923
3 0.4579326923076923 0.03365384615384615 0.06009615384615385 0.057692307692307696
3 0.5 0.31971153846153844 0.038461538461538464 0.07211538461538461
3 0.46875 0.43509615384615385 0.07211538461538461 0.10096153846153846
3 0.4735576923076923 0.5084134615384616 0.06971153846153846 0.10096153846153846
3 0.5408653846153846 0.6189903846153846 0.0625 0.10576923076923077
3 0.546875 0.8413461538461539 0.03365384615384615 0.125
3 0.6478365384615384 0.9146634615384616 0.08173076923076923 0.057692307692307696
3 0.640625 0.828125 0.07211538461538461 0.07211538461538461
3 0.6177884615384616 0.7451923076923077 0.04326923076923077 0.1466346153846154
3 0.6105769230769231 0.6237980769230769 0.04807692307692308 0.08653846153846154
3 0.6634615384615384 0.5564903846153846 0.07692307692307693 0.10576923076923077
3 0.3112980769230769 0.9699519230769231 0.055288461538461536 0.055288461538461536
3 0.35216346153846156 0.9627403846153846 0.04567307692307692 0.07211538461538461
3 0.12139423076923077 0.9435096153846154 0.052884615384615384 0.09134615384615384
3 0.15264423076923078 0.9266826923076923 0.03125 0.09134615384615384
3 0.16346153846153846 0.8617788461538461 0.02403846153846154 0.07211538461538461
3 0.20192307692307693 0.8365384615384616 0.03125 0.1466346153846154
3 0.3389423076923077 0.2283653846153846 0.12259615384615384 0.2091346153846154
3 0.32572115384615385 0.20072115384615385 0.16105769230769232 0.1201923076923077
3 0.3401442307692308 0.15504807692307693 0.125 0.09615384615384616
3 0.3293269230769231 0.09014423076923077 0.125 0.125
3 0.3701923076923077 0.042067307692307696 0.06009615384615385 0.07211538461538461
3 0.3233173076923077 0.3581730769230769 0.04807692307692308 0.1201923076923077
3 0.2824519230769231 0.4519230769230769 0.04567307692307692 0.22596153846153846
3 0.26802884615384615 0.5877403846153846 0.11538461538461539 0.22596153846153846
3 0.23317307692307693 0.6189903846153846 0.08173076923076923 0.1201923076923077
3 0.4651442307692308 0.8052884615384616 0.08653846153846154 0.07211538461538461
3 0.47716346153846156 0.7572115384615384 0.057692307692307696 0.0673076923076923
3 0.453125 0.7067307692307693 0.06971153846153846 0.18028846153846154
3 0.5588942307692307 0.9819711538461539 0.15625 0.03125
3 0.41466346153846156 0.9699519230769231 0.04567307692307692 0.055288461538461536
3 0.46634615384615385 0.9182692307692307 0.04807692307692308 0.07211538461538461
3 0.7127403846153846 0.8629807692307693 0.05048076923076923 0.2692307692307692
3 0.5324519230769231 0.5 0.9350961538461539 0.9951923076923077