3 0.6514423076923077 0.20072115384615385 0.32211538461538464 0.38461538461538464
3 0.4723557692307692 0.203125 0.25240384615384615 0.3894230769230769
3 0.31971153846153844 0.20552884615384615 0.16346153846153846 0.3701923076923077
3 0.23317307692307693 0.4495192307692308 0.27884615384615385 0.3557692307692308
3 0.1935096153846154 0.18870192307692307 0.32211538461538464 0.3605769230769231
3 0.25240384615384615 0.7944711538461539 0.3557692307692308 0.35096153846153844
3 0.11177884615384616 0.7992788461538461 0.1875 0.34375
3 0.8485576923076923 0.6802884615384616 0.27403846153846156 0.38461538461538464
3 0.7127403846153846 0.49158653846153844 0.32211538461538464 0.2548076923076923
3 0.49278846153846156 0.5048076923076923 0.18269230769230768 0.2283653846153846
3 0.3485576923076923 0.5060096153846154 0.11538461538461539 0.23317307692307693
3 0.65625 0.8028846153846154 0.28365384615384615 0.37740384615384615
3 0.4579326923076923 0.8088942307692307 0.1875 0.3798076923076923
3 0.3269230769230769 0.8076923076923077 0.16826923076923078 0.3701923076923077