3 0.7271634615384616 0.5216346153846154 0.19230769230769232 0.12980769230769232
3 0.7319711538461539 0.2692307692307692 0.19230769230769232 0.11538461538461539
3 0.42908653846153844 0.3954326923076923 0.19230769230769232 0.11538461538461539
3 0.13942307692307693 0.4651442307692308 0.1875 0.125
3 0.13581730769230768 0.7163461538461539 0.19230769230769232 0.11057692307692307
3 0.43149038461538464 0.6105769230769231 0.1971153846153846 0.11778846153846154
3 0.7367788461538461 0.7992788461538461 0.19230769230769232 0.3701923076923077
3 0.4338942307692308 0.8245192307692307 0.20192307692307693 0.3173076923076923
3 0.13942307692307693 0.8028846153846154 0.1875 0.3605769230769231
3 0.13581730769230768 0.18870192307692307 0.19230769230769232 0.3605769230769231
3 0.43149038461538464 0.1935096153846154 0.1971153846153846 0.3701923076923077
3 0.7319711538461539 0.19110576923076922 0.19230769230769232 0.36538461538461536