3 0.47836538461538464 0.17067307692307693 0.75 0.22596153846153846
3 0.21634615384615385 0.21875 0.22355769230769232 0.11057692307692307
3 0.20192307692307693 0.38341346153846156 0.28365384615384615 0.18509615384615385
3 0.5925480769230769 0.40024038461538464 0.5841346153846154 0.22596153846153846
3 0.28725961538461536 0.26322115384615385 0.038461538461538464 0.07692307692307693
3 0.18629807692307693 0.5252403846153846 0.21875 0.1778846153846154
3 0.6177884615384616 0.6442307692307693 0.5913461538461539 0.24759615384615385
3 0.21033653846153846 0.6923076923076923 0.23557692307692307 0.14182692307692307
3 0.5841346153846154 0.5180288461538461 0.5480769230769231 0.02403846153846154
3 0.5600961538461539 0.8377403846153846 0.5528846153846154 0.19230769230769232
3 0.20192307692307693 0.7487980769230769 0.21875 0.09615384615384616