3 0.6983173076923077 0.16826923076923078 0.34615384615384615 0.10576923076923077
3 0.4639423076923077 0.2608173076923077 0.36538461538461536 0.22115384615384615
3 0.7776442307692307 0.25721153846153844 0.2620192307692308 0.07692307692307693
3 0.8689903846153846 0.35216346153846156 0.15384615384615385 0.11778846153846154
3 0.6586538461538461 0.36177884615384615 0.3293269230769231 0.14903846153846154
3 0.4699519230769231 0.4495192307692308 0.47596153846153844 0.17548076923076922
3 0.6370192307692307 0.4963942307692308 0.12980769230769232 0.09615384615384616
3 0.7992788461538461 0.45913461538461536 0.20673076923076922 0.10576923076923077
3 0.8016826923076923 0.5901442307692307 0.25 0.1875
3 0.5673076923076923 0.5745192307692307 0.27884615384615385 0.11538461538461539
3 0.3870192307692308 0.5793269230769231 0.10336538461538461 0.09134615384615384
3 0.23798076923076922 0.5793269230769231 0.22115384615384615 0.10576923076923077
3 0.3786057692307692 0.6682692307692307 0.17067307692307693 0.11057692307692307
3 0.5733173076923077 0.6826923076923077 0.20673076923076922 0.08173076923076923
3 0.7043269230769231 0.7487980769230769 0.3701923076923077 0.125