3 0.32572115384615385 0.8004807692307693 0.37740384615384615 0.1875
3 0.5685096153846154 0.7223557692307693 0.5793269230769231 0.28846153846153844
3 0.1935096153846154 0.5961538461538461 0.2692307692307692 0.20432692307692307
3 0.4831730769230769 0.5204326923076923 0.40865384615384615 0.11538461538461539
3 0.5192307692307693 0.36778846153846156 0.35096153846153844 0.14423076923076922
3 0.28725961538461536 0.4651442307692308 0.16826923076923078 0.06490384615384616
3 0.33653846153846156 0.38221153846153844 0.23557692307692307 0.11057692307692307
3 0.28966346153846156 0.296875 0.16346153846153846 0.0625
3 0.765625 0.2127403846153846 0.16346153846153846 0.08413461538461539
3 0.6069711538461539 0.21514423076923078 0.1971153846153846 0.10096153846153846
3 0.4266826923076923 0.22235576923076922 0.23076923076923078 0.125
3 0.33052884615384615 0.20192307692307693 0.3004807692307692 0.11298076923076923