3 0.22956730769230768 0.20793269230769232 0.39903846153846156 0.40384615384615385
3 0.078125 0.2920673076923077 0.15144230769230768 0.5721153846153846
3 0.6225961538461539 0.11057692307692307 0.41586538461538464 0.21153846153846154
3 0.4266826923076923 0.39783653846153844 0.29086538461538464 0.46634615384615385
3 0.19230769230769232 0.5817307692307693 0.2620192307692308 0.34615384615384615
3 0.05048076923076923 0.7043269230769231 0.09615384615384616 0.2620192307692308
3 0.7415865384615384 0.25721153846153844 0.35336538461538464 0.5024038461538461
3 0.9555288461538461 0.17668269230769232 0.08413461538461539 0.34375
3 0.8209134615384616 0.49399038461538464 0.27403846153846156 0.3701923076923077
3 0.5733173076923077 0.6286057692307693 0.23557692307692307 0.2860576923076923
3 0.36177884615384615 0.7451923076923077 0.2091346153846154 0.25
3 0.16947115384615385 0.8305288461538461 0.1971153846153846 0.1875
3 0.05048076923076923 0.9122596153846154 0.09615384615384616 0.15384615384615385
3 0.8689903846153846 0.6754807692307693 0.22115384615384615 0.25240384615384615
3 0.6598557692307693 0.7391826923076923 0.1971153846153846 0.2644230769230769
3 0.47115384615384615 0.8365384615384616 0.17307692307692307 0.22115384615384615
3 0.3004807692307692 0.9254807692307693 0.15865384615384615 0.14423076923076922
3 0.14783653846153846 0.9543269230769231 0.1466346153846154 0.08653846153846154