3 0.5192307692307693 0.8341346153846154 0.21875 0.12740384615384615
3 0.7728365384615384 0.8557692307692307 0.20192307692307693 0.16346153846153846
3 0.6778846153846154 0.765625 0.20673076923076922 0.15625
3 0.8004807692307693 0.6850961538461539 0.21153846153846154 0.14903846153846154
3 0.6334134615384616 0.6069711538461539 0.28365384615384615 0.13942307692307693
3 0.5132211538461539 0.6694711538461539 0.1875 0.12980769230769232
3 0.24879807692307693 0.41586538461538464 0.3317307692307692 0.17067307692307693
3 0.48677884615384615 0.5 0.3076923076923077 0.14903846153846154
3 0.7572115384615384 0.47475961538461536 0.3125 0.14903846153846154
3 0.40384615384615385 0.22716346153846154 0.35096153846153844 0.15625
3 0.6502403846153846 0.33774038461538464 0.3389423076923077 0.12980769230769232
3 0.4338942307692308 0.35096153846153844 0.14903846153846154 0.10576923076923077
3 0.7572115384615384 0.20192307692307693 0.36538461538461536 0.15625
3 0.6418269230769231 0.1310096153846154 0.3317307692307692 0.11057692307692307
3 0.7920673076923077 0.4387019230769231 0.07692307692307693 0.0625
3 0.6201923076923077 0.17307692307692307 0.04807692307692308 0.07692307692307693
3 0.5 0.14182692307692307 0.04807692307692308 0.04326923076923077