3 0.9302884615384616 0.7079326923076923 0.125 0.37259615384615385
3 0.8088942307692307 0.7824519230769231 0.125 0.3581730769230769
3 0.8701923076923077 0.8401442307692307 0.0625 0.23317307692307693
3 0.7644230769230769 0.5625 0.19951923076923078 0.5216346153846154
3 0.6682692307692307 0.6538461538461539 0.125 0.3894230769230769
3 0.5685096153846154 0.5757211538461539 0.16826923076923078 0.5480769230769231
3 0.515625 0.45552884615384615 0.2403846153846154 0.7980769230769231
3 0.5060096153846154 0.7920673076923077 0.08173076923076923 0.20192307692307693
3 0.5552884615384616 0.8209134615384616 0.06009615384615385 0.14423076923076922
3 0.4014423076923077 0.7487980769230769 0.10096153846153846 0.2644230769230769
3 0.36177884615384615 0.5372596153846154 0.11778846153846154 0.5216346153846154
3 0.27163461538461536 0.7103365384615384 0.11538461538461539 0.3269230769230769
3 0.125 0.6790865384615384 0.14903846153846154 0.4014423076923077
3 0.19951923076923078 0.4807692307692308 0.21634615384615385 0.5961538461538461