3 0.32211538461538464 0.8762019230769231 0.34615384615384615 0.2403846153846154
3 0.6670673076923077 0.8413461538461539 0.33653846153846156 0.24759615384615385
3 0.8725961538461539 0.9423076923076923 0.25 0.11057692307692307
3 0.9134615384615384 0.6370192307692307 0.16826923076923078 0.25
3 0.9699519230769231 0.8425480769230769 0.055288461538461536 0.17067307692307693
3 0.8149038461538461 0.7283653846153846 0.27884615384615385 0.20432692307692307
3 0.6009615384615384 0.7163461538461539 0.19230769230769232 0.08173076923076923
3 0.10576923076923077 0.8858173076923077 0.20192307692307693 0.22115384615384615
3 0.12620192307692307 0.671875 0.24278846153846154 0.21634615384615385
3 0.07932692307692307 0.5673076923076923 0.14903846153846154 0.2620192307692308
3 0.3293269230769231 0.5901442307692307 0.3293269230769231 0.2548076923076923
3 0.3713942307692308 0.7584134615384616 0.2692307692307692 0.15865384615384615
3 0.6286057692307693 0.96875 0.2692307692307692 0.055288461538461536
3 0.6730769230769231 0.5612980769230769 0.3245192307692308 0.25
3 0.30408653846153844 0.46875 0.3076923076923077 0.20432692307692307
3 0.14423076923076922 0.2920673076923077 0.27884615384615385 0.23557692307692307
3 0.46875 0.31850961538461536 0.3293269230769231 0.25961538461538464
3 0.5793269230769231 0.3762019230769231 0.25240384615384615 0.22115384615384615
3 0.8882211538461539 0.35697115384615385 0.21875 0.25721153846153844
3 0.8353365384615384 0.5132211538461539 0.27884615384615385 0.16346153846153846
3 0.8269230769230769 0.24759615384615385 0.2932692307692308 0.21634615384615385
3 0.6694711538461539 0.08774038461538461 0.29086538461538464 0.17548076923076922
3 0.4098557692307692 0.15985576923076922 0.31490384615384615 0.1971153846153846
3 0.15264423076923078 0.08533653846153846 0.2932692307692308 0.16826923076923078
3 0.9675480769230769 0.14783653846153846 0.06009615384615385 0.2091346153846154