3 0.7620192307692307 0.11057692307692307 0.23076923076923078 0.03365384615384615
3 0.7199519230769231 0.14783653846153846 0.27403846153846156 0.0625
3 0.6983173076923077 0.18028846153846154 0.30288461538461536 0.057692307692307696
3 0.7127403846153846 0.24639423076923078 0.24519230769230768 0.0625
3 0.8629807692307693 0.21754807692307693 0.04326923076923077 0.0673076923076923
3 0.6225961538461539 0.21754807692307693 0.3942307692307692 0.055288461538461536
3 0.4675480769230769 0.2848557692307692 0.3894230769230769 0.1201923076923077
3 0.5108173076923077 0.2620192307692308 0.21634615384615385 0.04326923076923077
3 0.6622596153846154 0.33052884615384615 0.375 0.11057692307692307
3 0.7235576923076923 0.40865384615384615 0.2091346153846154 0.028846153846153848
3 0.47836538461538464 0.45552884615384615 0.6682692307692307 0.18990384615384615
3 0.7415865384615384 0.5168269230769231 0.15865384615384615 0.04807692307692308
3 0.8485576923076923 0.4543269230769231 0.04326923076923077 0.04807692307692308
3 0.2800480769230769 0.5877403846153846 0.44711538461538464 0.10576923076923077
3 0.6478365384615384 0.5973557692307693 0.375 0.10096153846153846
3 0.8701923076923077 0.6766826923076923 0.04326923076923077 0.10576923076923077
3 0.5865384615384616 0.6983173076923077 0.4519230769230769 0.10096153846153846
3 0.7235576923076923 0.71875 0.19471153846153846 0.055288461538461536
3 0.6694711538461539 0.78125 0.3173076923076923 0.1201923076923077
3 0.7692307692307693 0.8377403846153846 0.14423076923076922 0.04567307692307692
3 0.6334134615384616 0.8641826923076923 0.3894230769230769 0.04807692307692308
3 0.7307692307692307 0.9026442307692307 0.2091346153846154 0.026442307692307692