3 0.8954326923076923 0.6754807692307693 0.1971153846153846 0.27163461538461536
3 0.8004807692307693 0.6754807692307693 0.34134615384615385 0.6153846153846154
3 0.6670673076923077 0.6334134615384616 0.15865384615384615 0.3004807692307692
3 0.6514423076923077 0.4026442307692308 0.2980769230769231 0.2283653846153846
3 0.765625 0.2283653846153846 0.27884615384615385 0.3317307692307692
3 0.515625 0.18389423076923078 0.25 0.3317307692307692
3 0.3112980769230769 0.75 0.2668269230769231 0.39903846153846156
3 0.4639423076923077 0.6057692307692307 0.23798076923076922 0.34615384615384615
3 0.40024038461538464 0.578125 0.35096153846153844 0.7115384615384616
3 0.20673076923076922 0.5697115384615384 0.41346153846153844 0.7716346153846154
3 0.19951923076923078 0.4170673076923077 0.37740384615384615 0.23317307692307693
3 0.20072115384615385 0.20552884615384615 0.21634615384615385 0.2548076923076923