3 0.8125 0.7199519230769231 0.25 0.5552884615384616
3 0.5600961538461539 0.703125 0.2692307692307692 0.5913461538461539
3 0.2824519230769231 0.6670673076923077 0.3245192307692308 0.6634615384615384
3 0.06370192307692307 0.9387019230769231 0.12740384615384615 0.11778846153846154
3 0.9050480769230769 0.2608173076923077 0.14903846153846154 0.3870192307692308
3 0.7992788461538461 0.15745192307692307 0.2548076923076923 0.30288461538461536
3 0.5949519230769231 0.056490384615384616 0.2548076923076923 0.10336538461538461
3 0.6201923076923077 0.28846153846153844 0.22115384615384615 0.3605769230769231
3 0.4266826923076923 0.1778846153846154 0.24278846153846154 0.34615384615384615
3 0.1935096153846154 0.07932692307692307 0.2932692307692308 0.14903846153846154
3 0.10697115384615384 0.18389423076923078 0.21394230769230768 0.3629807692307692
3 0.05048076923076923 0.43509615384615385 0.10096153846153846 0.19230769230769232
3 0.13701923076923078 0.48677884615384615 0.10576923076923077 0.2932692307692308