3 0.12740384615384615 0.7103365384615384 0.09615384615384616 0.12980769230769232
3 0.23798076923076922 0.7211538461538461 0.09134615384615384 0.1201923076923077
3 0.20192307692307693 0.5733173076923077 0.07692307692307693 0.15384615384615385
3 0.34375 0.35216346153846156 0.28846153846153844 0.20192307692307693
3 0.8112980769230769 0.40384615384615385 0.1875 0.40384615384615385
3 0.8257211538461539 0.6117788461538461 0.09615384615384616 0.1201923076923077
3 0.84375 0.4831730769230769 0.06490384615384616 0.10336538461538461
3 0.6838942307692307 0.5901442307692307 0.09615384615384616 0.12980769230769232
3 0.6766826923076923 0.671875 0.04326923076923077 0.12980769230769232
3 0.5913461538461539 0.6862980769230769 0.09134615384615384 0.14903846153846154
3 0.8076923076923077 0.33052884615384615 0.2403846153846154 0.17067307692307693
3 0.33653846153846156 0.7536057692307693 0.08413461538461539 0.07692307692307693
3 0.34134615384615385 0.6334134615384616 0.09615384615384616 0.12980769230769232
3 0.2764423076923077 0.6033653846153846 0.08653846153846154 0.11538461538461539
3 0.45072115384615385 0.6694711538461539 0.07211538461538461 0.10336538461538461
3 0.4050480769230769 0.6887019230769231 0.0673076923076923 0.0985576923076923
3 0.5637019230769231 0.3137019230769231 0.11057692307692307 0.18028846153846154
3 0.5504807692307693 0.3798076923076923 0.1346153846153846 0.19230769230769232
3 0.44350961538461536 0.49759615384615385 0.06490384615384616 0.0985576923076923
3 0.4014423076923077 0.5769230769230769 0.27403846153846156 0.19230769230769232
3 0.36899038461538464 0.4639423076923077 0.0673076923076923 0.1201923076923077
3 0.296875 0.4699519230769231 0.0673076923076923 0.08653846153846154
3 0.5168269230769231 0.4639423076923077 0.18269230769230768 0.27403846153846156
3 0.578125 0.4338942307692308 0.07211538461538461 0.09134615384615384
3 0.7223557692307693 0.45913461538461536 0.0985576923076923 0.14182692307692307
3 0.71875 0.27884615384615385 0.14903846153846154 0.15384615384615385
3 0.6730769230769231 0.3605769230769231 0.057692307692307696 0.08653846153846154
3 0.6165865384615384 0.39302884615384615 0.0625 0.0985576923076923