3 0.7199519230769231 0.18990384615384615 0.5552884615384616 0.25
3 0.703125 0.43990384615384615 0.5913461538461539 0.2692307692307692
3 0.6670673076923077 0.7175480769230769 0.6634615384615384 0.3245192307692308
3 0.9375 0.9375 0.1201923076923077 0.125
3 0.2608173076923077 0.09495192307692307 0.3870192307692308 0.14903846153846154
3 0.15745192307692307 0.20072115384615385 0.30288461538461536 0.2548076923076923
3 0.056490384615384616 0.4050480769230769 0.10336538461538461 0.2548076923076923
3 0.28846153846153844 0.3798076923076923 0.3605769230769231 0.22115384615384615
3 0.1778846153846154 0.5733173076923077 0.34615384615384615 0.24278846153846154
3 0.07932692307692307 0.8064903846153846 0.14903846153846154 0.2932692307692308
3 0.18269230769230768 0.8918269230769231 0.36538461538461536 0.21153846153846154
3 0.43509615384615385 0.9483173076923077 0.19230769230769232 0.0985576923076923
3 0.48677884615384615 0.8629807692307693 0.2932692307692308 0.10576923076923077