3 0.24278846153846154 0.8497596153846154 0.23557692307692307 0.1346153846153846
3 0.16105769230769232 0.47475961538461536 0.22355769230769232 0.12980769230769232
3 0.2920673076923077 0.43990384615384615 0.15865384615384615 0.1346153846153846
3 0.1201923076923077 0.21153846153846154 0.20673076923076922 0.12740384615384615
3 0.16706730769230768 0.052884615384615384 0.23557692307692307 0.09615384615384616
3 0.43149038461538464 0.6706730769230769 0.21875 0.16826923076923078
3 0.7487980769230769 0.9074519230769231 0.16346153846153846 0.14903846153846154
3 0.6141826923076923 0.9735576923076923 0.16105769230769232 0.04807692307692308
3 0.5072115384615384 0.9459134615384616 0.18269230769230768 0.10336538461538461
3 0.7992788461538461 0.32091346153846156 0.39663461538461536 0.31009615384615385
3 0.9170673076923077 0.6622596153846154 0.16105769230769232 0.38221153846153844
3 0.609375 0.3858173076923077 0.5096153846153846 0.7644230769230769