3 0.8040865384615384 0.7211538461538461 0.3798076923076923 0.2668269230769231
3 0.7331730769230769 0.9338942307692307 0.5216346153846154 0.125
3 0.7223557692307693 0.7572115384615384 0.44711538461538464 0.23557692307692307
3 0.7776442307692307 0.5324519230769231 0.43509615384615385 0.21875
3 0.8125 0.359375 0.36538461538461536 0.25961538461538464
3 0.7824519230769231 0.10817307692307693 0.4230769230769231 0.21634615384615385
3 0.75 0.33052884615384615 0.49038461538461536 0.23076923076923078
3 0.5108173076923077 0.5949519230769231 0.20673076923076922 0.22596153846153846
3 0.4567307692307692 0.8052884615384616 0.15384615384615385 0.22115384615384615
3 0.41346153846153844 0.9567307692307693 0.12980769230769232 0.08173076923076923
3 0.3293269230769231 0.8701923076923077 0.1346153846153846 0.19230769230769232
3 0.2800480769230769 0.9711538461538461 0.1466346153846154 0.052884615384615384
3 0.17067307692307693 0.9338942307692307 0.11538461538461539 0.125
3 0.07932692307692307 0.9290865384615384 0.10336538461538461 0.1346153846153846
3 0.03245192307692308 0.8209134615384616 0.06490384615384616 0.16105769230769232
3 0.24759615384615385 0.47836538461538464 0.1778846153846154 0.17548076923076922
3 0.19831730769230768 0.6490384615384616 0.16826923076923078 0.1466346153846154
3 0.24158653846153846 0.8052884615384616 0.1466346153846154 0.17307692307692307
3 0.23918269230769232 0.30288461538461536 0.16346153846153846 0.18269230769230768
3 0.2824519230769231 0.1310096153846154 0.14182692307692307 0.1971153846153846
3 0.33653846153846156 0.29927884615384615 0.12980769230769232 0.18269230769230768
3 0.44350961538461536 0.4795673076923077 0.2548076923076923 0.1875
3 0.37740384615384615 0.6766826923076923 0.20192307692307693 0.20192307692307693
3 0.5384615384615384 0.0733173076923077 0.18509615384615385 0.14423076923076922
3 0.4699519230769231 0.1045673076923077 0.2980769230769231 0.20673076923076922