3 0.1502403846153846 0.7572115384615384 0.1346153846153846 0.23557692307692307
3 0.5252403846153846 0.8389423076923077 0.12980769230769232 0.22355769230769232
3 0.5600961538461539 0.7079326923076923 0.1346153846153846 0.15865384615384615
3 0.7884615384615384 0.8798076923076923 0.12740384615384615 0.20673076923076922
3 0.9471153846153846 0.8329326923076923 0.09615384615384616 0.23557692307692307
3 0.3293269230769231 0.5685096153846154 0.16826923076923078 0.21875
3 0.09254807692307693 0.2512019230769231 0.14903846153846154 0.16346153846153846
3 0.025240384615384616 0.3858173076923077 0.05048076923076923 0.15865384615384615
3 0.052884615384615384 0.49399038461538464 0.10576923076923077 0.18028846153846154
3 0.6790865384615384 0.19951923076923078 0.3076923076923077 0.39903846153846156
3 0.3389423076923077 0.08173076923076923 0.3798076923076923 0.16346153846153846
3 0.6141826923076923 0.390625 0.7644230769230769 0.5096153846153846