3 0.20793269230769232 0.22956730769230768 0.40384615384615385 0.39903846153846156
3 0.2920673076923077 0.078125 0.5721153846153846 0.14903846153846154
3 0.11057692307692307 0.6225961538461539 0.21153846153846154 0.41346153846153844
3 0.39783653846153844 0.4266826923076923 0.46634615384615385 0.28846153846153844
3 0.5817307692307693 0.19230769230769232 0.34615384615384615 0.2620192307692308
3 0.7043269230769231 0.05048076923076923 0.2644230769230769 0.09615384615384616
3 0.25721153846153844 0.7415865384615384 0.5024038461538461 0.35336538461538464
3 0.17668269230769232 0.9555288461538461 0.34375 0.08413461538461539
3 0.49399038461538464 0.8209134615384616 0.3701923076923077 0.27403846153846156
3 0.6286057692307693 0.5733173076923077 0.2860576923076923 0.23557692307692307
3 0.7451923076923077 0.36177884615384615 0.25 0.20673076923076922
3 0.8305288461538461 0.16947115384615385 0.1875 0.1971153846153846
3 0.9122596153846154 0.05048076923076923 0.15384615384615385 0.09615384615384616
3 0.6754807692307693 0.8689903846153846 0.25 0.22115384615384615
3 0.7391826923076923 0.6598557692307693 0.2644230769230769 0.1971153846153846
3 0.8365384615384616 0.47115384615384615 0.22115384615384615 0.17307692307692307
3 0.9254807692307693 0.2980769230769231 0.14423076923076922 0.15865384615384615
3 0.9543269230769231 0.14543269230769232 0.08653846153846154 0.1466346153846154