3 0.10697115384615384 0.7764423076923077 0.1201923076923077 0.3173076923076923
3 0.23677884615384615 0.7788461538461539 0.125 0.3125
3 0.18028846153846154 0.4891826923076923 0.1201923076923077 0.3004807692307692
3 0.23798076923076922 0.1935096153846154 0.1201923076923077 0.29086538461538464
3 0.36899038461538464 0.18870192307692307 0.1201923076923077 0.27884615384615385
3 0.5036057692307693 0.19110576923076922 0.12740384615384615 0.2956730769230769
3 0.6346153846153846 0.19110576923076922 0.1201923076923077 0.2956730769230769
3 0.765625 0.1935096153846154 0.1201923076923077 0.29086538461538464
3 0.3125 0.4807692307692308 0.11778846153846154 0.2956730769230769
3 0.44350961538461536 0.4831730769230769 0.125 0.3004807692307692
3 0.578125 0.48677884615384615 0.11538461538461539 0.2956730769230769
3 0.7091346153846154 0.4831730769230769 0.11538461538461539 0.3004807692307692
3 0.8413461538461539 0.4807692307692308 0.11298076923076923 0.2956730769230769
3 0.36899038461538464 0.7872596153846154 0.1201923076923077 0.3076923076923077
3 0.5 0.7896634615384616 0.1201923076923077 0.3125
3 0.6322115384615384 0.7872596153846154 0.125 0.3076923076923077
3 0.7596153846153846 0.78125 0.125 0.3076923076923077
3 0.8894230769230769 0.7764423076923077 0.1201923076923077 0.3076923076923077