3 0.7475961538461539 0.9134615384615384 0.34615384615384615 0.16826923076923078
3 0.640625 0.7992788461538461 0.21875 0.11538461538461539
3 0.4170673076923077 0.9375 0.21875 0.0985576923076923
3 0.31009615384615385 0.7608173076923077 0.23557692307692307 0.09375
3 0.4326923076923077 0.7764423076923077 0.11538461538461539 0.1875
3 0.43509615384615385 0.6586538461538461 0.20192307692307693 0.1201923076923077
3 0.546875 0.5576923076923077 0.16346153846153846 0.0985576923076923
3 0.6742788461538461 0.6334134615384616 0.20673076923076922 0.11538461538461539
3 0.6009615384615384 0.7055288461538461 0.19230769230769232 0.1346153846153846
3 0.7836538461538461 0.7415865384615384 0.21153846153846154 0.125
3 0.8257211538461539 0.7163461538461539 0.14423076923076922 0.33653846153846156
3 0.9362980769230769 0.7283653846153846 0.12259615384615384 0.28365384615384615
3 0.7680288461538461 0.5264423076923077 0.2932692307692308 0.125
3 0.6021634615384616 0.46153846153846156 0.625 0.2644230769230769
3 0.5600961538461539 0.359375 0.6009615384615384 0.28846153846153844
3 0.375 0.3389423076923077 0.6875 0.375
3 0.35216346153846156 0.23677884615384615 0.6682692307692307 0.30288461538461536
3 0.35216346153846156 0.12740384615384615 0.6514423076923077 0.24519230769230768