3 0.6502403846153846 0.8197115384615384 0.6899038461538461 0.35336538461538464
3 0.2776442307692308 0.9002403846153846 0.08653846153846154 0.18990384615384615
3 0.5745192307692307 0.5576923076923077 0.7211538461538461 0.34615384615384615
3 0.6550480769230769 0.27163461538461536 0.6802884615384616 0.4182692307692308
3 0.48197115384615385 0.057692307692307696 0.43509615384615385 0.11538461538461539
3 0.15865384615384615 0.2283653846153846 0.3125 0.34615384615384615
3 0.19230769230769232 0.5120192307692307 0.08653846153846154 0.1971153846153846
3 0.1971153846153846 0.9182692307692307 0.07451923076923077 0.12980769230769232
3 0.13942307692307693 0.7487980769230769 0.27403846153846156 0.3485576923076923
0 0.9326923076923077 0.36538461538461536 0.125 0.2932692307692308
0 0.9074519230769231 0.06971153846153846 0.17548076923076922 0.13942307692307693
0 0.7427884615384616 0.036057692307692304 0.17548076923076922 0.07211538461538461