3 0.1814903846153846 0.6610576923076923 0.12740384615384615 0.2403846153846154
3 0.23076923076923078 0.46875 0.12740384615384615 0.23076923076923078
3 0.2704326923076923 0.25240384615384615 0.12980769230769232 0.23557692307692307
3 0.3112980769230769 0.07692307692307693 0.12740384615384615 0.14903846153846154
3 0.4254807692307692 0.24519230769230768 0.11778846153846154 0.21875
3 0.3737980769230769 0.46153846153846156 0.12259615384615384 0.21394230769230768
3 0.328125 0.6634615384615384 0.11538461538461539 0.22355769230769232
3 0.47115384615384615 0.6670673076923077 0.11778846153846154 0.20673076923076922
3 0.5252403846153846 0.46153846153846156 0.11778846153846154 0.22355769230769232
3 0.5841346153846154 0.25 0.11538461538461539 0.20673076923076922
3 0.49278846153846156 0.07211538461538461 0.12980769230769232 0.13942307692307693
3 0.6875 0.07692307692307693 0.125 0.14903846153846154
3 0.7536057692307693 0.25240384615384615 0.125 0.21394230769230768
3 0.6790865384615384 0.46153846153846156 0.11538461538461539 0.21394230769230768
3 0.8341346153846154 0.46153846153846156 0.125 0.22355769230769232
3 0.7572115384615384 0.6742788461538461 0.11778846153846154 0.21394230769230768
3 0.890625 0.6694711538461539 0.125 0.21394230769230768