3 0.5769230769230769 0.13341346153846154 0.16346153846153846 0.15865384615384615
3 0.7007211538461539 0.0829326923076923 0.16346153846153846 0.14903846153846154
3 0.8329326923076923 0.06009615384615385 0.19230769230769232 0.11057692307692307
3 0.8870192307692307 0.5757211538461539 0.18509615384615385 0.09134615384615384
3 0.9326923076923077 0.4495192307692308 0.125 0.08173076923076923
3 0.8581730769230769 0.43028846153846156 0.20192307692307693 0.10576923076923077
3 0.8629807692307693 0.796875 0.07692307692307693 0.10576923076923077
3 0.7319711538461539 0.796875 0.09134615384615384 0.09615384615384616
3 0.5901442307692307 0.796875 0.0673076923076923 0.08173076923076923
3 0.9387019230769231 0.7932692307692307 0.040865384615384616 0.11298076923076923
3 0.28125 0.6490384615384616 0.30288461538461536 0.17067307692307693
3 0.19110576923076922 0.7584134615384616 0.25721153846153844 0.15144230769230768
3 0.18870192307692307 0.5612980769230769 0.27403846153846156 0.07211538461538461
3 0.21153846153846154 0.25240384615384615 0.23557692307692307 0.1201923076923077
3 0.33774038461538464 0.3942307692307692 0.20192307692307693 0.16826923076923078
3 0.23197115384615385 0.3918269230769231 0.11298076923076923 0.10576923076923077
3 0.0625 0.3293269230769231 0.125 0.09134615384615384