3 0.5576923076923077 0.8485576923076923 0.1201923076923077 0.1875
3 0.6394230769230769 0.8461538461538461 0.08173076923076923 0.19230769230769232
3 0.6983173076923077 0.8461538461538461 0.07211538461538461 0.18269230769230768
3 0.7487980769230769 0.8461538461538461 0.07692307692307693 0.18269230769230768
3 0.8004807692307693 0.8425480769230769 0.07211538461538461 0.18269230769230768
3 0.8533653846153846 0.5865384615384616 0.14182692307692307 0.1971153846153846
3 0.8401442307692307 0.7247596153846154 0.125 0.15144230769230768
3 0.5865384615384616 0.6490384615384616 0.11538461538461539 0.1778846153846154
3 0.6670673076923077 0.6490384615384616 0.07211538461538461 0.16826923076923078
3 0.7175480769230769 0.6538461538461539 0.0673076923076923 0.1778846153846154
3 0.7644230769230769 0.6490384615384616 0.07211538461538461 0.16826923076923078
3 0.5625 0.40865384615384615 0.1201923076923077 0.1875
3 0.6418269230769231 0.40625 0.07692307692307693 0.18269230769230768
3 0.6983173076923077 0.40384615384615385 0.08173076923076923 0.1778846153846154
3 0.7487980769230769 0.40024038461538464 0.0673076923076923 0.1875
3 0.8016826923076923 0.40024038461538464 0.0673076923076923 0.1778846153846154
3 0.8557692307692307 0.14182692307692307 0.12980769230769232 0.1875
3 0.8425480769230769 0.28725961538461536 0.1201923076923077 0.13942307692307693
3 0.5889423076923077 0.2091346153846154 0.1201923076923077 0.16826923076923078
3 0.6646634615384616 0.20673076923076922 0.0673076923076923 0.17307692307692307
3 0.7175480769230769 0.21153846153846154 0.0673076923076923 0.16346153846153846
3 0.7752403846153846 0.21153846153846154 0.0673076923076923 0.16346153846153846
3 0.39302884615384615 0.39302884615384615 0.13942307692307693 0.19230769230769232
3 0.3798076923076923 0.5372596153846154 0.12980769230769232 0.15865384615384615
3 0.09615384615384616 0.6622596153846154 0.1201923076923077 0.1875
3 0.18028846153846154 0.6574519230769231 0.07692307692307693 0.1875
3 0.23557692307692307 0.6574519230769231 0.07211538461538461 0.1778846153846154
3 0.28846153846153844 0.6574519230769231 0.0625 0.1778846153846154
3 0.3449519230769231 0.6574519230769231 0.0673076923076923 0.1778846153846154
3 0.12620192307692307 0.46033653846153844 0.11057692307692307 0.18269230769230768
3 0.20673076923076922 0.46274038461538464 0.0673076923076923 0.16826923076923078
3 0.25721153846153844 0.46634615384615385 0.0625 0.16826923076923078
3 0.3004807692307692 0.46274038461538464 0.057692307692307696 0.16826923076923078