3 0.6009615384615384 0.14182692307692307 0.27403846153846156 0.27403846153846156
3 0.9026442307692307 0.17908653846153846 0.18990384615384615 0.18509615384615385
3 0.9651442307692307 0.09735576923076923 0.06490384615384616 0.18990384615384615
3 0.9651442307692307 0.14182692307692307 0.06490384615384616 0.03365384615384615
3 0.9122596153846154 0.11778846153846154 0.0673076923076923 0.02403846153846154
3 0.8930288461538461 0.09014423076923077 0.07211538461538461 0.021634615384615384
3 0.8882211538461539 0.09014423076923077 0.06009615384615385 0.10096153846153846
3 0.8858173076923077 0.018028846153846152 0.0985576923076923 0.028846153846153848
3 0.8497596153846154 0.14903846153846154 0.20192307692307693 0.23076923076923078
3 0.7211538461538461 0.054086538461538464 0.0985576923076923 0.10096153846153846
3 0.7596153846153846 0.1466346153846154 0.17307692307692307 0.07692307692307693
3 0.7235576923076923 0.11177884615384616 0.23557692307692307 0.07932692307692307
3 0.6033653846153846 0.04326923076923077 0.038461538461538464 0.021634615384615384
3 0.7295673076923077 0.24759615384615385 0.11538461538461539 0.11057692307692307
3 0.6778846153846154 0.47596153846153844 0.16346153846153846 0.3004807692307692
3 0.8329326923076923 0.39663461538461536 0.19230769230769232 0.03365384615384615
3 0.9399038461538461 0.3173076923076923 0.0985576923076923 0.09134615384615384
3 0.8365384615384616 0.32091346153846156 0.1875 0.11057692307692307
3 0.4723557692307692 0.1502403846153846 0.08173076923076923 0.02403846153846154
3 0.4675480769230769 0.125 0.08173076923076923 0.02403846153846154
3 0.45913461538461536 0.09254807692307693 0.0985576923076923 0.17067307692307693
3 0.5084134615384616 0.09615384615384616 0.1971153846153846 0.18509615384615385
3 0.4375 0.2283653846153846 0.08653846153846154 0.07932692307692307
3 0.34134615384615385 0.09615384615384616 0.15865384615384615 0.18509615384615385
3 0.35216346153846156 0.03125 0.04807692307692308 0.052884615384615384
3 0.3798076923076923 0.08533653846153846 0.08173076923076923 0.09615384615384616
3 0.18028846153846154 0.24278846153846154 0.35096153846153844 0.15384615384615385
3 0.20793269230769232 0.2283653846153846 0.08653846153846154 0.21634615384615385
3 0.10697115384615384 0.08173076923076923 0.20192307692307693 0.15625
3 0.03245192307692308 0.13942307692307693 0.052884615384615384 0.11057692307692307
3 0.06850961538461539 0.19591346153846154 0.125 0.08653846153846154
3 0.5192307692307693 0.4206730769230769 0.2620192307692308 0.3125
3 0.5108173076923077 0.2956730769230769 0.10336538461538461 0.04807692307692308
3 0.5901442307692307 0.41346153846153844 0.16346153846153846 0.15865384615384615
3 0.6286057692307693 0.44711538461538464 0.07692307692307693 0.038461538461538464
3 0.6177884615384616 0.42788461538461536 0.07692307692307693 0.036057692307692304
3 0.5877403846153846 0.3954326923076923 0.07211538461538461 0.036057692307692304
3 0.6069711538461539 0.32211538461538464 0.15384615384615385 0.23076923076923078
3 0.8389423076923077 0.4182692307692308 0.20192307692307693 0.14182692307692307
3 0.15865384615384615 0.5925480769230769 0.3076923076923077 0.34375
3 0.15625 0.7644230769230769 0.18028846153846154 0.13942307692307693
3 0.13701923076923078 0.7475961538461539 0.0985576923076923 0.0625
3 0.06850961538461539 0.8882211538461539 0.11778846153846154 0.21875
3 0.09495192307692307 0.9002403846153846 0.0985576923076923 0.19471153846153846
3 0.22355769230769232 0.4963942307692308 0.28365384615384615 0.1971153846153846
3 0.15264423076923078 0.49038461538461536 0.0985576923076923 0.19230769230769232
3 0.9098557692307693 0.9086538461538461 0.17548076923076922 0.18269230769230768
3 0.8882211538461539 0.921875 0.08173076923076923 0.040865384615384616
3 0.84375 0.9507211538461539 0.06009615384615385 0.038461538461538464
3 0.9507211538461539 0.7884615384615384 0.08653846153846154 0.052884615384615384
3 0.9122596153846154 0.7596153846153846 0.0985576923076923 0.08173076923076923
3 0.9579326923076923 0.6610576923076923 0.07932692307692307 0.14423076923076922
3 0.9615384615384616 0.5853365384615384 0.04326923076923077 0.07692307692307693
3 0.734375 0.9699519230769231 0.09375 0.055288461538461536
3 0.6694711538461539 0.8449519230769231 0.05048076923076923 0.30528846153846156
3 0.5516826923076923 0.9735576923076923 0.2091346153846154 0.04807692307692308
3 0.03245192307692308 0.6009615384615384 0.052884615384615384 0.028846153846153848
3 0.06850961538461539 0.5901442307692307 0.125 0.028846153846153848
3 0.054086538461538464 0.5576923076923077 0.0985576923076923 0.028846153846153848
3 0.1201923076923077 0.328125 0.04326923076923077 0.052884615384615384
3 0.08413461538461539 0.328125 0.04807692307692308 0.052884615384615384
3 0.16105769230769232 0.3293269230769231 0.2692307692307692 0.05048076923076923
3 0.0985576923076923 0.36177884615384615 0.11057692307692307 0.028846153846153848
3 0.15865384615384615 0.49038461538461536 0.07692307692307693 0.19230769230769232
3 0.2956730769230769 0.6322115384615384 0.15384615384615385 0.07692307692307693
3 0.3137019230769231 0.6826923076923077 0.08173076923076923 0.0673076923076923
3 0.39663461538461536 0.7608173076923077 0.18028846153846154 0.23076923076923078
3 0.38822115384615385 0.5144230769230769 0.08653846153846154 0.39903846153846156
3 0.14423076923076922 0.9663461538461539 0.0625 0.0625
3 0.15264423076923078 0.9074519230769231 0.03365384615384615 0.038461538461538464
3 0.18629807692307693 0.9134615384615384 0.055288461538461536 0.16826923076923078
3 0.23798076923076922 0.8617788461538461 0.07211538461538461 0.04326923076923077
3 0.13701923076923078 0.9110576923076923 0.25 0.04807692307692308
3 0.2920673076923077 0.8786057692307693 0.10336538461538461 0.11057692307692307
3 0.3173076923076923 0.7788461538461539 0.0985576923076923 0.057692307692307696
3 0.4074519230769231 0.7355769230769231 0.13701923076923078 0.18269230769230768
3 0.4423076923076923 0.4675480769230769 0.35096153846153844 0.18269230769230768
3 0.5516826923076923 0.6153846153846154 0.0985576923076923 0.21634615384615385
3 0.5733173076923077 0.7824519230769231 0.16346153846153846 0.22596153846153846
3 0.7680288461538461 0.6322115384615384 0.15865384615384615 0.19951923076923078
3 0.9086538461538461 0.5612980769230769 0.1778846153846154 0.19951923076923078
3 0.9651442307692307 0.3557692307692308 0.06490384615384616 0.15865384615384615
3 0.7403846153846154 0.8100961538461539 0.08173076923076923 0.055288461538461536
3 0.6310096153846154 0.8810096153846154 0.08173076923076923 0.13942307692307693
3 0.5733173076923077 0.8064903846153846 0.15384615384615385 0.17067307692307693
3 0.6141826923076923 0.796875 0.04807692307692308 0.021634615384615384
3 0.4206730769230769 0.2247596153846154 0.11057692307692307 0.07211538461538461
3 0.5168269230769231 0.09735576923076923 0.18028846153846154 0.1875
3 0.5 0.5012019230769231 0.9951923076923077 0.9975961538461539