4 0.44591346153846156 0.5637019230769231 0.07211538461538461 0.5096153846153846
4 0.39903846153846156 0.49158653846153844 0.057692307692307696 0.5432692307692307
4 0.3485576923076923 0.5661057692307693 0.057692307692307696 0.5240384615384616
4 0.29086538461538464 0.6165865384615384 0.0673076923076923 0.5985576923076923
4 0.2247596153846154 0.6346153846153846 0.08173076923076923 0.3798076923076923
4 0.17307692307692307 0.6033653846153846 0.0673076923076923 0.4326923076923077
4 0.12620192307692307 0.6033653846153846 0.07211538461538461 0.4423076923076923
4 0.09495192307692307 0.5985576923076923 0.08173076923076923 0.4326923076923077
4 0.056490384615384616 0.625 0.04807692307692308 0.3798076923076923
4 0.03125 0.6346153846153846 0.052884615384615384 0.3894230769230769
4 0.5360576923076923 0.5108173076923077 0.21634615384615385 0.9086538461538461