4 0.8076923076923077 0.6574519230769231 0.3798076923076923 0.6730769230769231
4 0.4723557692307692 0.7127403846153846 0.4807692307692308 0.5625
4 0.125 0.7788461538461539 0.25 0.43028846153846156
4 0.2980769230769231 0.3173076923076923 0.4326923076923077 0.4951923076923077
4 0.6598557692307693 0.296875 0.42788461538461536 0.4519230769230769
4 0.9350961538461539 0.2127403846153846 0.12259615384615384 0.4014423076923077
4 0.9158653846153846 0.07572115384615384 0.15865384615384615 0.15144230769230768
4 0.7632211538461539 0.0673076923076923 0.17307692307692307 0.1346153846153846
4 0.4831730769230769 0.08413461538461539 0.38461538461538464 0.16826923076923078
4 0.1622596153846154 0.15745192307692307 0.2692307692307692 0.30288461538461536
4 0.11177884615384616 0.2860576923076923 0.22355769230769232 0.5721153846153846
4 0.4987980769230769 0.49759615384615385 0.9951923076923077 0.9951923076923077