4 0.17548076923076922 0.8509615384615384 0.18509615384615385 0.1658653846153846
4 0.30408653846153844 0.9290865384615384 0.23557692307692307 0.1346153846153846
4 0.36538461538461536 0.7932692307692307 0.18509615384615385 0.14423076923076922
4 0.12139423076923077 0.6346153846153846 0.21153846153846154 0.1201923076923077
4 0.4230769230769231 0.6622596153846154 0.16346153846153846 0.12740384615384615
4 0.22115384615384615 0.6237980769230769 0.18509615384615385 0.1658653846153846
4 0.1310096153846154 0.49038461538461536 0.18028846153846154 0.125
4 0.28125 0.4735576923076923 0.15865384615384615 0.1201923076923077
4 0.3293269230769231 0.5564903846153846 0.18509615384615385 0.10817307692307693
4 0.46875 0.5228365384615384 0.22596153846153846 0.14423076923076922
4 0.5612980769230769 0.6538461538461539 0.16346153846153846 0.10576923076923077
4 0.5204326923076923 0.7512019230769231 0.1346153846153846 0.09615384615384616
4 0.53125 0.8701923076923077 0.1971153846153846 0.12740384615384615
4 0.12139423076923077 0.3798076923076923 0.20192307692307693 0.09615384615384616
4 0.24519230769230768 0.3557692307692308 0.14903846153846154 0.11538461538461539
4 0.3762019230769231 0.3894230769230769 0.1971153846153846 0.11538461538461539
4 0.515625 0.3942307692307692 0.1971153846153846 0.11538461538461539
4 0.6622596153846154 0.47716346153846156 0.13942307692307693 0.1201923076923077
4 0.75 0.5600961538461539 0.18028846153846154 0.125
4 0.7860576923076923 0.6658653846153846 0.17067307692307693 0.14423076923076922
4 0.8653846153846154 0.7824519230769231 0.15384615384615385 0.1346153846153846
4 0.7728365384615384 0.9423076923076923 0.22596153846153846 0.10817307692307693
4 0.7163461538461539 0.8473557692307693 0.125 0.10576923076923077
4 0.6850961538461539 0.7668269230769231 0.17548076923076922 0.1201923076923077
4 0.7752403846153846 0.3112980769230769 0.20192307692307693 0.1346153846153846
4 0.6706730769230769 0.3557692307692308 0.18509615384615385 0.15384615384615385
4 0.7992788461538461 0.4495192307692308 0.125 0.1201923076923077
4 0.5072115384615384 0.1310096153846154 0.21153846153846154 0.13942307692307693
4 0.42788461538461536 0.2644230769230769 0.18509615384615385 0.11057692307692307
4 0.31490384615384615 0.28966346153846156 0.1346153846153846 0.09134615384615384
4 0.203125 0.18389423076923078 0.14903846153846154 0.10576923076923077
4 0.33774038461538464 0.16826923076923078 0.13942307692307693 0.11057692307692307
4 0.1935096153846154 0.05048076923076923 0.17067307692307693 0.10096153846153846
4 0.3581730769230769 0.057692307692307696 0.17067307692307693 0.11538461538461539
4 0.53125 0.05048076923076923 0.23557692307692307 0.10096153846153846
4 0.7992788461538461 0.18509615384615385 0.18509615384615385 0.12980769230769232
4 0.6310096153846154 0.20793269230769232 0.14903846153846154 0.1466346153846154