4 0.8401442307692307 0.8305288461538461 0.14423076923076922 0.125
4 0.7295673076923077 0.7872596153846154 0.12980769230769232 0.10096153846153846
4 0.8245192307692307 0.7007211538461539 0.15384615384615385 0.10576923076923077
4 0.7271634615384616 0.6298076923076923 0.125 0.10817307692307693
4 0.6622596153846154 0.6838942307692307 0.1201923076923077 0.07692307692307693
4 0.5853365384615384 0.6237980769230769 0.1201923076923077 0.0889423076923077
4 0.6237980769230769 0.5 0.16346153846153846 0.14903846153846154
4 0.7475961538461539 0.4831730769230769 0.17548076923076922 0.125
4 0.8966346153846154 0.5829326923076923 0.16346153846153846 0.11538461538461539
4 0.6526442307692307 0.35336538461538464 0.1201923076923077 0.09615384615384616
4 0.0829326923076923 0.2824519230769231 0.08173076923076923 0.07692307692307693
4 0.1346153846153846 0.20793269230769232 0.10336538461538461 0.07692307692307693
4 0.22956730769230768 0.39903846153846156 0.13942307692307693 0.0673076923076923
4 0.22956730769230768 0.31850961538461536 0.14903846153846154 0.10576923076923077
4 0.25721153846153844 0.22956730769230768 0.10336538461538461 0.057692307692307696
4 0.47475961538461536 0.26802884615384615 0.11298076923076923 0.07211538461538461
4 0.546875 0.32211538461538464 0.08173076923076923 0.0673076923076923
4 0.5204326923076923 0.38461538461538464 0.08173076923076923 0.057692307692307696
4 0.46153846153846156 0.34615384615384615 0.09615384615384616 0.08173076923076923
4 0.5540865384615384 0.2512019230769231 0.09615384615384616 0.07692307692307693
4 0.5252403846153846 0.2127403846153846 0.08173076923076923 0.052884615384615384
4 0.44350961538461536 0.2127403846153846 0.08173076923076923 0.0625
4 0.3918269230769231 0.39783653846153844 0.08173076923076923 0.052884615384615384
4 0.3713942307692308 0.32572115384615385 0.09134615384615384 0.057692307692307696
4 0.35096153846153844 0.27163461538461536 0.10336538461538461 0.0673076923076923
4 0.36899038461538464 0.1935096153846154 0.09615384615384616 0.052884615384615384