4 0.03365384615384615 0.6574519230769231 0.057692307692307696 0.5769230769230769
4 0.09495192307692307 0.6334134615384616 0.036057692307692304 0.625
4 0.13581730769230768 0.6538461538461539 0.036057692307692304 0.5673076923076923
4 0.18870192307692307 0.6502403846153846 0.05048076923076923 0.5769230769230769
4 0.234375 0.5925480769230769 0.03125 0.6778846153846154
4 0.2956730769230769 0.6165865384615384 0.07211538461538461 0.6442307692307693
4 0.33413461538461536 0.6298076923076923 0.040865384615384616 0.5889423076923077
4 0.38221153846153844 0.6334134615384616 0.052884615384615384 0.5817307692307693
4 0.41346153846153844 0.6478365384615384 0.028846153846153848 0.5408653846153846
4 0.46634615384615385 0.6298076923076923 0.07692307692307693 0.5889423076923077
4 0.5228365384615384 0.6370192307692307 0.04567307692307692 0.5769230769230769
4 0.5504807692307693 0.6262019230769231 0.028846153846153848 0.5817307692307693
4 0.5709134615384616 0.6538461538461539 0.03125 0.5408653846153846
4 0.609375 0.6334134615384616 0.036057692307692304 0.5961538461538461
4 0.6502403846153846 0.640625 0.04567307692307692 0.5817307692307693
4 0.6838942307692307 0.5925480769230769 0.03125 0.6634615384615384
4 0.7067307692307693 0.5997596153846154 0.040865384615384616 0.6634615384615384
4 0.7367788461538461 0.5961538461538461 0.036057692307692304 0.6706730769230769
4 0.7680288461538461 0.6334134615384616 0.04567307692307692 0.5817307692307693
4 0.8016826923076923 0.6538461538461539 0.03125 0.5552884615384616
4 0.8245192307692307 0.6538461538461539 0.03125 0.5673076923076923
4 0.8677884615384616 0.6442307692307693 0.0625 0.5889423076923077
4 0.9314903846153846 0.609375 0.08173076923076923 0.6442307692307693
4 0.9759615384615384 0.640625 0.04326923076923077 0.5697115384615384