4 0.5733173076923077 0.8497596153846154 0.46634615384615385 0.28846153846153844
4 0.171875 0.8497596153846154 0.33653846153846156 0.28846153846153844
4 0.18629807692307693 0.5841346153846154 0.36538461538461536 0.23076923076923078
4 0.16947115384615385 0.28365384615384615 0.3317307692307692 0.38461538461538464
4 0.8305288461538461 0.6850961538461539 0.33653846153846156 0.6153846153846154
4 0.8425480769230769 0.2692307692307692 0.31009615384615385 0.3605769230769231
4 0.5396634615384616 0.41586538461538464 0.3076923076923077 0.6634615384615384
4 0.5552884615384616 0.06971153846153846 0.31009615384615385 0.13942307692307693
4 0.21033653846153846 0.06971153846153846 0.3701923076923077 0.13942307692307693
4 0.8545673076923077 0.056490384615384616 0.28846153846153844 0.11057692307692307
1 0.5 0.49759615384615385 0.9951923076923077 0.9951923076923077