4 0.4411057692307692 0.078125 0.3605769230769231 0.11057692307692307
4 0.38221153846153844 0.140625 0.27884615384615385 0.11538461538461539
4 0.22956730769230768 0.2439903846153846 0.23557692307692307 0.09134615384615384
4 0.31971153846153844 0.25961538461538464 0.2548076923076923 0.0985576923076923
4 0.2608173076923077 0.3473557692307692 0.27403846153846156 0.09615384615384616
4 0.18990384615384615 0.4723557692307692 0.20673076923076922 0.07211538461538461
4 0.3173076923076923 0.47716346153846156 0.125 0.08173076923076923
4 0.39783653846153844 0.5348557692307693 0.25961538461538464 0.10096153846153846
4 0.18990384615384615 0.5973557692307693 0.20673076923076922 0.07932692307692307
4 0.23317307692307693 0.7548076923076923 0.2668269230769231 0.09615384615384616
4 0.2608173076923077 0.8581730769230769 0.27403846153846156 0.10576923076923077
4 0.3389423076923077 0.9375 0.30288461538461536 0.0985576923076923
4 0.5564903846153846 0.9026442307692307 0.27884615384615385 0.11057692307692307
4 0.6706730769230769 0.7944711538461539 0.2860576923076923 0.13701923076923078
4 0.5060096153846154 0.6971153846153846 0.2932692307692308 0.1346153846153846
4 0.3317307692307692 0.8004807692307693 0.27884615384615385 0.10576923076923077
4 0.3918269230769231 0.6466346153846154 0.21153846153846154 0.10096153846153846
4 0.5865384615384616 0.5697115384615384 0.18028846153846154 0.10817307692307693
4 0.5709134615384616 0.4254807692307692 0.25961538461538464 0.10576923076923077
4 0.484375 0.3485576923076923 0.1875 0.0985576923076923
4 0.5528846153846154 0.2860576923076923 0.23557692307692307 0.10096153846153846
4 0.5901442307692307 0.1875 0.23557692307692307 0.10096153846153846
4 0.7512019230769231 0.31850961538461536 0.34615384615384615 0.1346153846153846
4 0.6682692307692307 0.46634615384615385 0.27884615384615385 0.125
4 0.6742788461538461 0.6334134615384616 0.11778846153846154 0.1201923076923077