4 0.8737980769230769 0.9543269230769231 0.25240384615384615 0.08653846153846154
4 0.8725961538461539 0.8882211538461539 0.24759615384615385 0.13701923076923078
4 0.8689903846153846 0.8088942307692307 0.18269230769230768 0.08653846153846154
4 0.9639423076923077 0.8605769230769231 0.06490384615384616 0.07211538461538461
4 0.9759615384615384 0.7956730769230769 0.038461538461538464 0.028846153846153848
4 0.9747596153846154 0.7379807692307693 0.04326923076923077 0.0673076923076923
4 0.9747596153846154 0.671875 0.04326923076923077 0.052884615384615384
4 0.9723557692307693 0.6177884615384616 0.04807692307692308 0.04326923076923077
4 0.9867788461538461 0.5661057692307693 0.019230769230769232 0.04807692307692308
4 0.9795673076923077 0.5024038461538461 0.03365384615384615 0.07692307692307693
4 0.9711538461538461 0.4182692307692308 0.05048076923076923 0.09134615384615384
4 0.9783653846153846 0.3557692307692308 0.036057692307692304 0.03365384615384615
4 0.8473557692307693 0.7103365384615384 0.21875 0.07692307692307693
4 0.8377403846153846 0.6310096153846154 0.23557692307692307 0.09375
4 0.8557692307692307 0.5384615384615384 0.23557692307692307 0.08173076923076923
4 0.8581730769230769 0.453125 0.21153846153846154 0.0985576923076923
4 0.8545673076923077 0.3581730769230769 0.1875 0.13701923076923078
4 0.8581730769230769 0.26802884615384615 0.20192307692307693 0.13221153846153846
4 0.04927884615384615 0.5877403846153846 0.09375 0.1466346153846154
4 0.04567307692307692 0.4519230769230769 0.08653846153846154 0.1346153846153846
4 0.042067307692307696 0.33052884615384615 0.07932692307692307 0.1466346153846154
4 0.042067307692307696 0.22596153846153846 0.07932692307692307 0.16346153846153846
4 0.09615384615384616 0.953125 0.1875 0.0889423076923077
4 0.09134615384615384 0.8966346153846154 0.18269230769230768 0.11057692307692307
4 0.09735576923076923 0.828125 0.18990384615384615 0.09375
4 0.09495192307692307 0.7596153846153846 0.1875 0.08653846153846154
4 0.09014423076923077 0.6935096153846154 0.17548076923076922 0.07932692307692307
4 0.0985576923076923 0.6310096153846154 0.1971153846153846 0.06971153846153846
4 0.14423076923076922 0.5600961538461539 0.11298076923076923 0.08173076923076923
4 0.1310096153846154 0.4723557692307692 0.0889423076923077 0.09134615384615384
4 0.5348557692307693 0.16947115384615385 0.9158653846153846 0.23076923076923078
4 0.390625 0.32572115384615385 0.7019230769230769 0.33413461538461536
4 0.48197115384615385 0.5276442307692307 0.5576923076923077 0.3125