4 0.53125 0.4026442307692308 0.7163461538461539 0.7163461538461539
4 0.140625 0.5204326923076923 0.22115384615384615 0.9567307692307693
4 0.32211538461538464 0.8617788461538461 0.14423076923076922 0.27163461538461536
4 0.7451923076923077 0.04567307692307692 0.1778846153846154 0.08413461538461539
4 0.5829326923076923 0.0673076923076923 0.14903846153846154 0.12980769230769232
4 0.43509615384615385 0.0625 0.14903846153846154 0.1201923076923077
4 0.2980769230769231 0.06971153846153846 0.1778846153846154 0.13221153846153846
4 0.13822115384615385 0.04326923076923077 0.1658653846153846 0.08173076923076923
4 0.9050480769230769 0.056490384615384616 0.1778846153846154 0.10576923076923077
4 0.9675480769230769 0.07211538461538461 0.06009615384615385 0.11538461538461539
4 0.9627403846153846 0.1658653846153846 0.07211538461538461 0.08173076923076923
4 0.8930288461538461 0.15264423076923078 0.11538461538461539 0.09375
4 0.7848557692307693 0.140625 0.0985576923076923 0.11298076923076923
4 0.6658653846153846 0.13701923076923078 0.11538461538461539 0.10096153846153846
4 0.48197115384615385 0.7956730769230769 0.1658653846153846 0.1971153846153846
4 0.4723557692307692 0.9206730769230769 0.22115384615384615 0.0625
4 0.9098557692307693 0.9266826923076923 0.17548076923076922 0.036057692307692304
4 0.9098557692307693 0.8978365384615384 0.17548076923076922 0.026442307692307692
4 0.9158653846153846 0.8689903846153846 0.16346153846153846 0.036057692307692304
4 0.9182692307692307 0.8365384615384616 0.15865384615384615 0.028846153846153848
4 0.9182692307692307 0.8112980769230769 0.15865384615384615 0.03125
4 0.9158653846153846 0.7800480769230769 0.16346153846153846 0.036057692307692304
4 0.9098557692307693 0.7560096153846154 0.17548076923076922 0.036057692307692304
4 0.9158653846153846 0.7211538461538461 0.16346153846153846 0.038461538461538464
4 0.921875 0.6887019230769231 0.15144230769230768 0.036057692307692304
4 0.9098557692307693 0.6598557692307693 0.17548076923076922 0.036057692307692304
4 0.9098557692307693 0.6237980769230769 0.17548076923076922 0.040865384615384616
4 0.9098557692307693 0.5913461538461539 0.17548076923076922 0.038461538461538464
4 0.9182692307692307 0.5588942307692307 0.15865384615384615 0.03125
4 0.9098557692307693 0.5228365384615384 0.17548076923076922 0.040865384615384616
4 0.9038461538461539 0.48677884615384615 0.1875 0.036057692307692304
4 0.9122596153846154 0.4579326923076923 0.17067307692307693 0.040865384615384616
4 0.9098557692307693 0.2644230769230769 0.17548076923076922 0.125
4 0.9074519230769231 0.3786057692307692 0.18269230769230768 0.11298076923076923