4 0.6778846153846154 0.7932692307692307 0.6346153846153846 0.40384615384615385
4 0.8617788461538461 0.8581730769230769 0.2668269230769231 0.27403846153846156
4 0.3605769230769231 0.8533653846153846 0.08173076923076923 0.28365384615384615
4 0.09375 0.7043269230769231 0.1875 0.5817307692307693
4 0.1622596153846154 0.7355769230769231 0.0673076923076923 0.5192307692307693
4 0.4338942307692308 0.5132211538461539 0.27163461538461536 0.3870192307692308
4 0.7427884615384616 0.5685096153846154 0.3557692307692308 0.36538461538461536
4 0.5685096153846154 0.6286057692307693 0.7019230769230769 0.6177884615384616
4 0.9735576923076923 0.2800480769230769 0.04326923076923077 0.22115384615384615
4 0.9663461538461539 0.453125 0.057692307692307696 0.5673076923076923
4 0.5685096153846154 0.27283653846153844 0.6682692307692307 0.3317307692307692
4 0.109375 0.09975961538461539 0.21634615384615385 0.19951923076923078
4 0.12740384615384615 0.30408653846153844 0.2548076923076923 0.3004807692307692
4 0.9242788461538461 0.13581730769230768 0.14182692307692307 0.27163461538461536
4 0.5360576923076923 0.109375 0.5913461538461539 0.19951923076923078