4 0.7956730769230769 0.7307692307692307 0.39903846153846156 0.46634615384615385
4 0.8581730769230769 0.9603365384615384 0.27403846153846156 0.07451923076923077
4 0.6778846153846154 0.9543269230769231 0.15384615384615385 0.08413461538461539
4 0.5216346153846154 0.9459134615384616 0.18028846153846154 0.10096153846153846
4 0.4699519230769231 0.9387019230769231 0.23076923076923078 0.11778846153846154
4 0.3004807692307692 0.9362980769230769 0.20673076923076922 0.1201923076923077
4 0.19951923076923078 0.9266826923076923 0.16826923076923078 0.13942307692307693
4 0.15625 0.9146634615384616 0.3125 0.16346153846153846
4 0.140625 0.8870192307692307 0.2764423076923077 0.22115384615384615
4 0.5961538461538461 0.6742788461538461 0.1875 0.39663461538461536
4 0.4699519230769231 0.6658653846153846 0.16346153846153846 0.3798076923076923
4 0.3581730769230769 0.6286057692307693 0.14903846153846154 0.3125
4 0.3112980769230769 0.6394230769230769 0.28365384615384615 0.3701923076923077
4 0.13942307692307693 0.6201923076923077 0.11538461538461539 0.3317307692307692
4 0.05048076923076923 0.6129807692307693 0.09615384615384616 0.3317307692307692
4 0.78125 0.25841346153846156 0.3389423076923077 0.4855769230769231
4 0.9182692307692307 0.24879807692307693 0.15384615384615385 0.49759615384615385
4 0.5925480769230769 0.2620192307692308 0.14903846153846154 0.4230769230769231
4 0.49399038461538464 0.25841346153846156 0.08173076923076923 0.39903846153846156
4 0.42908653846153844 0.26322115384615385 0.10336538461538461 0.39663461538461536
4 0.3798076923076923 0.265625 0.13701923076923078 0.39903846153846156
4 0.30649038461538464 0.26322115384615385 0.1201923076923077 0.3894230769230769
4 0.265625 0.25841346153846156 0.11538461538461539 0.3701923076923077
4 0.20793269230769232 0.2704326923076923 0.08653846153846154 0.35096153846153844
4 0.16346153846153846 0.27403846153846156 0.11057692307692307 0.35096153846153844
4 0.08774038461538461 0.2800480769230769 0.0673076923076923 0.3269230769230769
4 0.06971153846153846 0.27283653846153844 0.1346153846153846 0.34375
4 0.7271634615384616 0.025240384615384616 0.2403846153846154 0.05048076923076923
4 0.5024038461538461 0.028846153846153848 0.23076923076923078 0.057692307692307696
4 0.2536057692307692 0.04927884615384615 0.27884615384615385 0.0985576923076923
4 0.05889423076923077 0.056490384615384616 0.11298076923076923 0.11298076923076923
4 0.5 0.4987980769230769 0.9951923076923077 0.9975961538461539