4 0.1346153846153846 0.4338942307692308 0.10576923076923077 0.5625
4 0.203125 0.43149038461538464 0.09375 0.5889423076923077
4 0.26322115384615385 0.46153846153846156 0.1201923076923077 0.5673076923076923
4 0.34134615384615385 0.47475961538461536 0.12980769230769232 0.5240384615384616
4 0.40384615384615385 0.4639423076923077 0.11298076923076923 0.5721153846153846
4 0.47475961538461536 0.5024038461538461 0.10576923076923077 0.5985576923076923
4 0.5504807692307693 0.47716346153846156 0.11057692307692307 0.5889423076923077
4 0.6189903846153846 0.49759615384615385 0.09134615384615384 0.6105769230769231
4 0.6947115384615384 0.49759615384615385 0.11057692307692307 0.5769230769230769
4 0.7776442307692307 0.484375 0.11778846153846154 0.6057692307692307
4 0.8305288461538461 0.515625 0.12980769230769232 0.625
4 0.890625 0.49278846153846156 0.13221153846153846 0.6105769230769231