4 0.32211538461538464 0.3389423076923077 0.14423076923076922 0.2620192307692308
4 0.6538461538461539 0.3112980769230769 0.0673076923076923 0.12980769230769232
4 0.8076923076923077 0.39302884615384615 0.10096153846153846 0.14182692307692307
4 0.8545673076923077 0.49759615384615385 0.07211538461538461 0.1201923076923077
4 0.7139423076923077 0.4483173076923077 0.09375 0.1875
4 0.6069711538461539 0.4375 0.12740384615384615 0.17307692307692307
4 0.5348557692307693 0.5661057692307693 0.08173076923076923 0.14903846153846154
4 0.6225961538461539 0.5661057692307693 0.09375 0.18028846153846154
4 0.7475961538461539 0.6478365384615384 0.14182692307692307 0.20192307692307693
4 0.6778846153846154 0.5769230769230769 0.05048076923076923 0.09134615384615384
4 0.8329326923076923 0.6610576923076923 0.07932692307692307 0.16346153846153846
4 0.8365384615384616 0.7896634615384616 0.09375 0.125
4 0.6418269230769231 0.7127403846153846 0.10096153846153846 0.14903846153846154
4 0.5540865384615384 0.7079326923076923 0.11538461538461539 0.18028846153846154
4 0.4963942307692308 0.7956730769230769 0.07932692307692307 0.16826923076923078
4 0.5889423076923077 0.8521634615384616 0.10576923076923077 0.17307692307692307
4 0.7331730769230769 0.8064903846153846 0.12740384615384615 0.18028846153846154