4 0.4014423076923077 0.5252403846153846 0.23557692307692307 0.6346153846153846
4 0.4338942307692308 0.8413461538461539 0.20192307692307693 0.3076923076923077
4 0.39663461538461536 0.6033653846153846 0.28846153846153844 0.7836538461538461
4 0.27884615384615385 0.7668269230769231 0.08653846153846154 0.4567307692307692
4 0.17427884615384615 0.6923076923076923 0.20673076923076922 0.6057692307692307
4 0.71875 0.9831730769230769 0.4423076923076923 0.026442307692307692
4 0.7379807692307693 0.9387019230769231 0.45913461538461536 0.07451923076923077
4 0.7235576923076923 0.8858173076923077 0.40865384615384615 0.040865384615384616
4 0.734375 0.8221153846153846 0.40865384615384615 0.09615384615384616
4 0.7403846153846154 0.7512019230769231 0.39903846153846156 0.04807692307692308
4 0.7379807692307693 0.7091346153846154 0.40384615384615385 0.04326923076923077
4 0.7295673076923077 0.65625 0.4206730769230769 0.052884615384615384
4 0.7295673076923077 0.6057692307692307 0.40865384615384615 0.052884615384615384
4 0.7295673076923077 0.5396634615384616 0.4206730769230769 0.0673076923076923
4 0.7163461538461539 0.47596153846153844 0.44711538461538464 0.06490384615384616
4 0.7079326923076923 0.41586538461538464 0.4639423076923077 0.0673076923076923
4 0.6995192307692307 0.3581730769230769 0.4807692307692308 0.052884615384615384
4 0.6502403846153846 0.2848557692307692 0.5913461538461539 0.10576923076923077
4 0.65625 0.21875 0.6225961538461539 0.057692307692307696
4 0.6442307692307693 0.15264423076923078 0.5913461538461539 0.07211538461538461
4 0.6478365384615384 0.08413461538461539 0.5961538461538461 0.09615384615384616
4 0.6442307692307693 0.02403846153846154 0.6009615384615384 0.04807692307692308