4 0.19471153846153846 0.15264423076923078 0.375 0.2980769230769231
4 0.24278846153846154 0.4326923076923077 0.47115384615384615 0.3076923076923077
4 0.2536057692307692 0.6850961538461539 0.49278846153846156 0.28846153846153844
4 0.22235576923076922 0.8882211538461539 0.43509615384615385 0.21875
4 0.6574519230769231 0.8221153846153846 0.4519230769230769 0.3485576923076923
4 0.6237980769230769 0.5084134615384616 0.4375 0.30288461538461536
4 0.5168269230769231 0.16826923076923078 0.2932692307692308 0.3269230769230769
4 0.7007211538461539 0.18509615384615385 0.59375 0.36538461538461536
4 0.9134615384615384 0.44350961538461536 0.16826923076923078 0.15144230769230768
4 0.7944711538461539 0.7572115384615384 0.4110576923076923 0.4807692307692308
4 0.5036057692307693 0.4987980769230769 0.9927884615384616 0.9975961538461539