4 0.8269230769230769 0.3076923076923077 0.3317307692307692 0.41346153846153844
4 0.4254807692307692 0.14903846153846154 0.8509615384615384 0.29086538461538464
4 0.9194711538461539 0.0733173076923077 0.14903846153846154 0.13942307692307693
4 0.08653846153846154 0.039663461538461536 0.17307692307692307 0.07211538461538461
4 0.6730769230769231 0.234375 0.4639423076923077 0.22115384615384615
4 0.29447115384615385 0.31490384615384615 0.3269230769230769 0.10096153846153846
4 0.11899038461538461 0.43028846153846156 0.23798076923076922 0.37740384615384615
4 0.1935096153846154 0.6286057692307693 0.3389423076923077 0.16826923076923078
4 0.5769230769230769 0.5 0.8317307692307693 0.3701923076923077
4 0.8125 0.8064903846153846 0.3629807692307692 0.3004807692307692
4 0.3293269230769231 0.8329326923076923 0.6586538461538461 0.3293269230769231
4 0.0985576923076923 0.7271634615384616 0.18509615384615385 0.13701923076923078
4 0.49158653846153844 0.6610576923076923 0.3269230769230769 0.15865384615384615
4 0.8221153846153846 0.9663461538461539 0.35096153846153844 0.0625