4 0.84375 0.734375 0.22115384615384615 0.20192307692307693
4 0.8221153846153846 0.7860576923076923 0.34615384615384615 0.4182692307692308
4 0.6310096153846154 0.9170673076923077 0.30528846153846156 0.15384615384615385
4 0.2860576923076923 0.7788461538461539 0.13942307692307693 0.15384615384615385
4 0.19831730769230768 0.7391826923076923 0.3918269230769231 0.5120192307692307
4 0.019230769230769232 0.859375 0.03365384615384615 0.27163461538461536
4 0.2800480769230769 0.6754807692307693 0.22115384615384615 0.41346153846153844
4 0.4362980769230769 0.7067307692307693 0.4230769230769231 0.5769230769230769
4 0.484375 0.6935096153846154 0.34375 0.6033653846153846
4 0.5516826923076923 0.5588942307692307 0.3557692307692308 0.4375
4 0.6177884615384616 0.5132211538461539 0.3173076923076923 0.39663461538461536
4 0.6646634615384616 0.47115384615384615 0.3173076923076923 0.36538461538461536
4 0.7163461538461539 0.4326923076923077 0.34375 0.37259615384615385
4 0.7716346153846154 0.3737980769230769 0.3317307692307692 0.30528846153846156
4 0.8161057692307693 0.35096153846153844 0.34375 0.31009615384615385
4 0.859375 0.28846153846153844 0.27403846153846156 0.23798076923076922
4 0.9519230769230769 0.26322115384615385 0.0889423076923077 0.125
4 0.6213942307692307 0.1778846153846154 0.1466346153846154 0.1201923076923077
4 0.7668269230769231 0.08774038461538461 0.2283653846153846 0.1658653846153846
4 0.53125 0.21875 0.21394230769230768 0.1201923076923077
4 0.4170673076923077 0.2932692307692308 0.2932692307692308 0.18509615384615385
4 0.21754807692307693 0.3737980769230769 0.23557692307692307 0.17067307692307693
4 0.11057692307692307 0.44350961538461536 0.22115384615384615 0.3076923076923077
4 0.22596153846153846 0.2860576923076923 0.09615384615384616 0.0889423076923077
4 0.0829326923076923 0.06129807692307692 0.16105769230769232 0.11778846153846154
4 0.2512019230769231 0.027644230769230768 0.18509615384615385 0.05048076923076923
4 0.08052884615384616 0.24519230769230768 0.15625 0.20192307692307693
4 0.25841346153846156 0.1346153846153846 0.23317307692307693 0.20673076923076922
4 0.46875 0.0889423076923077 0.20673076923076922 0.17307692307692307
4 0.6346153846153846 0.027644230769230768 0.13942307692307693 0.05048076923076923
4 0.8305288461538461 0.037259615384615384 0.13701923076923078 0.06971153846153846
4 0.9651442307692307 0.03125 0.0625 0.0625
4 0.9783653846153846 0.1346153846153846 0.03365384615384615 0.17548076923076922