4 0.48677884615384615 0.8245192307692307 0.2692307692307692 0.3389423076923077
4 0.1971153846153846 0.5673076923076923 0.2860576923076923 0.8509615384615384
4 0.3317307692307692 0.27163461538461536 0.2283653846153846 0.38221153846153844
4 0.33533653846153844 0.47836538461538464 0.2283653846153846 0.7980769230769231
4 0.5528846153846154 0.38221153846153844 0.2548076923076923 0.3942307692307692
4 0.5576923076923077 0.4963942307692308 0.24519230769230768 0.6346153846153846
4 0.5144230769230769 0.12860576923076922 0.14423076923076922 0.25240384615384615
4 0.7295673076923077 0.24639423076923078 0.22115384615384615 0.33413461538461536
4 0.7307692307692307 0.3269230769230769 0.21153846153846154 0.4831730769230769
4 0.7512019230769231 0.75 0.2548076923076923 0.4879807692307692
4 0.8413461538461539 0.6634615384615384 0.14423076923076922 0.5745192307692307