4 0.22956730769230768 0.23677884615384615 0.3798076923076923 0.46153846153846156
4 0.0985576923076923 0.3713942307692308 0.18990384615384615 0.7307692307692307
4 0.4495192307692308 0.0829326923076923 0.1778846153846154 0.15384615384615385
4 0.6790865384615384 0.2512019230769231 0.25961538461538464 0.49038461538461536
4 0.5300480769230769 0.39302884615384615 0.35096153846153844 0.6995192307692307
4 0.3401442307692308 0.640625 0.36538461538461536 0.7163461538461539
4 0.1622596153846154 0.7740384615384616 0.31971153846153844 0.44711538461538464
4 0.8497596153846154 0.17908653846153846 0.2956730769230769 0.3485576923076923
4 0.8497596153846154 0.6454326923076923 0.2956730769230769 0.7043269230769231
4 0.9399038461538461 0.37259615384615385 0.11538461538461539 0.5
4 0.6838942307692307 0.7680288461538461 0.3485576923076923 0.45913461538461536
4 0.45552884615384615 0.890625 0.2620192307692308 0.21394230769230768