4 0.5637019230769231 0.5540865384615384 0.5096153846153846 0.07211538461538461
4 0.49158653846153844 0.6009615384615384 0.5432692307692307 0.057692307692307696
4 0.5661057692307693 0.6514423076923077 0.5240384615384616 0.057692307692307696
4 0.6165865384615384 0.7091346153846154 0.5985576923076923 0.0673076923076923
4 0.6346153846153846 0.7752403846153846 0.3798076923076923 0.08173076923076923
4 0.6033653846153846 0.8269230769230769 0.43028846153846156 0.0673076923076923
4 0.6033653846153846 0.8737980769230769 0.43990384615384615 0.07211538461538461
4 0.5985576923076923 0.9050480769230769 0.43028846153846156 0.08173076923076923
4 0.625 0.9435096153846154 0.37740384615384615 0.04807692307692308
4 0.6346153846153846 0.96875 0.3870192307692308 0.052884615384615384
4 0.5108173076923077 0.4639423076923077 0.9086538461538461 0.21634615384615385