4 0.8653846153846154 0.5661057692307693 0.10576923076923077 0.5625
4 0.796875 0.5685096153846154 0.09375 0.5889423076923077
4 0.7367788461538461 0.5384615384615384 0.1201923076923077 0.5673076923076923
4 0.6586538461538461 0.5252403846153846 0.12980769230769232 0.5240384615384616
4 0.5961538461538461 0.5360576923076923 0.11298076923076923 0.5721153846153846
4 0.5252403846153846 0.49759615384615385 0.10576923076923077 0.5985576923076923
4 0.4495192307692308 0.5228365384615384 0.11057692307692307 0.5889423076923077
4 0.38100961538461536 0.5024038461538461 0.09134615384615384 0.6105769230769231
4 0.30528846153846156 0.5024038461538461 0.11057692307692307 0.5769230769230769
4 0.22235576923076922 0.515625 0.11778846153846154 0.6057692307692307
4 0.16947115384615385 0.484375 0.12980769230769232 0.625
4 0.109375 0.5072115384615384 0.13221153846153846 0.6105769230769231