4 0.9350961538461539 0.8557692307692307 0.125 0.2548076923076923
4 0.7944711538461539 0.8665865384615384 0.20192307692307693 0.24759615384615385
4 0.6418269230769231 0.8701923076923077 0.19230769230769232 0.22115384615384615
4 0.4699519230769231 0.8713942307692307 0.22355769230769232 0.2091346153846154
4 0.29086538461538464 0.875 0.2692307692307692 0.21394230769230768
4 0.4098557692307692 0.38341346153846156 0.6418269230769231 0.7307692307692307
4 0.6887019230769231 0.48677884615384615 0.6177884615384616 0.5793269230769231
4 0.8786057692307693 0.046875 0.23798076923076922 0.0889423076923077
4 0.6490384615384616 0.037259615384615384 0.2548076923076923 0.06971153846153846
4 0.41586538461538464 0.039663461538461536 0.27884615384615385 0.07451923076923077
4 0.21754807692307693 0.040865384615384616 0.3004807692307692 0.07692307692307693
4 0.17548076923076922 0.5432692307692307 0.33653846153846156 0.9086538461538461
4 0.7692307692307693 0.34975961538461536 0.3581730769230769 0.22115384615384615
4 0.7740384615384616 0.6153846153846154 0.44711538461538464 0.2644230769230769
4 0.7644230769230769 0.33413461538461536 0.24519230769230768 0.2860576923076923