5 0.9266826923076923 0.4230769230769231 0.14182692307692307 0.8365384615384616
5 0.8185096153846154 0.27163461538461536 0.19230769230769232 0.3125
5 0.5540865384615384 0.14302884615384615 0.3942307692307692 0.27403846153846156
5 0.8149038461538461 0.5084134615384616 0.13942307692307693 0.20192307692307693
5 0.1814903846153846 0.17908653846153846 0.3557692307692308 0.34615384615384615
5 0.12980769230769232 0.040865384615384616 0.25 0.07211538461538461
5 0.6310096153846154 0.6105769230769231 0.6514423076923077 0.7740384615384616
5 0.640625 0.8257211538461539 0.2764423076923077 0.34375
5 0.039663461538461536 0.8665865384615384 0.07451923076923077 0.2620192307692308
5 0.15504807692307693 0.6742788461538461 0.30528846153846156 0.6466346153846154
5 0.7019230769230769 0.453125 0.5817307692307693 0.6105769230769231
5 0.9819711538461539 0.984375 0.03125 0.026442307692307692
5 0.9663461538461539 0.9134615384615384 0.0625 0.16826923076923078
5 0.5 0.5012019230769231 0.9951923076923077 0.9927884615384616