5 0.5240384615384616 0.078125 0.6298076923076923 0.125
5 0.24759615384615385 0.078125 0.07692307692307693 0.05048076923076923
5 0.6009615384615384 0.07451923076923077 0.40384615384615385 0.125
5 0.4735576923076923 0.23677884615384615 0.6730769230769231 0.1201923076923077
5 0.38341346153846156 0.23677884615384615 0.16105769230769232 0.1201923076923077
5 0.4699519230769231 0.3918269230769231 0.75 0.11538461538461539
5 0.5120192307692307 0.3918269230769231 0.2980769230769231 0.11057692307692307
5 0.13341346153846154 0.3798076923076923 0.07692307692307693 0.052884615384615384
5 0.6129807692307693 0.5528846153846154 0.27403846153846156 0.1201923076923077
5 0.5024038461538461 0.5504807692307693 0.6129807692307693 0.1201923076923077
5 0.17548076923076922 0.7199519230769231 0.07692307692307693 0.052884615384615384
5 0.44591346153846156 0.7271634615384616 0.6298076923076923 0.1201923076923077
5 0.3004807692307692 0.8798076923076923 0.06490384615384616 0.06009615384615385
5 0.5420673076923077 0.8798076923076923 0.5360576923076923 0.11298076923076923
5 0.5300480769230769 0.8786057692307693 0.12980769230769232 0.10336538461538461
5 0.5084134615384616 0.7283653846153846 0.5048076923076923 0.11057692307692307