5 0.055288461538461536 0.09615384615384616 0.11057692307692307 0.19230769230769232
5 0.140625 0.49759615384615385 0.28125 0.9951923076923077
5 0.34134615384615385 0.18028846153846154 0.16826923076923078 0.16346153846153846
5 0.5612980769230769 0.234375 0.1346153846153846 0.12980769230769232
5 0.7103365384615384 0.27283653846153844 0.11298076923076923 0.11057692307692307
5 0.8257211538461539 0.3004807692307692 0.10096153846153846 0.0985576923076923
5 0.9158653846153846 0.3173076923076923 0.07211538461538461 0.07692307692307693
5 0.3762019230769231 0.5432692307692307 0.36778846153846156 0.9014423076923077
5 0.6021634615384616 0.5817307692307693 0.27403846153846156 0.8269230769230769
5 0.7512019230769231 0.609375 0.20673076923076922 0.7692307692307693
5 0.8485576923076923 0.6201923076923077 0.15625 0.75
5 0.9290865384615384 0.6370192307692307 0.10576923076923077 0.7163461538461539