5 0.8004807692307693 0.7259615384615384 0.0673076923076923 0.09615384615384616
5 0.7487980769230769 0.5709134615384616 0.04326923076923077 0.10576923076923077
5 0.9447115384615384 0.5120192307692307 0.06971153846153846 0.09615384615384616
5 0.7403846153846154 0.125 0.06009615384615385 0.08173076923076923
5 0.8665865384615384 0.10096153846153846 0.052884615384615384 0.06009615384615385
5 0.5637019230769231 0.12259615384615384 0.052884615384615384 0.10096153846153846
5 0.3605769230769231 0.16706730769230768 0.052884615384615384 0.08173076923076923
5 0.3449519230769231 0.08052884615384616 0.05048076923076923 0.07692307692307693
5 0.44471153846153844 0.17307692307692307 0.057692307692307696 0.06009615384615385
5 0.20552884615384615 0.7055288461538461 0.057692307692307696 0.0889423076923077
5 0.2548076923076923 0.6610576923076923 0.057692307692307696 0.07211538461538461
5 0.2403846153846154 0.9134615384615384 0.04807692307692308 0.10096153846153846
5 0.09134615384615384 0.8725961538461539 0.038461538461538464 0.07692307692307693
5 0.021634615384615384 0.4050480769230769 0.038461538461538464 0.06009615384615385
5 0.1045673076923077 0.26802884615384615 0.04326923076923077 0.14423076923076922
5 0.3545673076923077 0.6850961538461539 0.05048076923076923 0.08173076923076923
5 0.44711538461538464 0.6490384615384616 0.052884615384615384 0.09615384615384616
5 0.3954326923076923 0.8305288461538461 0.04326923076923077 0.052884615384615384
5 0.3245192307692308 0.9639423076923077 0.057692307692307696 0.06009615384615385
5 0.9447115384615384 0.7980769230769231 0.0625 0.14423076923076922
5 0.6286057692307693 0.5360576923076923 0.057692307692307696 0.07211538461538461
5 0.5552884615384616 0.6550480769230769 0.057692307692307696 0.07211538461538461
5 0.5048076923076923 0.5444711538461539 0.0625 0.07692307692307693
5 0.9254807692307693 0.14302884615384615 0.05048076923076923 0.14423076923076922
5 0.9387019230769231 0.39302884615384615 0.04326923076923077 0.06009615384615385
5 0.021634615384615384 0.6850961538461539 0.038461538461538464 0.07211538461538461
5 0.030048076923076924 0.8209134615384616 0.052884615384615384 0.34615384615384615
5 0.1045673076923077 0.9074519230769231 0.10336538461538461 0.17307692307692307
5 0.0829326923076923 0.7175480769230769 0.08653846153846154 0.20673076923076922
5 0.03125 0.5084134615384616 0.057692307692307696 0.2692307692307692
5 0.030048076923076924 0.1875 0.052884615384615384 0.375
5 0.07692307692307693 0.4735576923076923 0.08653846153846154 0.27884615384615385
5 0.0733173076923077 0.21995192307692307 0.10096153846153846 0.22596153846153846
5 0.09375 0.08052884615384616 0.08653846153846154 0.16105769230769232
5 0.125 0.5949519230769231 0.06971153846153846 0.16826923076923078
5 0.15384615384615385 0.6959134615384616 0.0673076923076923 0.15384615384615385
5 0.16826923076923078 0.8665865384615384 0.07692307692307693 0.23076923076923078
5 0.15384615384615385 0.15745192307692307 0.1466346153846154 0.31490384615384615
5 0.1971153846153846 0.32091346153846156 0.17307692307692307 0.20192307692307693
5 0.1935096153846154 0.5504807692307693 0.1466346153846154 0.2548076923076923
5 0.24879807692307693 0.7800480769230769 0.10336538461538461 0.3701923076923077
5 0.27163461538461536 0.6165865384615384 0.12980769230769232 0.6971153846153846
5 0.2932692307692308 0.11057692307692307 0.08653846153846154 0.22115384615384615
5 0.3233173076923077 0.375 0.10096153846153846 0.2860576923076923
5 0.34134615384615385 0.06850961538461539 0.04326923076923077 0.13701923076923078
5 0.36538461538461536 0.10096153846153846 0.0625 0.20192307692307693
5 0.4362980769230769 0.11057692307692307 0.08653846153846154 0.22115384615384615
5 0.40024038461538464 0.3245192307692308 0.08173076923076923 0.20673076923076922
5 0.48197115384615385 0.1971153846153846 0.07932692307692307 0.3942307692307692
5 0.5252403846153846 0.37740384615384615 0.09615384615384616 0.4230769230769231
5 0.43990384615384615 0.5204326923076923 0.08173076923076923 0.17307692307692307
5 0.36177884615384615 0.5480769230769231 0.05048076923076923 0.07211538461538461
5 0.3918269230769231 0.6634615384615384 0.11057692307692307 0.31490384615384615
5 0.38221153846153844 0.9014423076923077 0.11538461538461539 0.18509615384615385
5 0.5420673076923077 0.08413461538461539 0.09375 0.16826923076923078
5 0.6153846153846154 0.4855769230769231 0.028846153846153848 0.07692307692307693
5 0.9507211538461539 0.21634615384615385 0.09375 0.4326923076923077
5 0.7355769230769231 0.8834134615384616 0.11057692307692307 0.22115384615384615
5 0.6334134615384616 0.8894230769230769 0.08653846153846154 0.20673076923076922
5 0.6286057692307693 0.7475961538461539 0.09615384615384616 0.4951923076923077
5 0.5216346153846154 0.8810096153846154 0.13701923076923078 0.22596153846153846
5 0.546875 0.7980769230769231 0.052884615384615384 0.22596153846153846
5 0.49158653846153844 0.6959134615384616 0.08173076923076923 0.20192307692307693
5 0.6262019230769231 0.2536057692307692 0.12740384615384615 0.5072115384615384
5 0.8245192307692307 0.8305288461538461 0.11538461538461539 0.3269230769230769
5 0.7247596153846154 0.6574519230769231 0.14423076923076922 0.2692307692307692
5 0.6814903846153846 0.4699519230769231 0.05048076923076923 0.1201923076923077
5 0.6935096153846154 0.06850961538461539 0.10576923076923077 0.13701923076923078
5 0.6802884615384616 0.30649038461538464 0.08653846153846154 0.43509615384615385
5 0.7548076923076923 0.27403846153846156 0.08173076923076923 0.23798076923076922
5 0.7764423076923077 0.08413461538461539 0.0673076923076923 0.16826923076923078
5 0.8846153846153846 0.14543269230769232 0.038461538461538464 0.16105769230769232
5 0.8269230769230769 0.38100961538461536 0.1466346153846154 0.3798076923076923
5 0.8533653846153846 0.0985576923076923 0.10096153846153846 0.1971153846153846
5 0.9855769230769231 0.6382211538461539 0.02403846153846154 0.47836538461538464
5 0.9915865384615384 0.8209134615384616 0.01201923076923077 0.13221153846153846
5 0.9230769230769231 0.8894230769230769 0.13942307692307693 0.20673076923076922
5 0.9483173076923077 0.5709134615384616 0.0625 0.22596153846153846
5 0.5012019230769231 0.49759615384615385 0.9951923076923077 0.9951923076923077