5 0.11298076923076923 0.6478365384615384 0.11778846153846154 0.5625
5 0.109375 0.39663461538461536 0.06490384615384616 0.06009615384615385
5 0.19471153846153846 0.5384615384615384 0.1201923076923077 0.7163461538461539
5 0.20192307692307693 0.21033653846153846 0.052884615384615384 0.05048076923076923
5 0.2776442307692308 0.3389423076923077 0.055288461538461536 0.0673076923076923
5 0.3713942307692308 0.3088942307692308 0.057692307692307696 0.13701923076923078
5 0.47596153846153844 0.22716346153846154 0.05048076923076923 0.04807692307692308
5 0.49759615384615385 0.3713942307692308 0.05048076923076923 0.052884615384615384
5 0.5709134615384616 0.3473557692307692 0.057692307692307696 0.06009615384615385
5 0.6598557692307693 0.4639423076923077 0.052884615384615384 0.0673076923076923
5 0.7127403846153846 0.3389423076923077 0.057692307692307696 0.04326923076923077
5 0.8016826923076923 0.34975961538461536 0.04807692307692308 0.055288461538461536
5 0.8894230769230769 0.34975961538461536 0.052884615384615384 0.052884615384615384
5 0.38221153846153844 0.5877403846153846 0.13942307692307693 0.6923076923076923
5 0.27403846153846156 0.6177884615384616 0.0985576923076923 0.6225961538461539
5 0.47115384615384615 0.3473557692307692 0.1201923076923077 0.27884615384615385
5 0.48677884615384615 0.6201923076923077 0.08173076923076923 0.5528846153846154
5 0.5709134615384616 0.6201923076923077 0.11057692307692307 0.6057692307692307
5 0.6514423076923077 0.6802884615384616 0.12980769230769232 0.49759615384615385
5 0.7151442307692307 0.609375 0.1201923076923077 0.5961538461538461
5 0.8040865384615384 0.6117788461538461 0.08653846153846154 0.5793269230769231
5 0.8858173076923077 0.6177884615384616 0.10576923076923077 0.5913461538461539