5 0.578125 0.9266826923076923 0.8389423076923077 0.14182692307692307
5 0.7283653846153846 0.8185096153846154 0.3125 0.19230769230769232
5 0.8569711538461539 0.5540865384615384 0.27403846153846156 0.3942307692307692
5 0.49158653846153844 0.8149038461538461 0.20192307692307693 0.13942307692307693
5 0.8209134615384616 0.1814903846153846 0.34615384615384615 0.3557692307692308
5 0.9591346153846154 0.12980769230769232 0.07211538461538461 0.25
5 0.38822115384615385 0.6298076923076923 0.7764423076923077 0.6490384615384616
5 0.17307692307692307 0.640625 0.34615384615384615 0.27403846153846156
5 0.13221153846153846 0.039663461538461536 0.2644230769230769 0.07211538461538461
5 0.3245192307692308 0.15504807692307693 0.6490384615384616 0.30288461538461536
5 0.546875 0.7019230769230769 0.6105769230769231 0.5817307692307693
5 0.015625 0.9819711538461539 0.03125 0.03125
5 0.08653846153846154 0.9663461538461539 0.17307692307692307 0.0625
5 0.49759615384615385 0.5012019230769231 0.9951923076923077 0.9951923076923077