5 0.026442307692307692 0.6838942307692307 0.04567307692307692 0.4831730769230769
5 0.013221153846153846 0.5108173076923077 0.019230769230769232 0.11538461538461539
5 0.06129807692307692 0.6009615384615384 0.11538461538461539 0.5408653846153846
5 0.06370192307692307 0.47836538461538464 0.1201923076923077 0.4567307692307692
5 0.12139423076923077 0.23798076923076922 0.14182692307692307 0.47115384615384615
5 0.039663461538461536 0.13221153846153846 0.07932692307692307 0.25961538461538464
5 0.171875 0.5697115384615384 0.07451923076923077 0.5528846153846154
5 0.28966346153846156 0.28725961538461536 0.15384615384615385 0.34134615384615385
5 0.21875 0.6201923076923077 0.12259615384615384 0.6225961538461539
5 0.3605769230769231 0.7367788461538461 0.13942307692307693 0.4735576923076923
5 0.3449519230769231 0.484375 0.13221153846153846 0.3942307692307692
5 0.2920673076923077 0.14543269230769232 0.21394230769230768 0.2860576923076923
5 0.4519230769230769 0.5612980769230769 0.09134615384615384 0.6346153846153846
5 0.4855769230769231 0.4387019230769231 0.10576923076923077 0.2283653846153846
5 0.4807692307692308 0.7259615384615384 0.12740384615384615 0.3557692307692308
5 0.5949519230769231 0.5180288461538461 0.07211538461538461 0.07932692307692307
5 0.5576923076923077 0.4387019230769231 0.10096153846153846 0.2932692307692308
5 0.5949519230769231 0.7259615384615384 0.15865384615384615 0.4855769230769231
5 0.6682692307692307 0.6069711538461539 0.1346153846153846 0.5961538461538461
5 0.828125 0.5793269230769231 0.19230769230769232 0.6081730769230769
5 0.6598557692307693 0.2824519230769231 0.18028846153846154 0.3942307692307692
5 0.4831730769230769 0.13221153846153846 0.20673076923076922 0.25961538461538464
5 0.6538461538461539 0.13221153846153846 0.1201923076923077 0.25961538461538464
5 0.7932692307692307 0.21634615384615385 0.21634615384615385 0.42788461538461536
5 0.9002403846153846 0.39302884615384615 0.1658653846153846 0.78125