5 0.1201923076923077 0.9242788461538461 0.23076923076923078 0.1466346153846154
5 0.43028846153846156 0.9399038461538461 0.41346153846153844 0.11298076923076923
5 0.14543269230769232 0.9483173076923077 0.23557692307692307 0.09615384615384616
5 0.6754807692307693 0.9326923076923077 0.6033653846153846 0.12740384615384615
5 0.9002403846153846 0.8918269230769231 0.19471153846153846 0.21153846153846154
5 0.9867788461538461 0.75 0.021634615384615384 0.10096153846153846
5 0.5012019230769231 0.7680288461538461 0.9927884615384616 0.2620192307692308
5 0.8341346153846154 0.6346153846153846 0.3269230769230769 0.12980769230769232
5 0.036057692307692304 0.7487980769230769 0.0625 0.23557692307692307
5 0.515625 0.5252403846153846 0.9639423076923077 0.3004807692307692
5 0.016826923076923076 0.5853365384615384 0.02403846153846154 0.19230769230769232
5 0.4723557692307692 0.3389423076923077 0.9326923076923077 0.33653846153846156
5 0.9086538461538461 0.19230769230769232 0.1778846153846154 0.3798076923076923
5 0.5973557692307693 0.05889423076923077 0.22355769230769232 0.11538461538461539
5 0.7848557692307693 0.07932692307692307 0.17548076923076922 0.15384615384615385
5 0.6286057692307693 0.09254807692307693 0.43028846153846156 0.18269230769230768
5 0.4074519230769231 0.16105769230769232 0.3894230769230769 0.2091346153846154
5 0.2127403846153846 0.07932692307692307 0.41586538461538464 0.15384615384615385
5 0.16466346153846154 0.21995192307692307 0.16346153846153846 0.08653846153846154
5 0.06129807692307692 0.2127403846153846 0.11057692307692307 0.17067307692307693
5 0.5012019230769231 0.4987980769230769 0.9927884615384616 0.9975961538461539