5 0.1201923076923077 0.6262019230769231 0.1875 0.47115384615384615
5 0.23076923076923078 0.6911057692307693 0.0889423076923077 0.3245192307692308
5 0.32211538461538464 0.6887019230769231 0.10096153846153846 0.33653846153846156
5 0.31971153846153844 0.5420673076923077 0.0625 0.036057692307692304
5 0.23557692307692307 0.5396634615384616 0.04326923076923077 0.03125
5 0.12620192307692307 0.41346153846153844 0.08413461538461539 0.04326923076923077
5 0.46875 0.30649038461538464 0.09375 0.052884615384615384
5 0.3641826923076923 0.057692307692307696 0.10576923076923077 0.0625
5 0.7019230769230769 0.13822115384615385 0.125 0.07211538461538461
5 0.8533653846153846 0.30408653846153844 0.09615384615384616 0.0673076923076923
5 0.6598557692307693 0.33052884615384615 0.0673076923076923 0.04807692307692308
5 0.36177884615384615 0.41346153846153844 0.35096153846153844 0.7644230769230769
5 0.44471153846153844 0.5625 0.28365384615384615 0.5721153846153846
5 0.6574519230769231 0.578125 0.15865384615384615 0.5432692307692307
5 0.8449519230769231 0.5685096153846154 0.25 0.5865384615384616
5 0.6778846153846154 0.28846153846153844 0.27163461538461536 0.3557692307692308