5 0.6442307692307693 0.8858173076923077 0.5576923076923077 0.11298076923076923
5 0.5408653846153846 0.8052884615384616 0.7115384615384616 0.1201923076923077
5 0.6117788461538461 0.7307692307692307 0.6105769230769231 0.09615384615384616
5 0.5901442307692307 0.6201923076923077 0.7115384615384616 0.14182692307692307
5 0.36658653846153844 0.5276442307692307 0.3173076923076923 0.12980769230769232
5 0.6334134615384616 0.5180288461538461 0.5793269230769231 0.11298076923076923
5 0.6225961538461539 0.4326923076923077 0.6105769230769231 0.11057692307692307
5 0.7163461538461539 0.35216346153846156 0.5576923076923077 0.13942307692307693
5 0.6117788461538461 0.28725961538461536 0.6009615384615384 0.11538461538461539
5 0.6117788461538461 0.19831730769230768 0.5913461538461539 0.08413461538461539
5 0.6177884615384616 0.11057692307692307 0.5913461538461539 0.10576923076923077
5 0.35216346153846156 0.11298076923076923 0.08173076923076923 0.057692307692307696
5 0.34975961538461536 0.19831730769230768 0.07692307692307693 0.04807692307692308
5 0.3389423076923077 0.28966346153846156 0.07692307692307693 0.052884615384615384
5 0.4699519230769231 0.3401442307692308 0.07692307692307693 0.0625
5 0.35216346153846156 0.42908653846153844 0.07211538461538461 0.057692307692307696
5 0.3798076923076923 0.5 0.06009615384615385 0.052884615384615384
5 0.2403846153846154 0.5252403846153846 0.052884615384615384 0.052884615384615384
5 0.3112980769230769 0.6274038461538461 0.12980769230769232 0.0625
5 0.34134615384615385 0.7223557692307693 0.07211538461538461 0.052884615384615384
5 0.21033653846153846 0.8016826923076923 0.06009615384615385 0.055288461538461536
5 0.4014423076923077 0.8870192307692307 0.06009615384615385 0.057692307692307696