5 0.6129807692307693 0.23798076923076922 0.1778846153846154 0.4639423076923077
5 0.6706730769230769 0.16706730769230768 0.6514423076923077 0.32211538461538464
5 0.8377403846153846 0.5408653846153846 0.2644230769230769 0.6995192307692307
5 0.6586538461538461 0.4074519230769231 0.08653846153846154 0.13701923076923078
5 0.9014423076923077 0.828125 0.09615384615384616 0.125
5 0.44350961538461536 0.8930288461538461 0.08173076923076923 0.10336538461538461
5 0.43509615384615385 0.4723557692307692 0.19230769230769232 0.9326923076923077
5 0.18509615384615385 0.5540865384615384 0.08653846153846154 0.08173076923076923
5 0.22596153846153846 0.3004807692307692 0.1971153846153846 0.5913461538461539
5 0.26802884615384615 0.9735576923076923 0.0889423076923077 0.04807692307692308
5 0.29447115384615385 0.5060096153846154 0.21153846153846154 0.9783653846153846
5 0.11899038461538461 0.6069711538461539 0.23317307692307693 0.78125
5 0.078125 0.13701923076923078 0.1201923076923077 0.2620192307692308
5 0.6586538461538461 0.6526442307692307 0.2403846153846154 0.6923076923076923
5 0.8617788461538461 0.8377403846153846 0.18990384615384615 0.31971153846153844