5 0.8605769230769231 0.3076923076923077 0.15865384615384615 0.2644230769230769
5 0.8257211538461539 0.3954326923076923 0.08653846153846154 0.4519230769230769
5 0.7487980769230769 0.40384615384615385 0.07451923076923077 0.3798076923076923
5 0.640625 0.22355769230769232 0.03365384615384615 0.07211538461538461
5 0.6862980769230769 0.2548076923076923 0.1346153846153846 0.16826923076923078
5 0.6730769230769231 0.796875 0.04326923076923077 0.057692307692307696
5 0.5673076923076923 0.7932692307692307 0.03365384615384615 0.038461538461538464
5 0.5901442307692307 0.7091346153846154 0.038461538461538464 0.05048076923076923
5 0.4855769230769231 0.7764423076923077 0.03365384615384615 0.028846153846153848
5 0.49158653846153844 0.5853365384615384 0.038461538461538464 0.05048076923076923
5 0.43509615384615385 0.36177884615384615 0.08173076923076923 0.4182692307692308
5 0.4254807692307692 0.5540865384615384 0.04807692307692308 0.15865384615384615
5 0.4807692307692308 0.6610576923076923 0.07451923076923077 0.25961538461538464
5 0.5612980769230769 0.734375 0.08653846153846154 0.15865384615384615
5 0.6658653846153846 0.5480769230769231 0.09134615384615384 0.5432692307692307
5 0.6201923076923077 0.5649038461538461 0.03365384615384615 0.04567307692307692
5 0.6201923076923077 0.35336538461538464 0.08413461538461539 0.46875
5 0.4951923076923077 0.3786057692307692 0.0673076923076923 0.47596153846153844
5 0.5456730769230769 0.40625 0.10576923076923077 0.5432692307692307