5 0.6923076923076923 0.8605769230769231 0.2644230769230769 0.15865384615384615
5 0.6045673076923077 0.8257211538461539 0.4519230769230769 0.0889423076923077
5 0.5961538461538461 0.7487980769230769 0.3798076923076923 0.07451923076923077
5 0.7764423076923077 0.640625 0.07211538461538461 0.03365384615384615
5 0.7451923076923077 0.6862980769230769 0.16826923076923078 0.1346153846153846
5 0.203125 0.6730769230769231 0.057692307692307696 0.04326923076923077
5 0.20673076923076922 0.5673076923076923 0.038461538461538464 0.03365384615384615
5 0.29086538461538464 0.5901442307692307 0.05048076923076923 0.038461538461538464
5 0.22355769230769232 0.4855769230769231 0.028846153846153848 0.03365384615384615
5 0.41466346153846156 0.49158653846153844 0.05048076923076923 0.038461538461538464
5 0.6382211538461539 0.43509615384615385 0.4182692307692308 0.08173076923076923
5 0.44591346153846156 0.4254807692307692 0.15865384615384615 0.04807692307692308
5 0.3389423076923077 0.4807692307692308 0.25961538461538464 0.07451923076923077
5 0.265625 0.5612980769230769 0.15865384615384615 0.08653846153846154
5 0.4519230769230769 0.6658653846153846 0.5432692307692307 0.09134615384615384
5 0.43509615384615385 0.6201923076923077 0.04567307692307692 0.03365384615384615
5 0.6466346153846154 0.6201923076923077 0.46875 0.08413461538461539
5 0.6213942307692307 0.4951923076923077 0.47596153846153844 0.0673076923076923
5 0.59375 0.5456730769230769 0.5432692307692307 0.10576923076923077