5 0.33052884615384615 0.17427884615384615 0.6538461538461539 0.3389423076923077
5 0.03125 0.5925480769230769 0.052884615384615384 0.5528846153846154
5 0.17067307692307693 0.5300480769230769 0.28365384615384615 0.7427884615384616
5 0.3894230769230769 0.2920673076923077 0.18269230769230768 0.3557692307692308
5 0.3449519230769231 0.6153846153846154 0.25721153846153844 0.7644230769230769
5 0.15504807692307693 0.7127403846153846 0.30288461538461536 0.5721153846153846
5 0.3233173076923077 0.7572115384615384 0.07211538461538461 0.125
5 0.10336538461538461 0.828125 0.0985576923076923 0.125
5 0.34134615384615385 0.4014423076923077 0.09615384615384616 0.125
5 0.5745192307692307 0.4723557692307692 0.1971153846153846 0.9326923076923077
5 0.7800480769230769 0.30288461538461536 0.19951923076923078 0.5961538461538461
5 0.8353365384615384 0.09254807692307693 0.3245192307692308 0.17548076923076922
5 0.9254807692307693 0.2403846153846154 0.1346153846153846 0.47115384615384615
5 0.7944711538461539 0.9771634615384616 0.05048076923076923 0.040865384615384616
5 0.7379807692307693 0.9735576923076923 0.08173076923076923 0.04807692307692308
5 0.8185096153846154 0.5516826923076923 0.09615384615384616 0.07692307692307693
5 0.7211538461538461 0.5853365384615384 0.20673076923076922 0.8245192307692307
5 0.9435096153846154 0.8473557692307693 0.10817307692307693 0.3004807692307692
5 0.8858173076923077 0.6129807692307693 0.22355769230769232 0.7692307692307693
5 0.5 0.5012019230769231 0.9951923076923077 0.9927884615384616