5 0.9122596153846154 0.06610576923076923 0.11057692307692307 0.1201923076923077
5 0.9819711538461539 0.0985576923076923 0.028846153846153848 0.1875
5 0.9266826923076923 0.19951923076923078 0.125 0.16826923076923078
5 0.9350961538461539 0.33052884615384615 0.125 0.125
5 0.9230769230769231 0.36658653846153844 0.057692307692307696 0.07692307692307693
5 0.9603365384615384 0.4483173076923077 0.07211538461538461 0.12980769230769232
5 0.8185096153846154 0.13341346153846154 0.16826923076923078 0.25721153846153844
5 0.8677884615384616 0.040865384615384616 0.052884615384615384 0.07211538461538461
5 0.8365384615384616 0.3137019230769231 0.07211538461538461 0.11538461538461539
5 0.9002403846153846 0.3858173076923077 0.09134615384615384 0.15865384615384615
5 0.8197115384615384 0.5576923076923077 0.24519230769230768 0.21875
5 0.7127403846153846 0.6442307692307693 0.021634615384615384 0.03365384615384615
5 0.9651442307692307 0.5709134615384616 0.0625 0.11538461538461539
5 0.9146634615384616 0.7103365384615384 0.09134615384615384 0.15384615384615385
5 0.9747596153846154 0.7127403846153846 0.04326923076923077 0.15865384615384615
5 0.9603365384615384 0.8882211538461539 0.07211538461538461 0.20192307692307693
5 0.7980769230769231 0.8942307692307693 0.3605769230769231 0.20673076923076922
5 0.7199519230769231 0.8509615384615384 0.4110576923076923 0.2932692307692308
5 0.5288461538461539 0.953125 0.038461538461538464 0.07211538461538461
5 0.71875 0.5769230769230769 0.0625 0.08173076923076923
5 0.7019230769230769 0.5492788461538461 0.08653846153846154 0.14903846153846154
5 0.6706730769230769 0.4014423076923077 0.0625 0.08173076923076923
5 0.6346153846153846 0.41586538461538464 0.12740384615384615 0.16346153846153846
5 0.6658653846153846 0.28725961538461536 0.29086538461538464 0.18028846153846154
5 0.5769230769230769 0.20192307692307693 0.18509615384615385 0.1875
5 0.6742788461538461 0.10096153846153846 0.12740384615384615 0.19230769230769232
5 0.6177884615384616 0.057692307692307696 0.05048076923076923 0.07211538461538461
5 0.6478365384615384 0.027644230769230768 0.0889423076923077 0.04326923076923077
5 0.5024038461538461 0.16346153846153846 0.1971153846153846 0.3173076923076923
5 0.5240384615384616 0.040865384615384616 0.11057692307692307 0.07211538461538461
5 0.41947115384615385 0.0733173076923077 0.1201923076923077 0.13701923076923078
5 0.31490384615384615 0.040865384615384616 0.10576923076923077 0.07211538461538461
5 0.3329326923076923 0.16346153846153846 0.0985576923076923 0.2620192307692308
5 0.40865384615384615 0.18629807692307693 0.04807692307692308 0.08653846153846154
5 0.40384615384615385 0.3173076923076923 0.33413461538461536 0.1875
5 0.234375 0.13341346153846154 0.10576923076923077 0.24759615384615385
5 0.13221153846153846 0.036057692307692304 0.0625 0.06009615384615385
5 0.6322115384615384 0.5324519230769231 0.04326923076923077 0.09134615384615384
5 0.47475961538461536 0.4338942307692308 0.35096153846153844 0.28846153846153844
5 0.4266826923076923 0.5324519230769231 0.038461538461538464 0.09134615384615384
5 0.36778846153846156 0.5600961538461539 0.15384615384615385 0.14903846153846154
5 0.5108173076923077 0.5961538461538461 0.19230769230769232 0.12980769230769232
5 0.5745192307692307 0.7403846153846154 0.24759615384615385 0.16826923076923078
5 0.625 0.8137019230769231 0.21153846153846154 0.1971153846153846
5 0.054086538461538464 0.0625 0.10336538461538461 0.11538461538461539
5 0.16346153846153846 0.1310096153846154 0.11778846153846154 0.1875
5 0.07692307692307693 0.2764423076923077 0.15384615384615385 0.34375
5 0.042067307692307696 0.2800480769230769 0.07932692307692307 0.19471153846153846
5 0.109375 0.4362980769230769 0.21394230769230768 0.23317307692307693
5 0.07692307692307693 0.6201923076923077 0.15384615384615385 0.28846153846153844
5 0.17427884615384615 0.7536057692307693 0.05048076923076923 0.08653846153846154
5 0.2776442307692308 0.7980769230769231 0.052884615384615384 0.0673076923076923
5 0.23798076923076922 0.8786057692307693 0.12980769230769232 0.23798076923076922
5 0.15985576923076922 0.8509615384615384 0.12740384615384615 0.2932692307692308
5 0.051682692307692304 0.9110576923076923 0.0985576923076923 0.17307692307692307
5 0.006009615384615385 0.9675480769230769 0.007211538461538462 0.06009615384615385
5 0.056490384615384616 0.7451923076923077 0.10817307692307693 0.20673076923076922
5 0.37259615384615385 0.9627403846153846 0.052884615384615384 0.06971153846153846
5 0.33413461538461536 0.9278846153846154 0.1201923076923077 0.13942307692307693
5 0.39783653846153844 0.8305288461538461 0.25240384615384615 0.3173076923076923
5 0.39783653846153844 0.6742788461538461 0.07692307692307693 0.10336538461538461
5 0.48197115384615385 0.9939903846153846 0.0625 0.009615384615384616
5 0.49278846153846156 0.9723557692307693 0.1778846153846154 0.052884615384615384
5 0.33774038461538464 0.6778846153846154 0.07211538461538461 0.0985576923076923
5 0.26322115384615385 0.5600961538461539 0.14903846153846154 0.23557692307692307
5 0.22596153846153846 0.7079326923076923 0.11057692307692307 0.16826923076923078
5 0.22596153846153846 0.34375 0.1466346153846154 0.2091346153846154
5 0.5012019230769231 0.5 0.9975961538461539 0.9951923076923077