5 0.2127403846153846 0.25721153846153844 0.24519230769230768 0.42788461538461536
5 0.19951923076923078 0.4098557692307692 0.10336538461538461 0.13221153846153846
5 0.25961538461538464 0.8858173076923077 0.0985576923076923 0.0985576923076923
5 0.21875 0.7295673076923077 0.23317307692307693 0.39903846153846156
5 0.5060096153846154 0.9158653846153846 0.08173076923076923 0.07211538461538461
5 0.7704326923076923 0.8822115384615384 0.09615384615384616 0.09134615384615384
5 0.8197115384615384 0.39663461538461536 0.09134615384615384 0.09375
5 0.5252403846153846 0.43149038461538464 0.08413461538461539 0.08653846153846154
5 0.5060096153846154 0.734375 0.2764423076923077 0.4326923076923077
5 0.5060096153846154 0.25721153846153844 0.2620192307692308 0.4375
5 0.7944711538461539 0.2536057692307692 0.19230769230769232 0.3557692307692308
5 0.7932692307692307 0.7127403846153846 0.2403846153846154 0.4206730769230769