5 0.40384615384615385 0.875 0.35096153846153844 0.11298076923076923
5 0.6201923076923077 0.7055288461538461 0.22355769230769232 0.12980769230769232
5 0.49759615384615385 0.8762019230769231 0.16346153846153846 0.11057692307692307
5 0.24278846153846154 0.7271634615384616 0.27884615384615385 0.17307692307692307
5 0.5324519230769231 0.7055288461538461 0.39903846153846156 0.14423076923076922
5 0.27884615384615385 0.5492788461538461 0.2956730769230769 0.17307692307692307
5 0.3473557692307692 0.3762019230769231 0.32211538461538464 0.25
5 0.5769230769230769 0.5504807692307693 0.34375 0.12740384615384615
5 0.5060096153846154 0.2800480769230769 0.37740384615384615 0.13942307692307693
5 0.7295673076923077 0.11778846153846154 0.23557692307692307 0.1346153846153846
5 0.5877403846153846 0.12139423076923077 0.5288461538461539 0.15625