5 0.7536057692307693 0.08052884615384616 0.4807692307692308 0.15384615384615385
5 0.6730769230769231 0.25600961538461536 0.6442307692307693 0.2403846153846154
5 0.7680288461538461 0.43028846153846156 0.4543269230769231 0.25
5 0.6778846153846154 0.6286057692307693 0.6322115384615384 0.22115384615384615
5 0.7536057692307693 0.8161057692307693 0.4807692307692308 0.33653846153846156
5 0.4699519230769231 0.47836538461538464 0.5096153846153846 0.19230769230769232
5 0.47836538461538464 0.14182692307692307 0.5576923076923077 0.21634615384615385
5 0.30528846153846156 0.06610576923076923 0.40384615384615385 0.125
5 0.12980769230769232 0.03125 0.25961538461538464 0.055288461538461536
5 0.10576923076923077 0.15865384615384615 0.21153846153846154 0.13942307692307693
5 0.18389423076923078 0.25721153846153844 0.36778846153846156 0.13221153846153846
5 0.3293269230769231 0.35096153846153844 0.46634615384615385 0.1658653846153846
5 0.3245192307692308 0.6526442307692307 0.4423076923076923 0.19471153846153846
5 0.44591346153846156 0.8064903846153846 0.47115384615384615 0.2548076923076923
5 0.6790865384615384 0.9375 0.6370192307692307 0.1201923076923077
5 0.30649038461538464 0.9290865384615384 0.3870192307692308 0.13701923076923078
5 0.21033653846153846 0.8088942307692307 0.39903846153846156 0.19230769230769232
5 0.12740384615384615 0.6838942307692307 0.2548076923076923 0.16346153846153846
5 0.17908653846153846 0.5168269230769231 0.3581730769230769 0.18269230769230768
5 0.12980769230769232 0.4206730769230769 0.25961538461538464 0.15865384615384615
5 0.11538461538461539 0.9230769230769231 0.23076923076923078 0.14903846153846154