5 0.6141826923076923 0.8473557692307693 0.0625 0.08413461538461539
5 0.6742788461538461 0.8365384615384616 0.057692307692307696 0.0625
5 0.7427884615384616 0.8473557692307693 0.07211538461538461 0.08413461538461539
5 0.7872596153846154 0.8557692307692307 0.040865384615384616 0.038461538461538464
5 0.1502403846153846 0.6862980769230769 0.23317307692307693 0.44711538461538464
5 0.35336538461538464 0.7391826923076923 0.4519230769230769 0.27884615384615385
5 0.4266826923076923 0.6658653846153846 0.31971153846153844 0.23557692307692307
5 0.21634615384615385 0.3581730769230769 0.13942307692307693 0.6298076923076923
5 0.5396634615384616 0.43149038461538464 0.125 0.6947115384615384
5 0.6706730769230769 0.43149038461538464 0.15384615384615385 0.7475961538461539
5 0.8161057692307693 0.44711538461538464 0.18028846153846154 0.8317307692307693