5 0.6262019230769231 0.8798076923076923 0.47115384615384615 0.1875
5 0.6911057692307693 0.7692307692307693 0.3245192307692308 0.0889423076923077
5 0.6887019230769231 0.6778846153846154 0.33653846153846156 0.10096153846153846
5 0.5420673076923077 0.6802884615384616 0.036057692307692304 0.0625
5 0.5396634615384616 0.7644230769230769 0.03125 0.04326923076923077
5 0.41346153846153844 0.8737980769230769 0.04326923076923077 0.08413461538461539
5 0.30649038461538464 0.53125 0.052884615384615384 0.09375
5 0.057692307692307696 0.6358173076923077 0.0625 0.10576923076923077
5 0.13822115384615385 0.2980769230769231 0.07211538461538461 0.125
5 0.30408653846153844 0.1466346153846154 0.0673076923076923 0.09615384615384616
5 0.33052884615384615 0.3401442307692308 0.04807692307692308 0.0673076923076923
5 0.41346153846153844 0.6382211538461539 0.7644230769230769 0.35096153846153844
5 0.5625 0.5552884615384616 0.5721153846153846 0.28365384615384615
5 0.578125 0.3425480769230769 0.5432692307692307 0.15865384615384615
5 0.5685096153846154 0.15504807692307693 0.5865384615384616 0.25
5 0.28846153846153844 0.32211538461538464 0.3557692307692308 0.27163461538461536