5 0.15264423076923078 0.6141826923076923 0.08413461538461539 0.0625
5 0.16346153846153846 0.6742788461538461 0.0625 0.055288461538461536
5 0.15264423076923078 0.7427884615384616 0.08413461538461539 0.07211538461538461
5 0.14423076923076922 0.7872596153846154 0.038461538461538464 0.040865384615384616
5 0.3137019230769231 0.1502403846153846 0.44711538461538464 0.23317307692307693
5 0.2608173076923077 0.35336538461538464 0.27884615384615385 0.4519230769230769
5 0.33413461538461536 0.4266826923076923 0.23557692307692307 0.31971153846153844
5 0.6418269230769231 0.21634615384615385 0.6298076923076923 0.13942307692307693
5 0.5685096153846154 0.5396634615384616 0.6947115384615384 0.125
5 0.5685096153846154 0.6706730769230769 0.7475961538461539 0.15384615384615385
5 0.5528846153846154 0.8161057692307693 0.8317307692307693 0.18028846153846154