5 0.07572115384615384 0.31009615384615385 0.10576923076923077 0.5384615384615384
5 0.07211538461538461 0.546875 0.05048076923076923 0.07692307692307693
5 0.17668269230769232 0.7103365384615384 0.05048076923076923 0.057692307692307696
5 0.1778846153846154 0.39302884615384615 0.11538461538461539 0.6923076923076923
5 0.2824519230769231 0.6682692307692307 0.052884615384615384 0.057692307692307696
5 0.28365384615384615 0.3641826923076923 0.10576923076923077 0.6802884615384616
5 0.41225961538461536 0.9086538461538461 0.06009615384615385 0.0889423076923077
5 0.41225961538461536 0.4879807692307692 0.14903846153846154 0.9182692307692307
5 0.5721153846153846 0.9290865384615384 0.057692307692307696 0.07211538461538461
5 0.5649038461538461 0.49759615384615385 0.15144230769230768 0.9350961538461539
5 0.41466346153846156 0.32211538461538464 0.15144230769230768 0.38461538461538464
5 0.5673076923076923 0.3076923076923077 0.13942307692307693 0.23557692307692307
5 0.17908653846153846 0.20432692307692307 0.10576923076923077 0.17307692307692307
5 0.7019230769230769 0.7391826923076923 0.052884615384615384 0.12980769230769232
5 0.6983173076923077 0.4206730769230769 0.1201923076923077 0.7692307692307693
5 0.6959134615384616 0.27524038461538464 0.11778846153846154 0.28846153846153844
5 0.8173076923076923 0.6514423076923077 0.057692307692307696 0.07211538461538461
5 0.8125 0.3545673076923077 0.11538461538461539 0.6634615384615384
5 0.8125 0.4375 0.10576923076923077 0.15384615384615385
5 0.9230769230769231 0.5300480769230769 0.052884615384615384 0.06490384615384616
5 0.9206730769230769 0.2956730769230769 0.11057692307692307 0.5336538461538461
5 0.9182692307692307 0.24278846153846154 0.11057692307692307 0.21153846153846154