5 0.6538461538461539 0.18990384615384615 0.07451923076923077 0.10576923076923077
5 0.6778846153846154 0.09134615384615384 0.09134615384615384 0.1201923076923077
5 0.7692307692307693 0.08173076923076923 0.09375 0.12259615384615384
5 0.859375 0.1045673076923077 0.08653846153846154 0.10576923076923077
5 0.9447115384615384 0.11177884615384616 0.09375 0.10096153846153846
5 0.8930288461538461 0.2283653846153846 0.09134615384615384 0.1201923076923077
5 0.8125 0.22115384615384615 0.07692307692307693 0.10817307692307693
5 0.734375 0.21875 0.07692307692307693 0.10096153846153846
5 0.2091346153846154 0.5180288461538461 0.19230769230769232 0.6586538461538461
5 0.08653846153846154 0.5913461538461539 0.13221153846153846 0.6442307692307693
5 0.18389423076923078 0.8533653846153846 0.11057692307692307 0.23317307692307693
5 0.27163461538461536 0.7944711538461539 0.11298076923076923 0.25
5 0.3870192307692308 0.5252403846153846 0.14903846153846154 0.6754807692307693
5 0.5408653846153846 0.5432692307692307 0.16826923076923078 0.6586538461538461
5 0.43990384615384615 0.8040865384615384 0.11298076923076923 0.23798076923076922
5 0.35096153846153844 0.8786057692307693 0.11057692307692307 0.22355769230769232
5 0.515625 0.8762019230769231 0.11057692307692307 0.20673076923076922
5 0.6213942307692307 0.6237980769230769 0.11057692307692307 0.6201923076923077