5 0.09975961538461539 0.7067307692307693 0.16346153846153846 0.15144230769230768
5 0.12259615384615384 0.6622596153846154 0.07692307692307693 0.0625
5 0.11778846153846154 0.609375 0.057692307692307696 0.036057692307692304
5 0.13822115384615385 0.6538461538461539 0.1346153846153846 0.125
5 0.2439903846153846 0.6550480769230769 0.052884615384615384 0.04807692307692308
5 0.3329326923076923 0.6598557692307693 0.052884615384615384 0.04807692307692308
5 0.36899038461538464 0.609375 0.052884615384615384 0.04326923076923077
5 0.24879807692307693 0.7043269230769231 0.09615384615384616 0.15384615384615385
5 0.36899038461538464 0.7115384615384616 0.1346153846153846 0.1346153846153846
5 0.390625 0.6622596153846154 0.10576923076923077 0.14182692307692307
5 0.6201923076923077 0.48197115384615385 0.11057692307692307 0.5480769230769231
5 0.7091346153846154 0.4483173076923077 0.10096153846153846 0.5336538461538461
5 0.7596153846153846 0.5913461538461539 0.1346153846153846 0.40865384615384615
5 0.9158653846153846 0.49158653846153844 0.15865384615384615 0.5817307692307693
5 0.8377403846153846 0.33052884615384615 0.10096153846153846 0.2980769230769231
5 0.625 0.2247596153846154 0.057692307692307696 0.038461538461538464
5 0.6983173076923077 0.19951923076923078 0.0625 0.04326923076923077
5 0.7644230769230769 0.41586538461538464 0.0625 0.0673076923076923
5 0.8557692307692307 0.20432692307692307 0.04807692307692308 0.04326923076923077
5 0.9194711538461539 0.21514423076923078 0.052884615384615384 0.03125