5 0.09735576923076923 0.5180288461538461 0.08173076923076923 0.13942307692307693
5 0.2512019230769231 0.4795673076923077 0.07692307692307693 0.125
5 0.3954326923076923 0.42427884615384615 0.0889423076923077 0.12980769230769232
5 0.5420673076923077 0.390625 0.07211538461538461 0.11538461538461539
5 0.6754807692307693 0.3641826923076923 0.07211538461538461 0.11538461538461539
5 0.8112980769230769 0.3449519230769231 0.0673076923076923 0.1201923076923077
5 0.9338942307692307 0.32211538461538464 0.07211538461538461 0.1201923076923077
5 0.7536057692307693 0.6911057692307693 0.07692307692307693 0.12980769230769232
5 0.5709134615384616 0.7668269230769231 0.07692307692307693 0.12980769230769232
5 0.375 0.8713942307692307 0.08413461538461539 0.125
5 0.14182692307692307 0.9194711538461539 0.0889423076923077 0.125
5 0.90625 0.6959134615384616 0.08173076923076923 0.12980769230769232
5 0.09975961538461539 0.3269230769230769 0.1201923076923077 0.5192307692307693
5 0.14423076923076922 0.5961538461538461 0.2091346153846154 0.7740384615384616
5 0.3713942307692308 0.578125 0.19230769230769232 0.7115384615384616
5 0.5709134615384616 0.5216346153846154 0.1658653846153846 0.6177884615384616
5 0.7560096153846154 0.484375 0.14182692307692307 0.5432692307692307
5 0.90625 0.4891826923076923 0.125 0.5336538461538461
5 0.24879807692307693 0.30649038461538464 0.11538461538461539 0.4807692307692308
5 0.390625 0.2800480769230769 0.11538461538461539 0.4182692307692308
5 0.5396634615384616 0.25721153846153844 0.10336538461538461 0.38221153846153844
5 0.6754807692307693 0.2439903846153846 0.09615384615384616 0.3557692307692308
5 0.8112980769230769 0.23317307692307693 0.09375 0.33413461538461536
5 0.9338942307692307 0.22235576923076922 0.08173076923076923 0.31971153846153844