5 0.8882211538461539 0.8173076923076923 0.11538461538461539 0.07692307692307693
5 0.9795673076923077 0.7487980769230769 0.036057692307692304 0.07451923076923077
5 0.9495192307692307 0.71875 0.08653846153846154 0.057692307692307696
5 0.9146634615384616 0.7680288461538461 0.052884615384615384 0.040865384615384616
5 0.8822115384615384 0.7319711538461539 0.057692307692307696 0.07211538461538461
5 0.8377403846153846 0.7632211538461539 0.052884615384615384 0.07211538461538461
5 0.8016826923076923 0.7680288461538461 0.03365384615384615 0.040865384615384616
5 0.7716346153846154 0.8112980769230769 0.0625 0.04807692307692308
5 0.7704326923076923 0.8401442307692307 0.019230769230769232 0.019230769230769232
5 0.7415865384615384 0.8509615384615384 0.052884615384615384 0.040865384615384616
5 0.7175480769230769 0.8377403846153846 0.04807692307692308 0.036057692307692304
5 0.6935096153846154 0.8533653846153846 0.026442307692307692 0.057692307692307696
5 0.6682692307692307 0.8509615384615384 0.04807692307692308 0.10336538461538461
5 0.6502403846153846 0.9146634615384616 0.026442307692307692 0.04807692307692308
5 0.6213942307692307 0.9326923076923077 0.06971153846153846 0.08173076923076923
5 0.5829326923076923 0.9459134615384616 0.052884615384615384 0.036057692307692304
5 0.546875 0.9387019230769231 0.05048076923076923 0.052884615384615384
5 0.49278846153846156 0.953125 0.05048076923076923 0.052884615384615384
5 0.4495192307692308 0.9326923076923077 0.08173076923076923 0.07211538461538461
5 0.4074519230769231 0.9483173076923077 0.0673076923076923 0.09134615384615384
5 0.3713942307692308 0.9903846153846154 0.026442307692307692 0.014423076923076924
5 0.35336538461538464 0.9411057692307693 0.04326923076923077 0.07692307692307693
5 0.31850961538461536 0.9254807692307693 0.057692307692307696 0.0673076923076923
5 0.2776442307692308 0.8918269230769231 0.09375 0.08173076923076923
5 0.28725961538461536 0.8713942307692307 0.05048076923076923 0.052884615384615384
5 0.21394230769230768 0.9230769230769231 0.04326923076923077 0.040865384615384616
5 0.2620192307692308 0.9254807692307693 0.0625 0.057692307692307696
5 0.2920673076923077 0.9567307692307693 0.05048076923076923 0.04807692307692308
5 0.3125 0.9723557692307693 0.07692307692307693 0.05048076923076923
5 0.24759615384615385 0.9807692307692307 0.07211538461538461 0.03365384615384615
5 0.16706730769230768 0.9699519230769231 0.0889423076923077 0.055288461538461536
5 0.11298076923076923 0.9699519230769231 0.057692307692307696 0.055288461538461536
5 0.042067307692307696 0.9615384615384616 0.07692307692307693 0.057692307692307696
5 0.03485576923076923 0.9050480769230769 0.0625 0.09615384615384616
5 0.07091346153846154 0.8846153846153846 0.1346153846153846 0.1201923076923077
5 0.12379807692307693 0.8870192307692307 0.07692307692307693 0.09134615384615384
5 0.17427884615384615 0.9146634615384616 0.055288461538461536 0.04807692307692308
5 0.09495192307692307 0.8112980769230769 0.07451923076923077 0.07692307692307693
5 0.037259615384615384 0.7860576923076923 0.0673076923076923 0.0673076923076923
5 0.03125 0.7391826923076923 0.055288461538461536 0.0673076923076923
5 0.021634615384615384 0.7091346153846154 0.03365384615384615 0.036057692307692304
5 0.2127403846153846 0.6213942307692307 0.20192307692307693 0.1201923076923077
5 0.11538461538461539 0.6057692307692307 0.10096153846153846 0.09615384615384616
5 0.028846153846153848 0.5612980769230769 0.05048076923076923 0.12259615384615384
5 0.025240384615384616 0.5252403846153846 0.026442307692307692 0.019230769230769232
5 0.03245192307692308 0.4951923076923077 0.026442307692307692 0.040865384615384616
5 0.08052884615384616 0.5288461538461539 0.125 0.08653846153846154
5 0.009615384615384616 0.49278846153846156 0.01201923076923077 0.04807692307692308
5 0.04807692307692308 0.6009615384615384 0.0889423076923077 0.07692307692307693
5 0.025240384615384616 0.6646634615384616 0.04326923076923077 0.040865384615384616
5 0.10216346153846154 0.71875 0.11057692307692307 0.07692307692307693
5 0.10576923076923077 0.6778846153846154 0.07211538461538461 0.057692307692307696
5 0.18509615384615385 0.6850961538461539 0.09375 0.08173076923076923
5 0.051682692307692304 0.4387019230769231 0.09615384615384616 0.1346153846153846
5 0.10096153846153846 0.3713942307692308 0.19471153846153846 0.16346153846153846
5 0.0673076923076923 0.1935096153846154 0.12740384615384615 0.17067307692307693
5 0.10817307692307693 0.1346153846153846 0.038461538461538464 0.052884615384615384
5 0.25841346153846156 0.13701923076923078 0.13221153846153846 0.22115384615384615
5 0.125 0.03365384615384615 0.1658653846153846 0.057692307692307696
5 0.03485576923076923 0.07932692307692307 0.0625 0.14903846153846154
5 0.171875 0.07211538461538461 0.15144230769230768 0.11298076923076923
5 0.09615384615384616 0.23197115384615385 0.18509615384615385 0.21634615384615385
5 0.22235576923076922 0.27524038461538464 0.1346153846153846 0.0985576923076923
5 0.20673076923076922 0.39903846153846156 0.07451923076923077 0.14903846153846154
5 0.2644230769230769 0.3605769230769231 0.12740384615384615 0.14423076923076922
5 0.24519230769230768 0.39663461538461536 0.05048076923076923 0.0625
5 0.32091346153846156 0.48197115384615385 0.08653846153846154 0.09615384615384616
5 0.26802884615384615 0.47115384615384615 0.04326923076923077 0.07692307692307693
5 0.23798076923076922 0.4891826923076923 0.019230769230769232 0.03125
5 0.20673076923076922 0.48677884615384615 0.04326923076923077 0.0673076923076923
5 0.140625 0.46875 0.08173076923076923 0.0625
5 0.16466346153846154 0.5228365384615384 0.08173076923076923 0.07692307692307693
5 0.33533653846153844 0.5901442307692307 0.08653846153846154 0.10817307692307693
5 0.28725961538461536 0.5949519230769231 0.05048076923076923 0.08653846153846154
5 0.36899038461538464 0.5336538461538461 0.07211538461538461 0.04807692307692308
5 0.4074519230769231 0.5228365384615384 0.10576923076923077 0.12980769230769232
5 0.3473557692307692 0.3870192307692308 0.06971153846153846 0.20673076923076922
5 0.3161057692307692 0.23197115384615385 0.0625 0.08173076923076923
5 0.28966346153846156 0.31490384615384615 0.0625 0.08173076923076923
5 0.328125 0.10096153846153846 0.10817307692307693 0.19230769230769232
5 0.39903846153846156 0.12139423076923077 0.10576923076923077 0.1201923076923077
5 0.3954326923076923 0.23677884615384615 0.09615384615384616 0.125
5 0.4206730769230769 0.38100961538461536 0.13942307692307693 0.18509615384615385
5 0.45552884615384615 0.29927884615384615 0.052884615384615384 0.11298076923076923
5 0.5192307692307693 0.09254807692307693 0.1346153846153846 0.17548076923076922
5 0.47475961538461536 0.16706730769230768 0.03125 0.036057692307692304
5 0.46274038461538464 0.056490384615384616 0.06971153846153846 0.10336538461538461
5 0.44591346153846156 0.03365384615384615 0.03365384615384615 0.057692307692307696
5 0.6742788461538461 0.028846153846153848 0.03365384615384615 0.04807692307692308
5 0.5661057692307693 0.12139423076923077 0.25240384615384615 0.23076923076923078
5 0.6201923076923077 0.11538461538461539 0.22115384615384615 0.22115384615384615
5 0.7391826923076923 0.06971153846153846 0.14423076923076922 0.12980769230769232
5 0.8942307692307693 0.025240384615384616 0.03365384615384615 0.040865384615384616
5 0.8221153846153846 0.08533653846153846 0.1778846153846154 0.16105769230769232
5 0.9627403846153846 0.03365384615384615 0.04326923076923077 0.057692307692307696
5 0.9098557692307693 0.07451923076923077 0.1346153846153846 0.13942307692307693
5 0.9399038461538461 0.17307692307692307 0.09615384615384616 0.22115384615384615
5 0.8786057692307693 0.18269230769230768 0.07211538461538461 0.08653846153846154
5 0.8605769230769231 0.24278846153846154 0.06971153846153846 0.08173076923076923
5 0.796875 0.35096153846153844 0.09615384615384616 0.15625
5 0.7548076923076923 0.4170673076923077 0.026442307692307692 0.03125
5 0.84375 0.3329326923076923 0.03365384615384615 0.036057692307692304
5 0.8798076923076923 0.3870192307692308 0.13942307692307693 0.07211538461538461
5 0.9110576923076923 0.31971153846153844 0.16346153846153846 0.07211538461538461
5 0.9555288461538461 0.21634615384615385 0.08413461538461539 0.13942307692307693
5 0.7548076923076923 0.19591346153846154 0.05048076923076923 0.07211538461538461
5 0.7824519230769231 0.30408653846153844 0.026442307692307692 0.021634615384615384
5 0.8052884615384616 0.24519230769230768 0.07211538461538461 0.16105769230769232
5 0.6983173076923077 0.28846153846153844 0.10096153846153846 0.09134615384615384
5 0.6442307692307693 0.24519230769230768 0.17067307692307693 0.21153846153846154
5 0.5408653846153846 0.3245192307692308 0.10817307692307693 0.17548076923076922
5 0.4963942307692308 0.5 0.17307692307692307 0.125
5 0.515625 0.4326923076923077 0.03365384615384615 0.040865384615384616
5 0.5372596153846154 0.4254807692307692 0.06971153846153846 0.0673076923076923
5 0.5829326923076923 0.38100961538461536 0.02403846153846154 0.040865384615384616
5 0.65625 0.3737980769230769 0.11538461538461539 0.10817307692307693
5 0.6911057692307693 0.3401442307692308 0.15384615384615385 0.17548076923076922
5 0.6394230769230769 0.44350961538461536 0.14423076923076922 0.09134615384615384
5 0.5985576923076923 0.4795673076923077 0.04807692307692308 0.040865384615384616
5 0.6346153846153846 0.5901442307692307 0.14423076923076922 0.20192307692307693
5 0.515625 0.6237980769230769 0.12740384615384615 0.08173076923076923
5 0.45552884615384615 0.5769230769230769 0.11538461538461539 0.09134615384615384
5 0.38461538461538464 0.6394230769230769 0.09615384615384616 0.08173076923076923
5 0.33774038461538464 0.7007211538461539 0.0889423076923077 0.09134615384615384
5 0.2644230769230769 0.703125 0.0673076923076923 0.07692307692307693
5 0.7644230769230769 0.4483173076923077 0.10817307692307693 0.0625
5 0.7860576923076923 0.49278846153846156 0.11057692307692307 0.07692307692307693
5 0.9110576923076923 0.46153846153846156 0.17307692307692307 0.15384615384615385
5 0.9855769230769231 0.3737980769230769 0.02403846153846154 0.07932692307692307
5 0.8257211538461539 0.5649038461538461 0.09134615384615384 0.14903846153846154
5 0.7956730769230769 0.6346153846153846 0.02403846153846154 0.019230769230769232
5 0.8798076923076923 0.515625 0.06971153846153846 0.09134615384615384
5 0.9074519230769231 0.6033653846153846 0.1466346153846154 0.07211538461538461
5 0.9855769230769231 0.5673076923076923 0.02403846153846154 0.04326923076923077
5 0.9483173076923077 0.5444711538461539 0.0985576923076923 0.06971153846153846
5 0.9675480769230769 0.6358173076923077 0.06009615384615385 0.07451923076923077
5 0.8846153846153846 0.6646634615384616 0.11538461538461539 0.052884615384615384
5 0.7896634615384616 0.6826923076923077 0.15865384615384615 0.0673076923076923
5 0.7487980769230769 0.5829326923076923 0.125 0.1346153846153846
5 0.953125 0.6911057692307693 0.09134615384615384 0.052884615384615384
5 0.7319711538461539 0.9314903846153846 0.13701923076923078 0.13221153846153846
5 0.7872596153846154 0.6826923076923077 0.15384615384615385 0.0673076923076923
5 0.7415865384615384 0.75 0.12980769230769232 0.08653846153846154
5 0.7415865384615384 0.7091346153846154 0.02403846153846154 0.036057692307692304
5 0.6935096153846154 0.7247596153846154 0.11057692307692307 0.057692307692307696
5 0.6081730769230769 0.7524038461538461 0.0673076923076923 0.09134615384615384
5 0.6538461538461539 0.7752403846153846 0.04326923076923077 0.04807692307692308
5 0.5853365384615384 0.8329326923076923 0.12740384615384615 0.08653846153846154
5 0.6213942307692307 0.8762019230769231 0.03125 0.03125
5 0.5865384615384616 0.8810096153846154 0.03125 0.03125
5 0.5673076923076923 0.8918269230769231 0.02403846153846154 0.052884615384615384
5 0.5372596153846154 0.8918269230769231 0.03125 0.03125
5 0.4675480769230769 0.9098557692307693 0.10817307692307693 0.10817307692307693
5 0.4579326923076923 0.8533653846153846 0.05048076923076923 0.0673076923076923
5 0.41466346153846156 0.8425480769230769 0.057692307692307696 0.09615384615384616
5 0.36899038461538464 0.8605769230769231 0.05048076923076923 0.07211538461538461
5 0.30528846153846156 0.8329326923076923 0.08653846153846154 0.0673076923076923
5 0.24158653846153846 0.7992788461538461 0.057692307692307696 0.052884615384615384
5 0.18389423076923078 0.8449519230769231 0.08173076923076923 0.09134615384615384
5 0.18870192307692307 0.7728365384615384 0.052884615384615384 0.09134615384615384
5 0.14903846153846154 0.7836538461538461 0.026442307692307692 0.03125
5 0.2860576923076923 0.7728365384615384 0.08653846153846154 0.052884615384615384
5 0.36658653846153844 0.7836538461538461 0.10817307692307693 0.1346153846153846
5 0.3918269230769231 0.7391826923076923 0.057692307692307696 0.07692307692307693
5 0.49278846153846156 0.7091346153846154 0.0889423076923077 0.09615384615384616
5 0.44591346153846156 0.7475961538461539 0.05048076923076923 0.0625
5 0.4230769230769231 0.7007211538461539 0.07211538461538461 0.07211538461538461
5 0.49038461538461536 0.75 0.06971153846153846 0.057692307692307696
5 0.47716346153846156 0.7992788461538461 0.0673076923076923 0.040865384615384616
5 0.5384615384615384 0.8173076923076923 0.12740384615384615 0.057692307692307696
5 0.5540865384615384 0.7524038461538461 0.05048076923076923 0.07211538461538461
5 0.5612980769230769 0.6887019230769231 0.0673076923076923 0.0673076923076923
5 0.5 0.43509615384615385 0.9951923076923077 0.8653846153846154
5 0.33533653846153844 0.9086538461538461 0.6658653846153846 0.1778846153846154