5 0.20793269230769232 0.109375 0.40384615384615385 0.21153846153846154
5 0.22716346153846154 0.04326923076923077 0.4423076923076923 0.08173076923076923
5 0.6983173076923077 0.1141826923076923 0.5985576923076923 0.19471153846153846
5 0.7007211538461539 0.042067307692307696 0.59375 0.07932692307692307
5 0.6826923076923077 0.21634615384615385 0.6009615384615384 0.17067307692307693
5 0.7391826923076923 0.9819711538461539 0.5168269230769231 0.03125
5 0.25240384615384615 0.9735576923076923 0.5 0.04807692307692308
5 0.11177884615384616 0.8605769230769231 0.21153846153846154 0.1778846153846154
5 0.5024038461538461 0.7728365384615384 0.65625 0.18509615384615385
5 0.6141826923076923 0.5985576923076923 0.06009615384615385 0.052884615384615384
5 0.6610576923076923 0.40384615384615385 0.0673076923076923 0.06490384615384616
5 0.07692307692307693 0.2980769230769231 0.1201923076923077 0.057692307692307696
5 0.9759615384615384 0.9855769230769231 0.04326923076923077 0.028846153846153848
5 0.8028846153846154 0.8365384615384616 0.0673076923076923 0.057692307692307696
5 0.6887019230769231 0.7475961538461539 0.08653846153846154 0.038461538461538464
5 0.5925480769230769 0.8269230769230769 0.038461538461538464 0.052884615384615384
5 0.9290865384615384 0.6766826923076923 0.07692307692307693 0.057692307692307696
5 0.890625 0.5420673076923077 0.07692307692307693 0.05048076923076923
5 0.9471153846153846 0.3954326923076923 0.10096153846153846 0.040865384615384616
5 0.9771634615384616 0.28365384615384615 0.040865384615384616 0.052884615384615384
5 0.48677884615384615 0.16947115384615385 0.0673076923076923 0.0625
5 0.1971153846153846 0.1875 0.38221153846153844 0.18509615384615385
5 0.265625 0.36177884615384615 0.5192307692307693 0.22115384615384615
5 0.2127403846153846 0.1622596153846154 0.38221153846153844 0.3173076923076923
5 0.7728365384615384 0.47475961538461536 0.25721153846153844 0.35096153846153844
5 0.34375 0.4795673076923077 0.6778846153846154 0.23317307692307693
5 0.33052884615384615 0.4074519230769231 0.6490384615384616 0.1971153846153846
5 0.9411057692307693 0.3737980769230769 0.11298076923076923 0.15144230769230768
5 0.9338942307692307 0.5216346153846154 0.12980769230769232 0.30288461538461536
5 0.7367788461538461 0.8737980769230769 0.5216346153846154 0.18509615384615385
5 0.8557692307692307 0.9615384615384616 0.28365384615384615 0.07692307692307693
5 0.6754807692307693 0.9038461538461539 0.6442307692307693 0.19230769230769232
5 0.24278846153846154 0.9014423076923077 0.24519230769230768 0.18269230769230768
5 0.15264423076923078 0.8605769230769231 0.04326923076923077 0.0625
5 0.0985576923076923 0.71875 0.1875 0.0985576923076923
5 0.32211538461538464 0.5949519230769231 0.6346153846153846 0.14903846153846154
5 0.8786057692307693 0.6923076923076923 0.23798076923076922 0.1346153846153846
5 0.5 0.5012019230769231 0.9951923076923077 0.9975961538461539