0 0.43149038461538464 0.8100961538461539 0.2548076923076923 0.07932692307692307
0 0.4206730769230769 0.8473557692307693 0.052884615384615384 0.03365384615384615
0 0.36899038461538464 0.8257211538461539 0.0673076923076923 0.014423076923076924
0 0.5661057692307693 0.8485576923076923 0.038461538461538464 0.036057692307692304
0 0.5757211538461539 0.7980769230769231 0.04567307692307692 0.028846153846153848
0 0.5060096153846154 0.7980769230769231 0.09134615384615384 0.036057692307692304
0 0.5 0.7644230769230769 0.07932692307692307 0.028846153846153848
0 0.4206730769230769 0.7463942307692307 0.052884615384615384 0.028846153846153848
0 0.4050480769230769 0.7800480769230769 0.07211538461538461 0.036057692307692304
0 0.6610576923076923 0.9591346153846154 0.2956730769230769 0.07692307692307693
0 0.8028846153846154 0.859375 0.25 0.09375
0 0.8617788461538461 0.7175480769230769 0.2644230769230769 0.15384615384615385
0 0.6418269230769231 0.6574519230769231 0.3485576923076923 0.15384615384615385
0 0.7271634615384616 0.5456730769230769 0.21634615384615385 0.10096153846153846
0 0.9182692307692307 0.4951923076923077 0.15144230769230768 0.08413461538461539
0 0.75 0.4050480769230769 0.23557692307692307 0.09615384615384616
0 0.9375 0.38822115384615385 0.11057692307692307 0.09375
0 0.5432692307692307 0.4987980769230769 0.9014423076923077 0.1346153846153846
0 0.5793269230769231 0.44350961538461536 0.14423076923076922 0.036057692307692304
0 0.38822115384615385 0.4987980769230769 0.15865384615384615 0.04807692307692308
0 0.32572115384615385 0.6370192307692307 0.04567307692307692 0.02403846153846154
0 0.4110576923076923 0.41346153846153844 0.04567307692307692 0.019230769230769232
0 0.4375 0.3641826923076923 0.11057692307692307 0.028846153846153848
0 0.44350961538461536 0.38461538461538464 0.125 0.028846153846153848
0 0.4567307692307692 0.3425480769230769 0.04567307692307692 0.014423076923076924
0 0.6117788461538461 0.38341346153846156 0.052884615384615384 0.02403846153846154
0 0.5817307692307693 0.40024038461538464 0.019230769230769232 0.009615384615384616
0 0.6382211538461539 0.24519230769230768 0.5144230769230769 0.21634615384615385
0 0.9278846153846154 0.3016826923076923 0.12980769230769232 0.08413461538461539
0 0.8846153846153846 0.21634615384615385 0.20432692307692307 0.10096153846153846
0 0.7463942307692307 0.14903846153846154 0.19230769230769232 0.08173076923076923
0 0.8557692307692307 0.08173076923076923 0.17067307692307693 0.1201923076923077
0 0.7067307692307693 0.0829326923076923 0.1778846153846154 0.057692307692307696
0 0.5228365384615384 0.1310096153846154 0.2548076923076923 0.0625
0 0.5588942307692307 0.0829326923076923 0.14423076923076922 0.07692307692307693
0 0.6935096153846154 0.027644230769230768 0.15144230769230768 0.052884615384615384
0 0.8521634615384616 0.01201923076923077 0.18028846153846154 0.019230769230769232
0 0.9603365384615384 0.07091346153846154 0.0673076923076923 0.10576923076923077
2 0.6418269230769231 0.9411057692307693 0.4423076923076923 0.11298076923076923
2 0.9182692307692307 0.9338942307692307 0.15144230769230768 0.12740384615384615
2 0.9074519230769231 0.5829326923076923 0.17067307692307693 0.09615384615384616