0 0.5132211538461539 0.4699519230769231 0.42788461538461536 0.6682692307692307
0 0.078125 0.5841346153846154 0.14903846153846154 0.5913461538461539
0 0.109375 0.8990384615384616 0.21153846153846154 0.19230769230769232
0 0.4110576923076923 0.8798076923076923 0.3701923076923077 0.23076923076923078
0 0.7259615384615384 0.9507211538461539 0.1778846153846154 0.08653846153846154
0 0.6778846153846154 0.7572115384615384 0.27403846153846156 0.36538461538461536
0 0.24519230769230768 0.5576923076923077 0.27403846153846156 0.5024038461538461
0 0.8401442307692307 0.359375 0.31490384615384615 0.5552884615384616
0 0.9002403846153846 0.7992788461538461 0.19471153846153846 0.39663461538461536
0 0.22355769230769232 0.171875 0.43990384615384615 0.34375
0 0.5733173076923077 0.13701923076923078 0.35096153846153844 0.27403846153846156
0 0.8689903846153846 0.08413461538461539 0.25721153846153844 0.16826923076923078