0 0.17427884615384615 0.3485576923076923 0.1346153846153846 0.2548076923076923
0 0.1935096153846154 0.5721153846153846 0.13942307692307693 0.2764423076923077
0 0.2608173076923077 0.28966346153846156 0.11298076923076923 0.3317307692307692
0 0.3762019230769231 0.6418269230769231 0.2403846153846154 0.4567307692307692
0 0.37740384615384615 0.296875 0.14903846153846154 0.3317307692307692
0 0.5012019230769231 0.21754807692307693 0.09134615384615384 0.07692307692307693
0 0.4831730769230769 0.15504807692307693 0.08413461538461539 0.10336538461538461
0 0.5697115384615384 0.14783653846153846 0.08413461538461539 0.10336538461538461
0 0.5913461538461539 0.18629807692307693 0.0625 0.08173076923076923
0 0.4651442307692308 0.36177884615384615 0.2980769230769231 0.31009615384615385
0 0.7259615384615384 0.2860576923076923 0.3269230769230769 0.2548076923076923
0 0.5060096153846154 0.46875 0.1466346153846154 0.22115384615384615
0 0.5480769230769231 0.5480769230769231 0.09134615384615384 0.19951923076923078
0 0.7524038461538461 0.47596153846153844 0.13221153846153846 0.15144230769230768
0 0.6286057692307693 0.5408653846153846 0.11538461538461539 0.2980769230769231
0 0.7884615384615384 0.5685096153846154 0.20432692307692307 0.4326923076923077
0 0.7403846153846154 0.8569711538461539 0.11538461538461539 0.28125
0 0.6802884615384616 0.5721153846153846 0.41346153846153844 0.4423076923076923