0 0.796875 0.9795673076923077 0.07932692307692307 0.03365384615384615
0 0.7524038461538461 0.8713942307692307 0.052884615384615384 0.04567307692307692
0 0.765625 0.8112980769230769 0.0889423076923077 0.06009615384615385
0 0.7163461538461539 0.7307692307692307 0.0625 0.04807692307692308
0 0.7283653846153846 0.6586538461538461 0.0673076923076923 0.04807692307692308
0 0.8100961538461539 0.6730769230769231 0.04326923076923077 0.026442307692307692
0 0.8689903846153846 0.5552884615384616 0.052884615384615384 0.038461538461538464
0 0.6081730769230769 0.7043269230769231 0.07932692307692307 0.0625
0 0.6346153846153846 0.7475961538461539 0.0673076923076923 0.038461538461538464
0 0.6021634615384616 0.8185096153846154 0.038461538461538464 0.038461538461538464
0 0.6021634615384616 0.8810096153846154 0.057692307692307696 0.0625
0 0.5637019230769231 0.9014423076923077 0.052884615384615384 0.052884615384615384
0 0.5600961538461539 0.9675480769230769 0.0673076923076923 0.057692307692307696
0 0.5216346153846154 0.9362980769230769 0.052884615384615384 0.06009615384615385
0 0.5180288461538461 0.8569711538461539 0.057692307692307696 0.06009615384615385
0 0.5264423076923077 0.8882211538461539 0.03125 0.026442307692307692
0 0.49759615384615385 0.9002403846153846 0.057692307692307696 0.04807692307692308
0 0.5661057692307693 0.8413461538461539 0.04807692307692308 0.04567307692307692
0 0.5528846153846154 0.7920673076923077 0.052884615384615384 0.04567307692307692
0 0.5264423076923077 0.7319711538461539 0.04326923076923077 0.052884615384615384
0 0.48197115384615385 0.7716346153846154 0.038461538461538464 0.04326923076923077
0 0.3473557692307692 0.9206730769230769 0.052884615384615384 0.06971153846153846
0 0.4026442307692308 0.9639423076923077 0.0673076923076923 0.06490384615384616
0 0.25240384615384615 0.9399038461538461 0.0625 0.04567307692307692
0 0.3004807692307692 0.9759615384615384 0.0625 0.04326923076923077
0 0.27884615384615385 0.8810096153846154 0.04326923076923077 0.04807692307692308
0 0.33413461538461536 0.8930288461538461 0.04807692307692308 0.03365384615384615
0 0.3425480769230769 0.9242788461538461 0.04326923076923077 0.052884615384615384
0 0.31009615384615385 0.7752403846153846 0.0625 0.04326923076923077
0 0.18990384615384615 0.8569711538461539 0.052884615384615384 0.036057692307692304
0 0.15745192307692307 0.9338942307692307 0.09615384615384616 0.07211538461538461
0 0.1502403846153846 0.8545673076923077 0.04807692307692308 0.03365384615384615
0 0.09735576923076923 0.8978365384615384 0.04807692307692308 0.06009615384615385
0 0.1310096153846154 0.8076923076923077 0.04326923076923077 0.052884615384615384
0 0.17668269230769232 0.8149038461538461 0.057692307692307696 0.052884615384615384
0 0.14182692307692307 0.7680288461538461 0.08413461538461539 0.04807692307692308
0 0.09495192307692307 0.7884615384615384 0.03125 0.028846153846153848
0 0.10216346153846154 0.7127403846153846 0.057692307692307696 0.052884615384615384
0 0.055288461538461536 0.7560096153846154 0.04807692307692308 0.04807692307692308
0 0.010817307692307692 0.7956730769230769 0.021634615384615384 0.052884615384615384
0 0.22596153846153846 0.6514423076923077 0.0625 0.03365384615384615
0 0.25240384615384615 0.6911057692307693 0.052884615384615384 0.04567307692307692
0 0.29447115384615385 0.6658653846153846 0.0625 0.04807692307692308
0 0.2608173076923077 0.7415865384615384 0.038461538461538464 0.04326923076923077
0 0.28125 0.7127403846153846 0.026442307692307692 0.038461538461538464
0 0.3557692307692308 0.6490384615384616 0.0889423076923077 0.0673076923076923
0 0.30288461538461536 0.6201923076923077 0.038461538461538464 0.03365384615384615
0 0.28365384615384615 0.5769230769230769 0.04326923076923077 0.04567307692307692
0 0.33653846153846156 0.5853365384615384 0.0625 0.04567307692307692
0 0.4026442307692308 0.6129807692307693 0.04807692307692308 0.04807692307692308
0 0.4362980769230769 0.65625 0.052884615384615384 0.07692307692307693
0 0.41586538461538464 0.7175480769230769 0.07211538461538461 0.052884615384615384
0 0.49158653846153844 0.6694711538461539 0.04807692307692308 0.04807692307692308
0 0.5504807692307693 0.6550480769230769 0.0673076923076923 0.07932692307692307
0 0.5 0.609375 0.0625 0.04807692307692308
0 0.46274038461538464 0.5901442307692307 0.07211538461538461 0.04326923076923077
0 0.47596153846153844 0.5528846153846154 0.04807692307692308 0.04807692307692308
0 0.4735576923076923 0.5 0.07211538461538461 0.0625
0 0.5444711538461539 0.5300480769230769 0.057692307692307696 0.04326923076923077
0 0.5336538461538461 0.5697115384615384 0.0673076923076923 0.0673076923076923
0 0.5889423076923077 0.5564903846153846 0.052884615384615384 0.04326923076923077
0 0.6105769230769231 0.5793269230769231 0.0625 0.04326923076923077
0 0.6129807692307693 0.5204326923076923 0.04807692307692308 0.038461538461538464
0 0.6574519230769231 0.5096153846153846 0.052884615384615384 0.04567307692307692
0 0.6478365384615384 0.4675480769230769 0.052884615384615384 0.038461538461538464
0 0.49158653846153844 0.453125 0.04807692307692308 0.038461538461538464
0 0.45552884615384615 0.43028846153846156 0.04807692307692308 0.028846153846153848
0 0.47115384615384615 0.40384615384615385 0.026442307692307692 0.02403846153846154
0 0.41346153846153844 0.4362980769230769 0.057692307692307696 0.04807692307692308
0 0.4182692307692308 0.4795673076923077 0.057692307692307696 0.038461538461538464
0 0.4735576923076923 0.49759615384615385 0.0625 0.052884615384615384
0 0.3449519230769231 0.46634615384615385 0.04807692307692308 0.04807692307692308
0 0.2920673076923077 0.47115384615384615 0.04807692307692308 0.052884615384615384
0 0.3293269230769231 0.5132211538461539 0.057692307692307696 0.04567307692307692
0 0.28125 0.5168269230769231 0.038461538461538464 0.038461538461538464
0 0.23197115384615385 0.47596153846153844 0.0625 0.04567307692307692
0 0.234375 0.5240384615384616 0.057692307692307696 0.04567307692307692
0 0.17668269230769232 0.6201923076923077 0.057692307692307696 0.03365384615384615
0 0.09735576923076923 0.5625 0.0673076923076923 0.04567307692307692
0 0.039663461538461536 0.6129807692307693 0.04807692307692308 0.04807692307692308
0 0.015625 0.6418269230769231 0.03125 0.0673076923076923
0 0.03125 0.5685096153846154 0.052884615384615384 0.04807692307692308
0 0.15745192307692307 0.4362980769230769 0.0625 0.04326923076923077
0 0.15264423076923078 0.4639423076923077 0.021634615384615384 0.014423076923076924
0 0.19230769230769232 0.3942307692307692 0.0673076923076923 0.057692307692307696
0 0.16826923076923078 0.3449519230769231 0.04326923076923077 0.04807692307692308
0 0.21033653846153846 0.27163461538461536 0.03125 0.028846153846153848
0 0.1310096153846154 0.265625 0.04326923076923077 0.04807692307692308
0 0.12379807692307693 0.3004807692307692 0.038461538461538464 0.03365384615384615
0 0.10216346153846154 0.26802884615384615 0.026442307692307692 0.028846153846153848
0 0.06850961538461539 0.38461538461538464 0.03125 0.038461538461538464
0 0.06850961538461539 0.4206730769230769 0.04326923076923077 0.03365384615384615
0 0.0889423076923077 0.4567307692307692 0.03125 0.04567307692307692
0 0.019230769230769232 0.4206730769230769 0.038461538461538464 0.04326923076923077
0 0.015625 0.4543269230769231 0.03125 0.03365384615384615
0 0.013221153846153846 0.36658653846153844 0.026442307692307692 0.04567307692307692
0 0.026442307692307692 0.3641826923076923 0.052884615384615384 0.04807692307692308
0 0.06610576923076923 0.23798076923076922 0.038461538461538464 0.02403846153846154
0 0.042067307692307696 0.2620192307692308 0.04326923076923077 0.04326923076923077
0 0.026442307692307692 0.27884615384615385 0.052884615384615384 0.028846153846153848
0 0.02403846153846154 0.23557692307692307 0.04807692307692308 0.03365384615384615
0 0.042067307692307696 0.2127403846153846 0.04326923076923077 0.03365384615384615
0 0.006009615384615385 0.203125 0.01201923076923077 0.036057692307692304
0 0.019230769230769232 0.18509615384615385 0.038461538461538464 0.03365384615384615
0 0.0889423076923077 0.12259615384615384 0.0625 0.04326923076923077
0 0.17067307692307693 0.11899038461538461 0.0673076923076923 0.04326923076923077
0 0.19951923076923078 0.10576923076923077 0.052884615384615384 0.038461538461538464
0 0.234375 0.0829326923076923 0.04807692307692308 0.052884615384615384
0 0.23197115384615385 0.030048076923076924 0.052884615384615384 0.052884615384615384
0 0.1971153846153846 0.006009615384615385 0.0673076923076923 0.009615384615384616
0 0.5084134615384616 0.24759615384615385 0.07932692307692307 0.04807692307692308
0 0.5973557692307693 0.31850961538461536 0.0673076923076923 0.04807692307692308
0 0.6310096153846154 0.2920673076923077 0.0625 0.03365384615384615
0 0.5889423076923077 0.2548076923076923 0.08413461538461539 0.057692307692307696
0 0.6310096153846154 0.21514423076923078 0.052884615384615384 0.028846153846153848
0 0.6610576923076923 0.2512019230769231 0.04807692307692308 0.057692307692307696
0 0.53125 0.21514423076923078 0.0625 0.038461538461538464
0 0.48677884615384615 0.19831730769230768 0.04807692307692308 0.057692307692307696
0 0.5108173076923077 0.1466346153846154 0.052884615384615384 0.04567307692307692
0 0.5444711538461539 0.17307692307692307 0.057692307692307696 0.04567307692307692
0 0.5973557692307693 0.15865384615384615 0.0673076923076923 0.052884615384615384
0 0.5637019230769231 0.13221153846153846 0.0625 0.038461538461538464
0 0.5024038461538461 0.10697115384615384 0.038461538461538464 0.03365384615384615
0 0.47596153846153844 0.08533653846153846 0.04807692307692308 0.04326923076923077
0 0.46875 0.11538461538461539 0.03125 0.03365384615384615
0 0.42908653846153844 0.1201923076923077 0.057692307692307696 0.04567307692307692
0 0.4182692307692308 0.1622596153846154 0.04807692307692308 0.038461538461538464
0 0.3762019230769231 0.13341346153846154 0.038461538461538464 0.03365384615384615
0 0.35216346153846156 0.109375 0.0625 0.038461538461538464
0 0.296875 0.06610576923076923 0.057692307692307696 0.04326923076923077
0 0.296875 0.030048076923076924 0.038461538461538464 0.02403846153846154
0 0.3449519230769231 0.042067307692307696 0.057692307692307696 0.052884615384615384
0 0.2800480769230769 0.013221153846153846 0.07932692307692307 0.021634615384615384
0 0.3557692307692308 0.010817307692307692 0.028846153846153848 0.016826923076923076
0 0.3870192307692308 0.06850961538461539 0.026442307692307692 0.038461538461538464
0 0.42908653846153844 0.06850961538461539 0.04807692307692308 0.04567307692307692
0 0.5420673076923077 0.02283653846153846 0.09375 0.040865384615384616
0 0.5997596153846154 0.06009615384615385 0.0625 0.04567307692307692
0 0.6189903846153846 0.11538461538461539 0.057692307692307696 0.0625
0 0.6634615384615384 0.10576923076923077 0.052884615384615384 0.06009615384615385
0 0.6574519230769231 0.16826923076923078 0.052884615384615384 0.057692307692307696
0 0.71875 0.2127403846153846 0.0673076923076923 0.057692307692307696
0 0.6899038461538461 0.24759615384615385 0.052884615384615384 0.0625
0 0.7716346153846154 0.15985576923076922 0.0673076923076923 0.04807692307692308
0 0.7524038461538461 0.109375 0.04326923076923077 0.038461538461538464
0 0.8425480769230769 0.17548076923076922 0.052884615384615384 0.057692307692307696
0 0.8209134615384616 0.07932692307692307 0.08413461538461539 0.06009615384615385
0 0.8137019230769231 0.028846153846153848 0.0673076923076923 0.057692307692307696
0 0.8942307692307693 0.4206730769230769 0.052884615384615384 0.04807692307692308
0 0.8653846153846154 0.390625 0.0673076923076923 0.04326923076923077
0 0.8100961538461539 0.36778846153846156 0.08413461538461539 0.0625
0 0.8557692307692307 0.3449519230769231 0.04807692307692308 0.04807692307692308
0 0.9002403846153846 0.36177884615384615 0.04326923076923077 0.06009615384615385
0 0.8918269230769231 0.28846153846153844 0.04807692307692308 0.0625
0 0.8389423076923077 0.29086538461538464 0.0673076923076923 0.06009615384615385
0 0.7716346153846154 0.3112980769230769 0.057692307692307696 0.04326923076923077
0 0.7608173076923077 0.3485576923076923 0.04807692307692308 0.03365384615384615
0 0.7259615384615384 0.3317307692307692 0.04326923076923077 0.052884615384615384
0 0.7608173076923077 0.27163461538461536 0.04807692307692308 0.04567307692307692
0 0.8100961538461539 0.234375 0.07211538461538461 0.06009615384615385