0 0.8233173076923077 0.9326923076923077 0.23557692307692307 0.07211538461538461
0 0.8858173076923077 0.953125 0.15625 0.03125
0 0.9459134615384616 0.859375 0.036057692307692304 0.12980769230769232
0 0.921875 0.7427884615384616 0.07692307692307693 0.04807692307692308
0 0.9134615384615384 0.6850961538461539 0.09375 0.08653846153846154
0 0.9086538461538461 0.5576923076923077 0.10096153846153846 0.1778846153846154
0 0.8257211538461539 0.36658653846153844 0.25961538461538464 0.22355769230769232
0 0.9242788461538461 0.47115384615384615 0.07211538461538461 0.13942307692307693
0 0.75 0.13822115384615385 0.10576923076923077 0.0889423076923077
0 0.8822115384615384 0.1875 0.14903846153846154 0.32211538461538464
0 0.7548076923076923 0.26322115384615385 0.125 0.16105769230769232
0 0.6610576923076923 0.23677884615384615 0.07211538461538461 0.1346153846153846
0 0.6802884615384616 0.0985576923076923 0.09375 0.04326923076923077
0 0.6875 0.06009615384615385 0.07211538461538461 0.04807692307692308
0 0.6201923076923077 0.06971153846153846 0.036057692307692304 0.0673076923076923
0 0.640625 0.14302884615384615 0.07692307692307693 0.052884615384615384
0 0.671875 0.140625 0.038461538461538464 0.02403846153846154
0 0.5600961538461539 0.08052884615384616 0.08653846153846154 0.0889423076923077
0 0.5516826923076923 0.12259615384615384 0.09375 0.08653846153846154
0 0.46153846153846156 0.10697115384615384 0.09375 0.0889423076923077
0 0.41346153846153844 0.08052884615384616 0.09375 0.0889423076923077
0 0.484375 0.042067307692307696 0.0673076923076923 0.03125
0 0.33653846153846156 0.10216346153846154 0.12980769230769232 0.125
0 0.27283653846153844 0.055288461538461536 0.052884615384615384 0.038461538461538464
0 0.14903846153846154 0.0985576923076923 0.08653846153846154 0.0625
0 0.140625 0.28966346153846156 0.15625 0.125
0 0.22716346153846154 0.265625 0.07211538461538461 0.04807692307692308
0 0.28966346153846156 0.265625 0.0625 0.057692307692307696
0 0.375 0.2704326923076923 0.07211538461538461 0.07692307692307693
0 0.359375 0.3641826923076923 0.1201923076923077 0.09375
0 0.4579326923076923 0.203125 0.2644230769230769 0.09375
0 0.5649038461538461 0.29447115384615385 0.09375 0.0889423076923077
0 0.47716346153846156 0.25721153846153844 0.07211538461538461 0.11057692307692307
0 0.4170673076923077 0.25841346153846156 0.09375 0.125
0 0.49158653846153844 0.359375 0.15144230769230768 0.11057692307692307
0 0.5084134615384616 0.4326923076923077 0.0985576923076923 0.0889423076923077
0 0.6177884615384616 0.34375 0.14903846153846154 0.15144230769230768
0 0.14543269230769232 0.15144230769230768 0.18269230769230768 0.07211538461538461
0 0.19591346153846154 0.36778846153846156 0.1778846153846154 0.12980769230769232
0 0.3173076923076923 0.41947115384615385 0.0985576923076923 0.08173076923076923
0 0.27283653846153844 0.5180288461538461 0.1778846153846154 0.1875
0 0.4483173076923077 0.5264423076923077 0.17307692307692307 0.1778846153846154
0 0.421875 0.41346153846153844 0.0673076923076923 0.04807692307692308
0 0.6165865384615384 0.5072115384615384 0.1778846153846154 0.15625
0 0.7788461538461539 0.5336538461538461 0.15625 0.12980769230769232
0 0.7728365384615384 0.8701923076923077 0.125 0.10576923076923077
0 0.859375 0.8052884615384616 0.16346153846153846 0.15625
0 0.8569711538461539 0.7271634615384616 0.036057692307692304 0.036057692307692304
0 0.8329326923076923 0.703125 0.0673076923076923 0.0673076923076923
0 0.7764423076923077 0.75 0.07211538461538461 0.052884615384615384
0 0.734375 0.7836538461538461 0.0673076923076923 0.057692307692307696
0 0.6850961538461539 0.75 0.057692307692307696 0.052884615384615384
0 0.6766826923076923 0.7896634615384616 0.038461538461538464 0.052884615384615384
0 0.6478365384615384 0.8209134615384616 0.07211538461538461 0.026442307692307692
0 0.6322115384615384 0.8665865384615384 0.057692307692307696 0.07211538461538461
0 0.671875 0.8545673076923077 0.038461538461538464 0.04807692307692308
0 0.6165865384615384 0.9290865384615384 0.07211538461538461 0.0625
0 0.671875 0.9375 0.08653846153846154 0.052884615384615384
0 0.6790865384615384 0.8930288461538461 0.04326923076923077 0.036057692307692304
0 0.5625 0.9350961538461539 0.0985576923076923 0.0673076923076923
0 0.7860576923076923 0.6586538461538461 0.14423076923076922 0.12980769230769232
0 0.7391826923076923 0.7163461538461539 0.04807692307692308 0.038461538461538464
0 0.5757211538461539 0.5709134615384616 0.07211538461538461 0.052884615384615384
0 0.5072115384615384 0.6334134615384616 0.08653846153846154 0.0889423076923077
0 0.41346153846153844 0.6322115384615384 0.09375 0.07692307692307693
0 0.46153846153846156 0.6875 0.1201923076923077 0.08173076923076923
0 0.5420673076923077 0.7367788461538461 0.057692307692307696 0.0625
0 0.6334134615384616 0.6826923076923077 0.16826923076923078 0.16105769230769232
0 0.859375 0.609375 0.04807692307692308 0.04807692307692308
0 0.5757211538461539 0.734375 0.052884615384615384 0.04807692307692308
0 0.6165865384615384 0.7884615384615384 0.08173076923076923 0.0673076923076923
0 0.546875 0.8149038461538461 0.057692307692307696 0.0673076923076923
0 0.5757211538461539 0.8413461538461539 0.04326923076923077 0.04807692307692308
0 0.5889423076923077 0.8701923076923077 0.036057692307692304 0.0625
0 0.5516826923076923 0.8834134615384616 0.04807692307692308 0.052884615384615384
0 0.5084134615384616 0.8725961538461539 0.0889423076923077 0.0673076923076923
0 0.4891826923076923 0.9014423076923077 0.057692307692307696 0.04326923076923077
0 0.47716346153846156 0.9375 0.08173076923076923 0.0625
0 0.4375 0.8990384615384616 0.036057692307692304 0.038461538461538464
0 0.41346153846153844 0.8858173076923077 0.057692307692307696 0.038461538461538464
0 0.35697115384615385 0.8569711538461539 0.07211538461538461 0.07211538461538461
0 0.34615384615384615 0.9134615384615384 0.07692307692307693 0.057692307692307696
0 0.44471153846153844 0.7992788461538461 0.16346153846153846 0.1346153846153846
0 0.35096153846153844 0.7259615384615384 0.057692307692307696 0.04807692307692308
0 0.31490384615384615 0.703125 0.03125 0.038461538461538464
0 0.33052884615384615 0.6586538461538461 0.0625 0.057692307692307696
0 0.33052884615384615 0.6069711538461539 0.0625 0.052884615384615384
0 0.28125 0.6490384615384616 0.04326923076923077 0.057692307692307696
0 0.171875 0.5396634615384616 0.04807692307692308 0.08173076923076923
0 0.16466346153846154 0.4639423076923077 0.04326923076923077 0.04326923076923077
0 0.08533653846153846 0.6045673076923077 0.11538461538461539 0.5048076923076923
0 0.2764423076923077 0.7764423076923077 0.07211538461538461 0.04326923076923077
0 0.2764423076923077 0.8305288461538461 0.0625 0.036057692307692304
0 0.22716346153846154 0.8774038461538461 0.16826923076923078 0.08653846153846154
0 0.140625 0.890625 0.038461538461538464 0.04807692307692308
0 0.055288461538461536 0.9423076923076923 0.04807692307692308 0.052884615384615384
0 0.21875 0.6959134615384616 0.15144230769230768 0.30288461538461536
0 0.234375 0.9447115384615384 0.28846153846153844 0.057692307692307696
0 0.39783653846153844 0.9483173076923077 0.07211538461538461 0.04807692307692308
0 0.49278846153846156 0.5024038461538461 0.9326923076923077 0.9519230769230769