0 0.203125 0.46875 0.27884615384615385 0.4326923076923077
0 0.03365384615384615 0.30288461538461536 0.06009615384615385 0.40384615384615385
0 0.14302884615384615 0.11899038461538461 0.27884615384615385 0.22596153846153846
0 0.30649038461538464 0.234375 0.20673076923076922 0.38461538461538464
0 0.4362980769230769 0.08653846153846154 0.1971153846153846 0.16346153846153846
0 0.5168269230769231 0.3137019230769231 0.28365384615384615 0.40384615384615385
0 0.734375 0.10576923076923077 0.34134615384615385 0.19951923076923078
0 0.8305288461538461 0.265625 0.2548076923076923 0.3629807692307692
0 0.9362980769230769 0.1141826923076923 0.12259615384615384 0.2091346153846154
0 0.9098557692307693 0.546875 0.17548076923076922 0.5697115384615384
0 0.6923076923076923 0.6526442307692307 0.3389423076923077 0.46153846153846156
0 0.4362980769230769 0.4891826923076923 0.20192307692307693 0.2403846153846154
0 0.12860576923076922 0.7848557692307693 0.25240384615384615 0.4254807692307692
0 0.4182692307692308 0.8137019230769231 0.28365384615384615 0.36778846153846156
0 0.20072115384615385 0.9110576923076923 0.14182692307692307 0.17307692307692307
0 0.2439903846153846 0.7548076923076923 0.1201923076923077 0.16346153846153846
0 0.5625 0.9242788461538461 0.1971153846153846 0.1466346153846154
0 0.8305288461538461 0.9014423076923077 0.3245192307692308 0.19230769230769232
0 0.9254807692307693 0.8557692307692307 0.14423076923076922 0.20673076923076922