0 0.38221153846153844 0.06850961538461539 0.14182692307692307 0.11057692307692307
0 0.4699519230769231 0.125 0.15384615384615385 0.0985576923076923
0 0.4206730769230769 0.19230769230769232 0.11057692307692307 0.11538461538461539
0 0.3112980769230769 0.19591346153846154 0.14182692307692307 0.125
0 0.22115384615384615 0.23677884615384615 0.15865384615384615 0.11057692307692307
0 0.38221153846153844 0.34375 0.1201923076923077 0.09134615384615384
0 0.2920673076923077 0.31490384615384615 0.13701923076923078 0.10576923076923077
0 0.45072115384615385 0.3125 0.13701923076923078 0.09615384615384616
0 0.36899038461538464 0.2764423076923077 0.08173076923076923 0.05048076923076923
0 0.4831730769230769 0.2548076923076923 0.125 0.06490384615384616
0 0.5841346153846154 0.2439903846153846 0.15384615384615385 0.08653846153846154
0 0.6478365384615384 0.3293269230769231 0.11538461538461539 0.09134615384615384
0 0.5576923076923077 0.31490384615384615 0.08653846153846154 0.07692307692307693
0 0.5132211538461539 0.3786057692307692 0.1201923076923077 0.12980769230769232
0 0.390625 0.42908653846153844 0.18028846153846154 0.11538461538461539
0 0.24879807692307693 0.44350961538461536 0.13701923076923078 0.11057692307692307
0 0.23197115384615385 0.3786057692307692 0.14903846153846154 0.11057692307692307
0 0.14423076923076922 0.41586538461538464 0.16826923076923078 0.12740384615384615
0 0.44591346153846156 0.4855769230769231 0.08173076923076923 0.04807692307692308
0 0.3473557692307692 0.4963942307692308 0.09134615384615384 0.0625
0 0.4074519230769231 0.5396634615384616 0.11538461538461539 0.12740384615384615
0 0.2920673076923077 0.5576923076923077 0.19230769230769232 0.1201923076923077
0 0.17427884615384615 0.6478365384615384 0.1875 0.10336538461538461
0 0.3112980769230769 0.6478365384615384 0.1201923076923077 0.10096153846153846
0 0.4266826923076923 0.6598557692307693 0.15384615384615385 0.1346153846153846
0 0.5348557692307693 0.5709134615384616 0.9302884615384616 0.8533653846153846