0 0.4230769230769231 0.8882211538461539 0.19230769230769232 0.19951923076923078
0 0.609375 0.9278846153846154 0.1971153846153846 0.13701923076923078
0 0.75 0.9038461538461539 0.07451923076923077 0.038461538461538464
0 0.7403846153846154 0.9579326923076923 0.08413461538461539 0.07692307692307693
0 0.8713942307692307 0.9122596153846154 0.1778846153846154 0.1201923076923077
0 0.7692307692307693 0.7295673076923077 0.3701923076923077 0.3317307692307692
0 0.9411057692307693 0.8233173076923077 0.11298076923076923 0.12740384615384615
0 0.9747596153846154 0.7584134615384616 0.04807692307692308 0.1875
0 0.9675480769230769 0.6923076923076923 0.052884615384615384 0.057692307692307696
0 0.8798076923076923 0.5180288461538461 0.23557692307692307 0.31009615384615385
0 0.5372596153846154 0.171875 0.6778846153846154 0.34375
0 0.2127403846153846 0.3076923076923077 0.24759615384615385 0.44711538461538464
0 0.15625 0.5420673076923077 0.052884615384615384 0.036057692307692304
0 0.2548076923076923 0.5504807692307693 0.04326923076923077 0.04326923076923077
0 0.0985576923076923 0.5516826923076923 0.038461538461538464 0.02403846153846154
0 0.0889423076923077 0.6274038461538461 0.019230769230769232 0.038461538461538464
0 0.11658653846153846 0.6334134615384616 0.04326923076923077 0.036057692307692304
0 0.109375 0.6814903846153846 0.04807692307692308 0.036057692307692304
0 0.12139423076923077 0.7079326923076923 0.052884615384615384 0.03125
0 0.13822115384615385 0.8040865384615384 0.038461538461538464 0.03365384615384615
0 0.2668269230769231 0.8245192307692307 0.028846153846153848 0.03365384615384615
0 0.32211538461538464 0.9314903846153846 0.028846153846153848 0.040865384615384616
0 0.2848557692307692 0.7860576923076923 0.04326923076923077 0.028846153846153848
0 0.3016826923076923 0.6778846153846154 0.019230769230769232 0.019230769230769232
0 0.2920673076923077 0.6959134615384616 0.019230769230769232 0.03365384615384615
0 0.24519230769230768 0.6682692307692307 0.03365384615384615 0.038461538461538464
0 0.42788461538461536 0.7319711538461539 0.14423076923076922 0.10576923076923077
0 0.5276442307692307 0.7235576923076923 0.08413461538461539 0.11057692307692307
0 0.5649038461538461 0.7884615384615384 0.1201923076923077 0.15865384615384615
0 0.4651442307692308 0.5540865384615384 0.36538461538461536 0.3076923076923077
0 0.5192307692307693 0.3737980769230769 0.1875 0.125
0 0.7247596153846154 0.3641826923076923 0.4014423076923077 0.375
0 0.859375 0.2247596153846154 0.2764423076923077 0.31009615384615385