0 0.038461538461538464 0.8137019230769231 0.06971153846153846 0.27403846153846156
0 0.08774038461538461 0.9399038461538461 0.057692307692307696 0.11057692307692307
0 0.14423076923076922 0.9399038461538461 0.06971153846153846 0.0985576923076923
0 0.1310096153846154 0.8137019230769231 0.11057692307692307 0.17307692307692307
0 0.03125 0.5240384615384616 0.055288461538461536 0.4254807692307692
0 0.07451923076923077 0.5384615384615384 0.09134615384615384 0.4639423076923077
0 0.11298076923076923 0.546875 0.13942307692307693 0.45913461538461536
0 0.057692307692307696 0.2620192307692308 0.06490384615384616 0.16346153846153846
0 0.10576923076923077 0.24639423076923078 0.057692307692307696 0.20673076923076922
0 0.15264423076923078 0.24879807692307693 0.11057692307692307 0.20192307692307693
0 0.17067307692307693 0.20793269230769232 0.125 0.13221153846153846
0 0.2980769230769231 0.32572115384615385 0.16105769230769232 0.19230769230769232
0 0.20552884615384615 0.34134615384615385 0.040865384615384616 0.09375
0 0.17307692307692307 0.3713942307692308 0.03365384615384615 0.052884615384615384
0 0.1346153846153846 0.36899038461538464 0.036057692307692304 0.06009615384615385
0 0.17067307692307693 0.43990384615384615 0.057692307692307696 0.07211538461538461
0 0.21634615384615385 0.4098557692307692 0.04807692307692308 0.0673076923076923
0 0.25961538461538464 0.49759615384615385 0.09134615384615384 0.16346153846153846
0 0.19591346153846154 0.5793269230769231 0.11778846153846154 0.1971153846153846
0 0.2764423076923077 0.6442307692307693 0.08173076923076923 0.1201923076923077
0 0.22235576923076922 0.7163461538461539 0.09615384615384616 0.0985576923076923
0 0.2776442307692308 0.8257211538461539 0.21634615384615385 0.25
0 0.3581730769230769 0.7043269230769231 0.0985576923076923 0.11057692307692307
0 0.3401442307692308 0.5360576923076923 0.10576923076923077 0.2403846153846154
0 0.3870192307692308 0.5084134615384616 0.09134615384615384 0.15384615384615385
0 0.41225961538461536 0.6418269230769231 0.08413461538461539 0.13701923076923078
0 0.4182692307692308 0.7536057692307693 0.09615384615384616 0.2620192307692308
0 0.4182692307692308 0.8689903846153846 0.06490384615384616 0.07692307692307693
0 0.4014423076923077 0.9459134615384616 0.0673076923076923 0.08653846153846154
0 0.4423076923076923 0.9639423076923077 0.04807692307692308 0.06009615384615385
0 0.40865384615384615 0.3858173076923077 0.0985576923076923 0.15865384615384615
0 0.36778846153846156 0.21033653846153846 0.16105769230769232 0.20192307692307693
0 0.3894230769230769 0.06129807692307692 0.13942307692307693 0.11778846153846154
0 0.5096153846153846 0.328125 0.10336538461538461 0.23076923076923078
0 0.49759615384615385 0.2980769230769231 0.15865384615384615 0.13701923076923078
0 0.6838942307692307 0.39302884615384615 0.2692307692307692 0.38221153846153844
0 0.6274038461538461 0.22115384615384615 0.10576923076923077 0.125
0 0.5600961538461539 0.4675480769230769 0.04326923076923077 0.11538461538461539
0 0.5925480769230769 0.5108173076923077 0.057692307692307696 0.08173076923076923
0 0.6237980769230769 0.5709134615384616 0.04807692307692308 0.08173076923076923
0 0.5841346153846154 0.5769230769230769 0.038461538461538464 0.04807692307692308
0 0.6850961538461539 0.5540865384615384 0.07692307692307693 0.09134615384615384
0 0.6850961538461539 0.6225961538461539 0.02403846153846154 0.052884615384615384
0 0.6550480769230769 0.6201923076923077 0.036057692307692304 0.038461538461538464
0 0.6177884615384616 0.6286057692307693 0.036057692307692304 0.04326923076923077
0 0.5925480769230769 0.6177884615384616 0.021634615384615384 0.03365384615384615
0 0.6033653846153846 0.671875 0.036057692307692304 0.0673076923076923
0 0.6418269230769231 0.671875 0.03365384615384615 0.04326923076923077
0 0.6694711538461539 0.6610576923076923 0.028846153846153848 0.03365384615384615
0 0.5240384615384616 0.6526442307692307 0.11538461538461539 0.16826923076923078
0 0.4891826923076923 0.5060096153846154 0.10576923076923077 0.13701923076923078
0 0.5324519230769231 0.8413461538461539 0.16346153846153846 0.2620192307692308
0 0.65625 0.8966346153846154 0.09134615384615384 0.16346153846153846
0 0.6394230769230769 0.7572115384615384 0.09615384615384616 0.13701923076923078
0 0.7091346153846154 0.8004807692307693 0.06490384615384616 0.13701923076923078
0 0.8485576923076923 0.30649038461538464 0.0985576923076923 0.12980769230769232
0 0.7980769230769231 0.5132211538461539 0.07692307692307693 0.27403846153846156
0 0.7475961538461539 0.6911057692307693 0.12740384615384615 0.20192307692307693
0 0.7848557692307693 0.8713942307692307 0.125 0.18028846153846154
0 0.8894230769230769 0.8329326923076923 0.12740384615384615 0.19230769230769232
0 0.9567307692307693 0.7836538461538461 0.04326923076923077 0.07211538461538461
0 0.9711538461538461 0.8413461538461539 0.05048076923076923 0.0673076923076923
0 0.9699519230769231 0.9170673076923077 0.055288461538461536 0.07451923076923077
0 0.8413461538461539 0.5841346153846154 0.10576923076923077 0.41586538461538464
0 0.9014423076923077 0.5576923076923077 0.07211538461538461 0.3942307692307692
0 0.9194711538461539 0.5841346153846154 0.14423076923076922 0.3605769230769231
0 0.9639423076923077 0.4639423076923077 0.057692307692307696 0.0985576923076923
0 0.9459134615384616 0.3389423076923077 0.10096153846153846 0.11057692307692307
0 0.9651442307692307 0.3858173076923077 0.0673076923076923 0.11538461538461539
0 0.984375 0.4891826923076923 0.026442307692307692 0.20432692307692307
0 0.9807692307692307 0.7199519230769231 0.03365384615384615 0.23798076923076922