0 0.25240384615384615 0.6370192307692307 0.17307692307692307 0.24278846153846154
0 0.47115384615384615 0.5697115384615384 0.4855769230769231 0.34615384615384615
0 0.5408653846153846 0.5024038461538461 0.27884615384615385 0.18028846153846154
0 0.8221153846153846 0.6262019230769231 0.3076923076923077 0.3557692307692308
0 0.6935096153846154 0.6346153846153846 0.057692307692307696 0.16346153846153846
0 0.6598557692307693 0.6213942307692307 0.06971153846153846 0.15865384615384615
0 0.6334134615384616 0.5492788461538461 0.08653846153846154 0.09615384615384616
0 0.6153846153846154 0.6189903846153846 0.04326923076923077 0.08173076923076923
0 0.7067307692307693 0.4951923076923077 0.0625 0.07211538461538461
0 0.5709134615384616 0.5697115384615384 0.038461538461538464 0.057692307692307696
0 0.484375 0.7427884615384616 0.25961538461538464 0.3076923076923077
0 0.5516826923076923 0.8533653846153846 0.125 0.17067307692307693
0 0.21634615384615385 0.7860576923076923 0.27884615384615385 0.4182692307692308
0 0.5 0.8882211538461539 0.2932692307692308 0.21875
0 0.6586538461538461 0.7884615384615384 0.07211538461538461 0.14423076923076922