0 0.484375 0.49038461538461536 0.8245192307692307 0.6105769230769231
0 0.28725961538461536 0.12620192307692307 0.5697115384615384 0.25240384615384615
0 0.6983173076923077 0.24759615384615385 0.5096153846153846 0.4567307692307692
0 0.17067307692307693 0.8665865384615384 0.3293269230769231 0.25961538461538464
0 0.36899038461538464 0.8461538461538461 0.5721153846153846 0.30288461538461536
0 0.07211538461538461 0.49399038461538464 0.1346153846153846 0.4855769230769231
0 0.8557692307692307 0.8725961538461539 0.1971153846153846 0.13221153846153846
0 0.7247596153846154 0.828125 0.14903846153846154 0.1346153846153846
0 0.7211538461538461 0.9459134615384616 0.14423076923076922 0.10096153846153846
0 0.9543269230769231 0.7716346153846154 0.08653846153846154 0.14903846153846154
0 0.9507211538461539 0.640625 0.09615384615384616 0.11538461538461539
0 0.9471153846153846 0.5324519230769231 0.10096153846153846 0.11778846153846154