0 0.8016826923076923 0.9651442307692307 0.12259615384615384 0.052884615384615384
0 0.8197115384615384 0.8894230769230769 0.14423076923076922 0.20673076923076922
0 0.984375 0.8665865384615384 0.026442307692307692 0.25240384615384615
0 0.9495192307692307 0.33533653846153844 0.09615384615384616 0.35096153846153844
0 0.9170673076923077 0.09615384615384616 0.07451923076923077 0.19230769230769232
0 0.8040865384615384 0.17548076923076922 0.18269230769230768 0.35096153846153844
0 0.8161057692307693 0.3245192307692308 0.0985576923076923 0.3269230769230769
0 0.7644230769230769 0.17908653846153846 0.06490384615384616 0.23557692307692307
0 0.7211538461538461 0.22115384615384615 0.09134615384615384 0.23076923076923078
0 0.6826923076923077 0.07692307692307693 0.07692307692307693 0.15384615384615385
0 0.6189903846153846 0.140625 0.06971153846153846 0.23557692307692307
0 0.6574519230769231 0.3088942307692308 0.07692307692307693 0.3269230769230769
0 0.7439903846153846 0.49278846153846156 0.18990384615384615 0.3894230769230769
0 0.7463942307692307 0.7980769230769231 0.1778846153846154 0.3894230769230769
0 0.6382211538461539 0.9423076923076923 0.09134615384615384 0.10096153846153846
0 0.5913461538461539 0.7475961538461539 0.1778846153846154 0.4879807692307692
0 0.42427884615384615 0.6911057692307693 0.24519230769230768 0.6033653846153846
0 0.3269230769230769 0.828125 0.09375 0.28365384615384615
0 0.46634615384615385 0.42788461538461536 0.12740384615384615 0.30528846153846156
0 0.5685096153846154 0.3858173076923077 0.1201923076923077 0.3125
0 0.5180288461538461 0.19831730769230768 0.038461538461538464 0.09134615384615384
0 0.5504807692307693 0.06490384615384616 0.04326923076923077 0.12980769230769232
0 0.5685096153846154 0.171875 0.036057692307692304 0.11538461538461539
0 0.5192307692307693 0.09134615384615384 0.019230769230769232 0.10576923076923077
0 0.5204326923076923 0.015625 0.02403846153846154 0.028846153846153848
0 0.59375 0.038461538461538464 0.038461538461538464 0.07692307692307693
0 0.4230769230769231 0.12620192307692307 0.15625 0.25240384615384615
0 0.29086538461538464 0.21033653846153846 0.2283653846153846 0.4182692307692308
0 0.19831730769230768 0.671875 0.21153846153846154 0.6394230769230769
0 0.19831730769230768 0.8822115384615384 0.12259615384615384 0.22115384615384615
0 0.037259615384615384 0.7367788461538461 0.07451923076923077 0.3629807692307692
0 0.02283653846153846 0.8737980769230769 0.04567307692307692 0.16105769230769232
0 0.054086538461538464 0.9423076923076923 0.07211538461538461 0.10096153846153846
0 0.008413461538461538 0.9615384615384616 0.016826923076923076 0.0625
0 0.109375 0.9543269230769231 0.04807692307692308 0.07692307692307693
0 0.057692307692307696 0.6298076923076923 0.08653846153846154 0.375
0 0.04326923076923077 0.08413461538461539 0.08653846153846154 0.16826923076923078
0 0.12379807692307693 0.09134615384615384 0.07692307692307693 0.18269230769230768
0 0.1778846153846154 0.09615384615384616 0.04807692307692308 0.19230769230769232
2 0.10096153846153846 0.5300480769230769 0.1971153846153846 0.7259615384615384