0 0.4987980769230769 0.3737980769230769 0.21634615384615385 0.34134615384615385
0 0.17908653846153846 0.3112980769230769 0.20673076923076922 0.33653846153846156
0 0.2668269230769231 0.5060096153846154 0.15384615384615385 0.18509615384615385
0 0.24278846153846154 0.7932692307692307 0.1971153846153846 0.36538461538461536
0 0.3918269230769231 0.8617788461538461 0.18269230769230768 0.2644230769230769
0 0.5120192307692307 0.703125 0.2091346153846154 0.3173076923076923
0 0.3954326923076923 0.5685096153846154 0.11538461538461539 0.25
0 0.3641826923076923 0.27524038461538464 0.15865384615384615 0.3125
0 0.5048076923076923 0.1045673076923077 0.2548076923076923 0.2091346153846154
0 0.5540865384615384 0.27283653846153844 0.11538461538461539 0.18509615384615385
0 0.7091346153846154 0.3173076923076923 0.19230769230769232 0.28846153846153844
0 0.6129807692307693 0.578125 0.1778846153846154 0.3173076923076923
0 0.7379807692307693 0.7992788461538461 0.21153846153846154 0.35336538461538464
0 0.5745192307692307 0.8737980769230769 0.16346153846153846 0.2403846153846154