0 0.109375 0.4182692307692308 0.2091346153846154 0.13942307692307693
0 0.04807692307692308 0.5588942307692307 0.08653846153846154 0.13942307692307693
0 0.2403846153846154 0.6911057692307693 0.40625 0.2692307692307692
0 0.03245192307692308 0.7740384615384616 0.052884615384615384 0.15384615384615385
0 0.11177884615384616 0.7716346153846154 0.21394230769230768 0.24759615384615385
0 0.17668269230769232 0.8930288461538461 0.31009615384615385 0.1778846153846154
0 0.4807692307692308 0.8425480769230769 0.38461538461538464 0.2932692307692308
0 0.5925480769230769 0.9266826923076923 0.7043269230769231 0.14182692307692307
0 0.8221153846153846 0.7992788461538461 0.35096153846153844 0.27163461538461536
0 0.7007211538461539 0.6634615384615384 0.46153846153846156 0.28846153846153844
0 0.515625 0.46274038461538464 0.34615384615384615 0.25961538461538464
0 0.28365384615384615 0.45552884615384615 0.13942307692307693 0.14903846153846154
0 0.19831730769230768 0.5300480769230769 0.20192307692307693 0.08173076923076923
0 0.7091346153846154 0.5108173076923077 0.14423076923076922 0.1346153846153846
0 0.8810096153846154 0.5240384615384616 0.23317307692307693 0.38461538461538464
0 0.7632211538461539 0.2776442307692308 0.46875 0.23317307692307693
0 0.9651442307692307 0.13942307692307693 0.04807692307692308 0.040865384615384616
0 0.6706730769230769 0.21634615384615385 0.04807692307692308 0.026442307692307692
0 0.5432692307692307 0.2283653846153846 0.04807692307692308 0.026442307692307692
0 0.5192307692307693 0.32572115384615385 0.04326923076923077 0.028846153846153848
0 0.3954326923076923 0.3076923076923077 0.04326923076923077 0.021634615384615384
0 0.25961538461538464 0.23197115384615385 0.038461538461538464 0.040865384615384616
0 0.3557692307692308 0.22596153846153846 0.04807692307692308 0.038461538461538464
0 0.3161057692307692 0.15745192307692307 0.03125 0.026442307692307692
0 0.23557692307692307 0.14783653846153846 0.04326923076923077 0.021634615384615384
0 0.04807692307692308 0.09254807692307693 0.04326923076923077 0.028846153846153848
0 0.37740384615384615 0.18870192307692307 0.04807692307692308 0.028846153846153848
0 0.3954326923076923 0.22596153846153846 0.04326923076923077 0.028846153846153848
0 0.4543269230769231 0.22596153846153846 0.03365384615384615 0.021634615384615384
0 0.4519230769230769 0.20793269230769232 0.038461538461538464 0.014423076923076924