0 0.8617788461538461 0.14783653846153846 0.15384615384615385 0.20673076923076922
0 0.9651442307692307 0.13701923076923078 0.0625 0.2620192307692308
0 0.8858173076923077 0.027644230769230768 0.09134615384615384 0.04326923076923077
0 0.9038461538461539 0.36899038461538464 0.14903846153846154 0.23557692307692307
0 0.9711538461538461 0.30649038461538464 0.05048076923076923 0.0985576923076923
0 0.9002403846153846 0.28125 0.10576923076923077 0.09134615384615384
0 0.9615384615384616 0.6286057692307693 0.0673076923076923 0.21875
0 0.9615384615384616 0.4807692307692308 0.0673076923076923 0.1875
0 0.8617788461538461 0.5576923076923077 0.125 0.21875
0 0.7415865384615384 0.49158653846153844 0.13942307692307693 0.21875
0 0.7800480769230769 0.3713942307692308 0.11298076923076923 0.1971153846153846
0 0.7235576923076923 0.18028846153846154 0.13942307692307693 0.25
0 0.6658653846153846 0.051682692307692304 0.14423076923076922 0.09134615384615384
0 0.7872596153846154 0.054086538461538464 0.10576923076923077 0.0985576923076923
0 0.7055288461538461 0.7427884615384616 0.18269230769230768 0.2403846153846154
0 0.8725961538461539 0.7896634615384616 0.15384615384615385 0.21153846153846154
0 0.7319711538461539 0.9242788461538461 0.15144230769230768 0.1466346153846154
0 0.5913461538461539 0.9170673076923077 0.15865384615384615 0.16105769230769232
0 0.5348557692307693 0.7512019230769231 0.16826923076923078 0.19230769230769232
0 0.5961538461538461 0.5516826923076923 0.17307692307692307 0.27403846153846156
0 0.4639423076923077 0.390625 0.1778846153846154 0.2692307692307692
0 0.5384615384615384 0.1141826923076923 0.11538461538461539 0.21875
0 0.6346153846153846 0.265625 0.15625 0.2692307692307692
0 0.5637019230769231 0.36658653846153844 0.125 0.21875
0 0.39302884615384615 0.1141826923076923 0.18269230769230768 0.21875
0 0.32572115384615385 0.0625 0.03365384615384615 0.11538461538461539
0 0.31971153846153844 0.25961538461538464 0.14423076923076922 0.24519230769230768
0 0.20192307692307693 0.12259615384615384 0.1778846153846154 0.23557692307692307
0 0.06009615384615385 0.10336538461538461 0.1201923076923077 0.1971153846153846
0 0.19471153846153846 0.2704326923076923 0.10576923076923077 0.19230769230769232
0 0.22716346153846154 0.4807692307692308 0.15625 0.2403846153846154
0 0.30528846153846156 0.4675480769230769 0.08173076923076923 0.21153846153846154
0 0.40384615384615385 0.4723557692307692 0.125 0.20192307692307693
0 0.3713942307692308 0.6995192307692307 0.14423076923076922 0.2620192307692308
0 0.43990384615384615 0.8112980769230769 0.12980769230769232 0.18028846153846154
0 0.41586538461538464 0.9134615384615384 0.1778846153846154 0.16826923076923078
0 0.30528846153846156 0.8786057692307693 0.15865384615384615 0.23798076923076922
0 0.25240384615384615 0.6935096153846154 0.15625 0.27403846153846156
0 0.14783653846153846 0.8473557692307693 0.16346153846153846 0.21875
0 0.09134615384615384 0.6586538461538461 0.14423076923076922 0.25721153846153844
0 0.04807692307692308 0.4795673076923077 0.09615384615384616 0.19951923076923078
0 0.06971153846153846 0.33052884615384615 0.13942307692307693 0.27163461538461536
0 0.037259615384615384 0.7920673076923077 0.07451923076923077 0.2091346153846154
0 0.05889423076923077 0.9435096153846154 0.10817307692307693 0.10817307692307693
0 0.22235576923076922 0.9411057692307693 0.1466346153846154 0.11298076923076923
0 0.5 0.5012019230769231 1 0.9927884615384616