0 0.9038461538461539 0.8341346153846154 0.18509615384615385 0.17307692307692307
0 0.6887019230769231 0.734375 0.375 0.375
0 0.9543269230769231 0.6286057692307693 0.08173076923076923 0.24759615384615385
0 0.28846153846153844 0.8894230769230769 0.2620192307692308 0.0625
0 0.07211538461538461 0.7319711538461539 0.14423076923076922 0.37740384615384615
0 0.1814903846153846 0.6394230769230769 0.3629807692307692 0.5
0 0.4807692307692308 0.4495192307692308 0.3894230769230769 0.5096153846153846
0 0.44471153846153844 0.7391826923076923 0.1658653846153846 0.10096153846153846
0 0.25841346153846156 0.17668269230769232 0.2764423076923077 0.35336538461538464
0 0.3954326923076923 0.109375 0.12259615384615384 0.21394230769230768
0 0.5360576923076923 0.10096153846153846 0.1971153846153846 0.1971153846153846
0 0.5757211538461539 0.1502403846153846 0.07932692307692307 0.18269230769230768
0 0.6586538461538461 0.11057692307692307 0.04326923076923077 0.1778846153846154
0 0.6418269230769231 0.27884615384615385 0.06009615384615385 0.10576923076923077
0 0.8317307692307693 0.3713942307692308 0.3269230769230769 0.5
0 0.8052884615384616 0.16105769230769232 0.29086538461538464 0.21634615384615385
0 0.7475961538461539 0.10096153846153846 0.0625 0.1971153846153846
0 0.8798076923076923 0.078125 0.23557692307692307 0.15144230769230768
0 0.07692307692307693 0.08533653846153846 0.14903846153846154 0.1658653846153846
0 0.15985576923076922 0.3161057692307692 0.2764423076923077 0.3173076923076923