0 0.3293269230769231 0.9591346153846154 0.11298076923076923 0.07451923076923077
0 0.4074519230769231 0.9435096153846154 0.09134615384615384 0.08173076923076923
0 0.4567307692307692 0.9747596153846154 0.08653846153846154 0.04326923076923077
0 0.5132211538461539 0.9807692307692307 0.0673076923076923 0.03125
0 0.5228365384615384 0.9362980769230769 0.08653846153846154 0.09615384615384616
0 0.6009615384615384 0.9735576923076923 0.08653846153846154 0.04807692307692308
0 0.4483173076923077 0.8918269230769231 0.11298076923076923 0.10817307692307693
0 0.3473557692307692 0.8353365384615384 0.1201923076923077 0.1201923076923077
0 0.3293269230769231 0.8786057692307693 0.11298076923076923 0.0673076923076923
0 0.3173076923076923 0.9050480769230769 0.09615384615384616 0.057692307692307696
0 0.28125 0.953125 0.036057692307692304 0.08653846153846154
0 0.234375 0.9627403846153846 0.0673076923076923 0.0673076923076923
0 0.4098557692307692 0.7836538461538461 0.08653846153846154 0.10817307692307693
0 0.3401442307692308 0.7584134615384616 0.0625 0.057692307692307696
0 0.28846153846153844 0.7427884615384616 0.11298076923076923 0.09615384615384616
0 0.26322115384615385 0.796875 0.07211538461538461 0.057692307692307696
0 0.3581730769230769 0.6850961538461539 0.0673076923076923 0.10576923076923077
0 0.3112980769230769 0.6586538461538461 0.014423076923076924 0.026442307692307692
0 0.3605769230769231 0.6021634615384616 0.03125 0.0625
0 0.15745192307692307 0.5408653846153846 0.1201923076923077 0.23076923076923078
0 0.23197115384615385 0.5168269230769231 0.11298076923076923 0.19230769230769232
0 0.30649038461538464 0.5324519230769231 0.08653846153846154 0.13942307692307693
0 0.3016826923076923 0.6430288461538461 0.08653846153846154 0.09615384615384616
0 0.22956730769230768 0.6742788461538461 0.1201923076923077 0.09615384615384616
0 0.18269230769230768 0.7487980769230769 0.08653846153846154 0.07692307692307693
0 0.24519230769230768 0.9074519230769231 0.08653846153846154 0.1778846153846154
0 0.3858173076923077 0.0733173076923077 0.20432692307692307 0.14182692307692307
0 0.22716346153846154 0.109375 0.1466346153846154 0.21394230769230768
0 0.45072115384615385 0.20432692307692307 0.2644230769230769 0.10817307692307693
0 0.3269230769230769 0.32572115384615385 0.46875 0.30528846153846156
0 0.5360576923076923 0.5733173076923077 0.09134615384615384 0.10576923076923077
0 0.5252403846153846 0.5961538461538461 0.0625 0.057692307692307696
0 0.5745192307692307 0.6754807692307693 0.08653846153846154 0.09134615384615384
0 0.6310096153846154 0.7127403846153846 0.14903846153846154 0.05048076923076923
0 0.48677884615384615 0.7548076923076923 0.12980769230769232 0.03365384615384615
0 0.5072115384615384 0.7776442307692307 0.12980769230769232 0.03365384615384615
0 0.5649038461538461 0.7824519230769231 0.15865384615384615 0.07211538461538461
0 0.4326923076923077 0.5516826923076923 0.040865384615384616 0.052884615384615384
0 0.39663461538461536 0.5024038461538461 0.11298076923076923 0.09134615384615384
0 0.5408653846153846 0.5949519230769231 0.31971153846153844 0.3076923076923077
0 0.5336538461538461 0.8317307692307693 0.19230769230769232 0.18269230769230768
0 0.7319711538461539 0.7487980769230769 0.08173076923076923 0.09134615384615384
0 0.765625 0.6778846153846154 0.08653846153846154 0.0673076923076923
0 0.6983173076923077 0.6598557692307693 0.07692307692307693 0.07692307692307693
0 0.7524038461538461 0.6177884615384616 0.11298076923076923 0.06971153846153846
0 0.6730769230769231 0.5865384615384616 0.0673076923076923 0.0625
0 0.6598557692307693 0.5324519230769231 0.08173076923076923 0.052884615384615384
0 0.75 0.5661057692307693 0.08653846153846154 0.07211538461538461
0 0.7860576923076923 0.5480769230769231 0.057692307692307696 0.04807692307692308
0 0.8112980769230769 0.5985576923076923 0.057692307692307696 0.0625
0 0.8401442307692307 0.5612980769230769 0.040865384615384616 0.08173076923076923
0 0.8629807692307693 0.5324519230769231 0.057692307692307696 0.07692307692307693
0 0.8221153846153846 0.49038461538461536 0.08653846153846154 0.06971153846153846
0 0.8786057692307693 0.4675480769230769 0.0673076923076923 0.0625
0 0.8509615384615384 0.41346153846153844 0.040865384615384616 0.038461538461538464
0 0.8197115384615384 0.375 0.052884615384615384 0.052884615384615384
0 0.796875 0.41466346153846156 0.09615384615384616 0.10576923076923077
0 0.7451923076923077 0.43028846153846156 0.0673076923076923 0.10576923076923077
0 0.75 0.5060096153846154 0.057692307692307696 0.038461538461538464
0 0.6754807692307693 0.42908653846153844 0.08173076923076923 0.10817307692307693
0 0.7007211538461539 0.5024038461538461 0.07211538461538461 0.052884615384615384
0 0.6105769230769231 0.42908653846153844 0.036057692307692304 0.0625
0 0.6346153846153846 0.49038461538461536 0.07211538461538461 0.0625
0 0.6262019230769231 0.36899038461538464 0.057692307692307696 0.057692307692307696
0 0.8088942307692307 0.3125 0.0625 0.06971153846153846
0 0.8449519230769231 0.33413461538461536 0.040865384615384616 0.057692307692307696
0 0.8629807692307693 0.27163461538461536 0.07692307692307693 0.0673076923076923
0 0.7884615384615384 0.2668269230769231 0.0625 0.06971153846153846
0 0.7295673076923077 0.3016826923076923 0.09615384615384616 0.0625
0 0.7704326923076923 0.34615384615384615 0.057692307692307696 0.03365384615384615
0 0.7067307692307693 0.35336538461538464 0.08173076923076923 0.04326923076923077
0 0.6466346153846154 0.328125 0.0673076923076923 0.052884615384615384
0 0.6850961538461539 0.2800480769230769 0.09134615384615384 0.0673076923076923
0 0.7391826923076923 0.22956730769230768 0.09615384615384616 0.0889423076923077
0 0.6262019230769231 0.18389423076923078 0.0673076923076923 0.04326923076923077
0 0.6262019230769231 0.23317307692307693 0.07692307692307693 0.057692307692307696
0 0.5949519230769231 0.2800480769230769 0.057692307692307696 0.0673076923076923
0 0.6598557692307693 0.14302884615384615 0.07211538461538461 0.0625
0 0.7884615384615384 0.16466346153846154 0.15384615384615385 0.09615384615384616
0 0.7007211538461539 0.18870192307692307 0.07211538461538461 0.0625
0 0.6622596153846154 0.07572115384615384 0.04807692307692308 0.08173076923076923
0 0.7319711538461539 0.039663461538461536 0.09375 0.07451923076923077
0 0.7908653846153846 0.037259615384615384 0.1201923076923077 0.07211538461538461
0 0.8641826923076923 0.019230769230769232 0.09375 0.03365384615384615
0 0.8786057692307693 0.054086538461538464 0.11778846153846154 0.10336538461538461
0 0.765625 0.10216346153846154 0.08653846153846154 0.04326923076923077
0 0.8990384615384616 0.12379807692307693 0.1201923076923077 0.10817307692307693
0 0.9278846153846154 0.18389423076923078 0.125 0.04326923076923077
0 0.9098557692307693 0.21634615384615385 0.17067307692307693 0.03125
0 0.9435096153846154 0.2512019230769231 0.10336538461538461 0.04807692307692308
0 0.9411057692307693 0.2800480769230769 0.10817307692307693 0.08173076923076923
0 0.9615384615384616 0.021634615384615384 0.057692307692307696 0.04326923076923077