0 0.4795673076923077 0.038461538461538464 0.17307692307692307 0.0673076923076923
0 0.453125 0.09615384615384616 0.22115384615384615 0.18028846153846154
0 0.4723557692307692 0.1310096153846154 0.20192307692307693 0.08653846153846154
0 0.3641826923076923 0.13942307692307693 0.13221153846153846 0.22355769230769232
0 0.2776442307692308 0.0733173076923077 0.11298076923076923 0.13701923076923078
0 0.1814903846153846 0.07091346153846154 0.08173076923076923 0.13221153846153846
0 0.08413461538461539 0.0985576923076923 0.125 0.1875
0 0.10697115384615384 0.1310096153846154 0.06971153846153846 0.08653846153846154
0 0.1622596153846154 0.16346153846153846 0.11298076923076923 0.16346153846153846
0 0.13942307692307693 0.24639423076923078 0.14903846153846154 0.11057692307692307
0 0.057692307692307696 0.2403846153846154 0.08173076923076923 0.11057692307692307
0 0.052884615384615384 0.3137019230769231 0.08413461538461539 0.14903846153846154
0 0.036057692307692304 0.43990384615384615 0.06490384615384616 0.125
0 0.17307692307692307 0.4483173076923077 0.20673076923076922 0.3076923076923077
0 0.25961538461538464 0.26802884615384615 0.09134615384615384 0.11057692307692307
0 0.3786057692307692 0.34375 0.18990384615384615 0.4375
0 0.4651442307692308 0.2127403846153846 0.15384615384615385 0.15384615384615385
0 0.49399038461538464 0.3173076923076923 0.036057692307692304 0.0673076923076923
0 0.46153846153846156 0.3557692307692308 0.14423076923076922 0.23076923076923078
0 0.5612980769230769 0.33653846153846156 0.052884615384615384 0.10336538461538461
0 0.5805288461538461 0.43990384615384615 0.038461538461538464 0.06009615384615385
0 0.4963942307692308 0.47596153846153844 0.03365384615384615 0.0673076923076923
0 0.3858173076923077 0.6670673076923077 0.15384615384615385 0.27403846153846156
0 0.3233173076923077 0.5432692307692307 0.16826923076923078 0.24519230769230768
0 0.29447115384615385 0.3858173076923077 0.07451923076923077 0.13701923076923078
0 0.0673076923076923 0.6826923076923077 0.12740384615384615 0.3605769230769231
0 0.11899038461538461 0.9170673076923077 0.09375 0.16105769230769232
0 0.18990384615384615 0.9735576923076923 0.08653846153846154 0.04807692307692308
0 0.34975961538461536 0.9435096153846154 0.2668269230769231 0.10817307692307693
0 0.4266826923076923 0.9122596153846154 0.0625 0.08653846153846154
0 0.47596153846153844 0.9074519230769231 0.057692307692307696 0.14182692307692307
0 0.5817307692307693 0.7980769230769231 0.06490384615384616 0.07692307692307693
0 0.6105769230769231 0.6286057692307693 0.06490384615384616 0.11057692307692307
0 0.5456730769230769 0.5625 0.08653846153846154 0.1201923076923077
0 0.49278846153846156 0.6634615384615384 0.15625 0.09134615384615384
0 0.43990384615384615 0.8088942307692307 0.21875 0.20673076923076922
0 0.3161057692307692 0.8365384615384616 0.036057692307692304 0.0673076923076923
0 0.28125 0.8665865384615384 0.03365384615384615 0.04807692307692308
0 0.265625 0.8930288461538461 0.021634615384615384 0.028846153846153848
0 0.15985576923076922 0.8689903846153846 0.04326923076923077 0.0673076923076923
0 0.12860576923076922 0.8329326923076923 0.040865384615384616 0.07211538461538461
0 0.11298076923076923 0.7764423076923077 0.036057692307692304 0.052884615384615384
0 0.125 0.7079326923076923 0.040865384615384616 0.04807692307692308
0 0.1141826923076923 0.65625 0.038461538461538464 0.052884615384615384
0 0.15144230769230768 0.671875 0.03365384615384615 0.0673076923076923
0 0.14423076923076922 0.7572115384615384 0.038461538461538464 0.06009615384615385
0 0.16346153846153846 0.7956730769230769 0.04326923076923077 0.06009615384615385
0 0.20192307692307693 0.8605769230769231 0.03365384615384615 0.07211538461538461
0 0.22956730769230768 0.8473557692307693 0.04326923076923077 0.0673076923076923
0 0.20673076923076922 0.7920673076923077 0.04326923076923077 0.0673076923076923
0 0.27283653846153844 0.7872596153846154 0.036057692307692304 0.052884615384615384
0 0.3004807692307692 0.7512019230769231 0.019230769230769232 0.06009615384615385
0 0.2439903846153846 0.7487980769230769 0.04326923076923077 0.0673076923076923
0 0.22235576923076922 0.7235576923076923 0.04326923076923077 0.06009615384615385
0 0.1778846153846154 0.7127403846153846 0.04326923076923077 0.06009615384615385
0 0.1778846153846154 0.65625 0.028846153846153848 0.04326923076923077
0 0.2127403846153846 0.671875 0.038461538461538464 0.052884615384615384