0 0.9387019230769231 0.7487980769230769 0.11538461538461539 0.22115384615384615
0 0.9831730769230769 0.6153846153846154 0.02403846153846154 0.11057692307692307
0 0.8521634615384616 0.8545673076923077 0.17307692307692307 0.14423076923076922
0 0.8918269230769231 0.9230769230769231 0.21634615384615385 0.14903846153846154
0 0.5925480769230769 0.8185096153846154 0.04807692307692308 0.052884615384615384
0 0.6334134615384616 0.8569711538461539 0.06490384615384616 0.04326923076923077
0 0.6466346153846154 0.8137019230769231 0.04807692307692308 0.0625
0 0.6850961538461539 0.8112980769230769 0.0625 0.08653846153846154
0 0.6682692307692307 0.7560096153846154 0.052884615384615384 0.052884615384615384
0 0.6129807692307693 0.7584134615384616 0.057692307692307696 0.057692307692307696
0 0.6394230769230769 0.7992788461538461 0.1346153846153846 0.14903846153846154
0 0.7103365384615384 0.6057692307692307 0.08653846153846154 0.09134615384615384
0 0.8209134615384616 0.41346153846153844 0.09615384615384616 0.11057692307692307
0 0.7548076923076923 0.3112980769230769 0.0625 0.0625
0 0.8185096153846154 0.32091346153846156 0.0985576923076923 0.052884615384615384
0 0.8521634615384616 0.2920673076923077 0.125 0.08173076923076923
0 0.8413461538461539 0.22716346153846154 0.0625 0.04807692307692308
0 0.8870192307692307 0.24639423076923078 0.07692307692307693 0.07692307692307693
0 0.8125 0.2776442307692308 0.23557692307692307 0.24759615384615385
0 0.8641826923076923 0.1814903846153846 0.057692307692307696 0.04326923076923077
0 0.8353365384615384 0.15985576923076922 0.040865384615384616 0.038461538461538464
0 0.7884615384615384 0.203125 0.038461538461538464 0.019230769230769232
0 0.7980769230769231 0.17908653846153846 0.040865384615384616 0.028846153846153848
0 0.7572115384615384 0.21754807692307693 0.057692307692307696 0.057692307692307696
0 0.5985576923076923 0.21514423076923078 0.07932692307692307 0.09134615384615384
0 0.4483173076923077 0.3641826923076923 0.040865384615384616 0.1201923076923077
0 0.49759615384615385 0.3425480769230769 0.09134615384615384 0.10576923076923077
0 0.49759615384615385 0.4014423076923077 0.040865384615384616 0.0673076923076923
0 0.4795673076923077 0.38461538461538464 0.16105769230769232 0.15865384615384615
0 0.4963942307692308 0.6574519230769231 0.04567307692307692 0.057692307692307696
0 0.5144230769230769 0.6550480769230769 0.02403846153846154 0.07211538461538461
0 0.5228365384615384 0.6286057692307693 0.03365384615384615 0.04807692307692308
0 0.5 0.6009615384615384 0.028846153846153848 0.0625
0 0.45913461538461536 0.5721153846153846 0.052884615384615384 0.052884615384615384
0 0.4543269230769231 0.6201923076923077 0.04567307692307692 0.052884615384615384
0 0.44591346153846156 0.6646634615384616 0.04567307692307692 0.052884615384615384
0 0.41346153846153844 0.6838942307692307 0.028846153846153848 0.04326923076923077
0 0.4074519230769231 0.6310096153846154 0.03365384615384615 0.0625
0 0.4338942307692308 0.5697115384615384 0.038461538461538464 0.04807692307692308
0 0.4651442307692308 0.6225961538461539 0.14903846153846154 0.15384615384615385
0 0.5372596153846154 0.8521634615384616 0.052884615384615384 0.13942307692307693
0 0.46274038461538464 0.9254807692307693 0.1346153846153846 0.10096153846153846
0 0.35096153846153844 0.9206730769230769 0.08653846153846154 0.15384615384615385
0 0.4254807692307692 0.8449519230769231 0.1201923076923077 0.1346153846153846
0 0.3004807692307692 0.8942307692307693 0.10817307692307693 0.14423076923076922
0 0.2920673076923077 0.8233173076923077 0.0985576923076923 0.1201923076923077
0 0.34375 0.7920673076923077 0.09615384615384616 0.057692307692307696
0 0.34375 0.13822115384615385 0.4254807692307692 0.2668269230769231
0 0.4891826923076923 0.06009615384615385 0.15625 0.11057692307692307
0 0.34134615384615385 0.0673076923076923 0.09134615384615384 0.125
0 0.27163461538461536 0.0673076923076923 0.0673076923076923 0.10576923076923077
0 0.37259615384615385 0.057692307692307696 0.09615384615384616 0.08653846153846154
0 0.41947115384615385 0.15504807692307693 0.0985576923076923 0.08653846153846154
0 0.3112980769230769 0.18389423076923078 0.08653846153846154 0.0673076923076923
0 0.24519230769230768 0.14302884615384615 0.08653846153846154 0.09134615384615384
0 0.18870192307692307 0.07932692307692307 0.07451923076923077 0.08173076923076923
0 0.22596153846153846 0.04567307692307692 0.10817307692307693 0.08173076923076923
0 0.36177884615384615 0.16466346153846154 0.07451923076923077 0.07692307692307693
0 0.4855769230769231 0.13581730769230768 0.09134615384615384 0.08653846153846154
0 0.5120192307692307 0.04567307692307692 0.06971153846153846 0.08173076923076923
0 0.44471153846153844 0.03365384615384615 0.040865384615384616 0.057692307692307696
0 0.34615384615384615 0.23197115384615385 0.07451923076923077 0.0673076923076923
0 0.41947115384615385 0.20552884615384615 0.07451923076923077 0.0625
0 0.2692307692307692 0.22956730769230768 0.07932692307692307 0.0625
0 0.23677884615384615 0.17668269230769232 0.08653846153846154 0.07211538461538461
0 0.1814903846153846 0.16706730769230768 0.0673076923076923 0.0625
0 0.17067307692307693 0.11298076923076923 0.08653846153846154 0.08173076923076923
0 0.10216346153846154 0.6454326923076923 0.19951923076923078 0.2956730769230769
0 0.23918269230769232 0.6358173076923077 0.13942307692307693 0.12980769230769232
0 0.2800480769230769 0.5673076923076923 0.08173076923076923 0.12980769230769232
0 0.2776442307692308 0.45913461538461536 0.052884615384615384 0.18269230769230768
0 0.21394230769230768 0.5096153846153846 0.0985576923076923 0.17067307692307693
0 0.22596153846153846 0.40865384615384615 0.08173076923076923 0.15144230769230768
0 0.17307692307692307 0.36177884615384615 0.07451923076923077 0.17307692307692307
0 0.12740384615384615 0.38221153846153844 0.10817307692307693 0.19230769230769232
0 0.08173076923076923 0.37740384615384615 0.07451923076923077 0.17307692307692307
0 0.09375 0.44711538461538464 0.18269230769230768 0.2692307692307692
3 0.546875 0.6502403846153846 0.21394230769230768 0.1778846153846154
3 0.36778846153846156 0.7512019230769231 0.11057692307692307 0.1201923076923077