0 0.8822115384615384 0.8798076923076923 0.23076923076923078 0.2283653846153846
0 0.9387019230769231 0.6694711538461539 0.11538461538461539 0.4254807692307692
0 0.9350961538461539 0.33653846153846156 0.12259615384615384 0.3389423076923077
0 0.8629807692307693 0.13341346153846154 0.25 0.2668269230769231
0 0.7740384615384616 0.45072115384615385 0.19951923076923078 0.38221153846153844
0 0.5324519230769231 0.47836538461538464 0.23076923076923078 0.4519230769230769
0 0.6838942307692307 0.75 0.23076923076923078 0.41346153846153844
0 0.6658653846153846 0.9747596153846154 0.125 0.038461538461538464
0 0.6189903846153846 0.3701923076923077 0.11538461538461539 0.3317307692307692
0 0.6754807692307693 0.14903846153846154 0.16826923076923078 0.2980769230769231
0 0.5036057692307693 0.17548076923076922 0.1875 0.2644230769230769
0 0.5324519230769231 0.055288461538461536 0.16105769230769232 0.11057692307692307
0 0.4026442307692308 0.040865384615384616 0.11298076923076923 0.08173076923076923
0 0.3954326923076923 0.13942307692307693 0.11298076923076923 0.2403846153846154
0 0.33052884615384615 0.3485576923076923 0.08653846153846154 0.21634615384615385
0 0.39783653846153844 0.40384615384615385 0.16346153846153846 0.30288461538461536
0 0.296875 0.7283653846153846 0.27884615384615385 0.5192307692307693
0 0.46153846153846156 0.8149038461538461 0.2403846153846154 0.3581730769230769
0 0.16947115384615385 0.9387019230769231 0.1778846153846154 0.11057692307692307
0 0.04326923076923077 0.9230769230769231 0.08653846153846154 0.14182692307692307
0 0.08653846153846154 0.6790865384615384 0.16826923076923078 0.32211538461538464
0 0.1778846153846154 0.4074519230769231 0.2403846153846154 0.4182692307692308
0 0.2692307692307692 0.15745192307692307 0.15865384615384615 0.30288461538461536
0 0.18509615384615385 0.10216346153846154 0.055288461538461536 0.20192307692307693
0 0.08052884615384616 0.09615384615384616 0.16105769230769232 0.19230769230769232
0 0.09735576923076923 0.27524038461538464 0.15384615384615385 0.2548076923076923
0 0.009615384615384616 0.2932692307692308 0.019230769230769232 0.2548076923076923