0 0.036057692307692304 0.12620192307692307 0.06490384615384616 0.17067307692307693
0 0.3125 0.12860576923076922 0.18269230769230768 0.15625
0 0.15264423076923078 0.17307692307692307 0.2980769230769231 0.21634615384615385
0 0.9387019230769231 0.140625 0.11538461538461539 0.21153846153846154
0 0.9170673076923077 0.25841346153846156 0.15865384615384615 0.1346153846153846
0 0.9471153846153846 0.39903846153846156 0.0985576923076923 0.15625
0 0.8221153846153846 0.38221153846153844 0.1658653846153846 0.13221153846153846
0 0.7079326923076923 0.4050480769230769 0.14182692307692307 0.125
0 0.5889423076923077 0.41225961538461536 0.1201923076923077 0.12980769230769232
0 0.5432692307692307 0.5096153846153846 0.09134615384615384 0.1658653846153846
0 0.6165865384615384 0.5709134615384616 0.07932692307692307 0.08653846153846154
0 0.6069711538461539 0.6634615384615384 0.07451923076923077 0.10096153846153846
0 0.703125 0.5504807692307693 0.09615384615384616 0.08653846153846154
0 0.6538461538461539 0.4651442307692308 0.12259615384615384 0.09615384615384616
0 0.8185096153846154 0.6009615384615384 0.1658653846153846 0.23798076923076922
0 0.8521634615384616 0.4567307692307692 0.15384615384615385 0.09134615384615384
0 0.9423076923076923 0.5733173076923077 0.10576923076923077 0.20192307692307693
0 0.3954326923076923 0.36658653846153844 0.08653846153846154 0.10096153846153846
0 0.46634615384615385 0.4567307692307692 0.0625 0.08173076923076923
0 0.453125 0.5048076923076923 0.057692307692307696 0.04567307692307692
0 0.5084134615384616 0.36899038461538464 0.0673076923076923 0.09615384615384616
0 0.46274038461538464 0.35216346153846156 0.055288461538461536 0.10096153846153846
0 0.5060096153846154 0.24639423076923078 0.055288461538461536 0.05048076923076923
0 0.5252403846153846 0.30649038461538464 0.07932692307692307 0.05048076923076923
0 0.5769230769230769 0.34375 0.055288461538461536 0.04567307692307692
0 0.6141826923076923 0.29086538461538464 0.19471153846153846 0.18269230769230768
0 0.6959134615384616 0.23076923076923078 0.15865384615384615 0.18269230769230768
0 0.7644230769230769 0.12620192307692307 0.23317307692307693 0.24278846153846154
0 0.5396634615384616 0.10336538461538461 0.28846153846153844 0.17548076923076922
0 0.12860576923076922 0.3137019230769231 0.25 0.15625
0 0.296875 0.5600961538461539 0.14903846153846154 0.23557692307692307
0 0.23557692307692307 0.5024038461538461 0.09134615384615384 0.15144230769230768
0 0.1310096153846154 0.4519230769230769 0.14182692307692307 0.25961538461538464
0 0.039663461538461536 0.5625 0.07211538461538461 0.32211538461538464
0 0.15625 0.78125 0.27403846153846156 0.42788461538461536
0 0.17548076923076922 0.8257211538461539 0.34615384615384615 0.34375
0 0.4230769230769231 0.6838942307692307 0.24519230769230768 0.3125
0 0.32572115384615385 0.3894230769230769 0.6442307692307693 0.5769230769230769
0 0.6826923076923077 0.7896634615384616 0.34615384615384615 0.41586538461538464
0 0.8762019230769231 0.9002403846153846 0.18028846153846154 0.19471153846153846
0 0.9278846153846154 0.7752403846153846 0.13942307692307693 0.22355769230769232
0 0.39783653846153844 0.8930288461538461 0.2668269230769231 0.2091346153846154