0 0.2608173076923077 0.14302884615384615 0.4855769230769231 0.20192307692307693
0 0.10697115384615384 0.028846153846153848 0.20192307692307693 0.052884615384615384
0 0.3317307692307692 0.08413461538461539 0.34375 0.15384615384615385
0 0.38341346153846156 0.025240384615384616 0.20192307692307693 0.04567307692307692
0 0.33774038461538464 0.028846153846153848 0.1971153846153846 0.052884615384615384
0 0.4879807692307692 0.07692307692307693 0.2403846153846154 0.052884615384615384
0 0.6262019230769231 0.140625 0.3798076923076923 0.10576923076923077
0 0.6045673076923077 0.0673076923076923 0.1778846153846154 0.12980769230769232
0 0.7271634615384616 0.06971153846153846 0.11538461538461539 0.10576923076923077
0 0.6442307692307693 0.06129807692307692 0.07211538461538461 0.06490384615384616
0 0.7367788461538461 0.052884615384615384 0.3557692307692308 0.10096153846153846
0 0.8870192307692307 0.14783653846153846 0.21634615384615385 0.07211538461538461
0 0.84375 0.20673076923076922 0.09134615384615384 0.07692307692307693
0 0.7151442307692307 0.22235576923076922 0.10576923076923077 0.08413461538461539
0 0.6045673076923077 0.2091346153846154 0.15384615384615385 0.07692307692307693
0 0.6959134615384616 0.30528846153846156 0.33653846153846156 0.125
0 0.8701923076923077 0.2980769230769231 0.2548076923076923 0.1875
0 0.8100961538461539 0.43028846153846156 0.1346153846153846 0.1201923076923077
0 0.5925480769230769 0.38341346153846156 0.3605769230769231 0.07692307692307693
0 0.5036057692307693 0.43990384615384615 0.36778846153846156 0.07451923076923077
0 0.6442307692307693 0.4639423076923077 0.2091346153846154 0.057692307692307696
0 0.3004807692307692 0.3581730769230769 0.25721153846153844 0.07211538461538461
0 0.16826923076923078 0.40865384615384615 0.3125 0.11298076923076923
0 0.07932692307692307 0.42788461538461536 0.14903846153846154 0.0673076923076923
0 0.051682692307692304 0.2920673076923077 0.09134615384615384 0.20192307692307693
0 0.17427884615384615 0.2776442307692308 0.12980769230769232 0.19951923076923078
0 0.1622596153846154 0.17067307692307693 0.3125 0.12980769230769232
0 0.34975961538461536 0.21754807692307693 0.3076923076923077 0.125
0 0.4110576923076923 0.30649038461538464 0.34375 0.08413461538461539
0 0.2668269230769231 0.5108173076923077 0.44711538461538464 0.0673076923076923
0 0.2704326923076923 0.5564903846153846 0.3317307692307692 0.0673076923076923
0 0.5793269230769231 0.5649038461538461 0.3004807692307692 0.04567307692307692
0 0.6129807692307693 0.5324519230769231 0.25721153846153844 0.038461538461538464
0 0.7608173076923077 0.5432692307692307 0.15865384615384615 0.04326923076923077
0 0.7632211538461539 0.5757211538461539 0.09134615384615384 0.028846153846153848
0 0.8040865384615384 0.59375 0.14903846153846154 0.057692307692307696
0 0.7019230769230769 0.6033653846153846 0.07932692307692307 0.038461538461538464
0 0.4879807692307692 0.6310096153846154 0.3269230769230769 0.07451923076923077
0 0.22115384615384615 0.6117788461538461 0.42788461538461536 0.08653846153846154
0 0.057692307692307696 0.5649038461538461 0.10576923076923077 0.057692307692307696
0 0.1875 0.6754807692307693 0.35096153846153844 0.0673076923076923
0 0.34975961538461536 0.7043269230769231 0.3557692307692308 0.08653846153846154
0 0.5336538461538461 0.6694711538461539 0.08653846153846154 0.0673076923076923
0 0.640625 0.6802884615384616 0.12980769230769232 0.038461538461538464
0 0.7632211538461539 0.6418269230769231 0.2403846153846154 0.057692307692307696
0 0.7728365384615384 0.6923076923076923 0.1971153846153846 0.07451923076923077
0 0.828125 0.6935096153846154 0.17307692307692307 0.08413461538461539
0 0.8653846153846154 0.703125 0.12259615384615384 0.04567307692307692
0 0.8100961538461539 0.7512019230769231 0.0985576923076923 0.04567307692307692
0 0.6322115384615384 0.7644230769230769 0.24519230769230768 0.057692307692307696
0 0.3894230769230769 0.7512019230769231 0.44711538461538464 0.11057692307692307
0 0.10096153846153846 0.7415865384615384 0.1778846153846154 0.08413461538461539
0 0.1814903846153846 0.8401442307692307 0.35096153846153844 0.17067307692307693
0 0.5036057692307693 0.8257211538461539 0.49038461538461536 0.07692307692307693
0 0.3401442307692308 0.8112980769230769 0.375 0.07451923076923077
0 0.23918269230769232 0.9242788461538461 0.46634615384615385 0.0625
0 0.24639423076923078 0.9254807692307693 0.4831730769230769 0.14423076923076922
0 0.46033653846153844 0.9290865384615384 0.3557692307692308 0.13701923076923078
0 0.5432692307692307 0.9435096153846154 0.27884615384615385 0.10817307692307693
0 0.6935096153846154 0.8737980769230769 0.1346153846153846 0.06490384615384616
0 0.7391826923076923 0.8245192307692307 0.2403846153846154 0.08653846153846154
0 0.8125 0.7800480769230769 0.10576923076923077 0.03365384615384615
0 0.7548076923076923 0.890625 0.14903846153846154 0.12980769230769232
0 0.6682692307692307 0.9375 0.08653846153846154 0.028846153846153848
0 0.6177884615384616 0.9663461538461539 0.08173076923076923 0.0625