0 0.9483173076923077 0.06610576923076923 0.0985576923076923 0.06971153846153846
0 0.9603365384615384 0.01201923076923077 0.07451923076923077 0.019230769230769232
0 0.8870192307692307 0.020432692307692308 0.09615384615384616 0.03365384615384615
0 0.8774038461538461 0.04807692307692308 0.06490384615384616 0.057692307692307696
0 0.8870192307692307 0.10697115384615384 0.07211538461538461 0.06009615384615385
0 0.9627403846153846 0.12379807692307693 0.06971153846153846 0.07451923076923077
0 0.9014423076923077 0.15985576923076922 0.0889423076923077 0.052884615384615384
0 0.9435096153846154 0.19951923076923078 0.052884615384615384 0.026442307692307692
0 0.9435096153846154 0.2247596153846154 0.04326923076923077 0.04326923076923077
0 0.8774038461538461 0.19951923076923078 0.07692307692307693 0.06009615384615385
0 0.8954326923076923 0.25721153846153844 0.07692307692307693 0.052884615384615384
0 0.9495192307692307 0.26802884615384615 0.028846153846153848 0.038461538461538464
0 0.9711538461538461 0.2956730769230769 0.052884615384615384 0.052884615384615384
0 0.9110576923076923 0.30649038461538464 0.09615384615384616 0.04807692307692308
0 0.8810096153846154 0.36658653846153844 0.07211538461538461 0.03365384615384615
0 0.8725961538461539 0.40024038461538464 0.06490384615384616 0.04807692307692308
0 0.8605769230769231 0.44350961538461536 0.052884615384615384 0.038461538461538464
0 0.8509615384615384 0.4951923076923077 0.07211538461538461 0.05048076923076923
0 0.8449519230769231 0.546875 0.06009615384615385 0.052884615384615384
0 0.9603365384615384 0.3870192307692308 0.07451923076923077 0.052884615384615384
0 0.9711538461538461 0.35096153846153844 0.052884615384615384 0.038461538461538464
0 0.9375 0.4230769230769231 0.10096153846153846 0.04807692307692308
0 0.9375 0.4699519230769231 0.10096153846153846 0.06009615384615385
0 0.9375 0.5264423076923077 0.11298076923076923 0.052884615384615384
0 0.9314903846153846 0.578125 0.10096153846153846 0.05048076923076923
0 0.9350961538461539 0.6153846153846154 0.08173076923076923 0.04326923076923077
0 0.9350961538461539 0.6586538461538461 0.10576923076923077 0.05048076923076923
0 0.8605769230769231 0.6670673076923077 0.06490384615384616 0.026442307692307692
0 0.8665865384615384 0.6983173076923077 0.06490384615384616 0.036057692307692304
0 0.8834134615384616 0.7403846153846154 0.06490384615384616 0.038461538461538464
0 0.9507211538461539 0.7091346153846154 0.09375 0.052884615384615384
0 0.9627403846153846 0.7391826923076923 0.06971153846153846 0.040865384615384616
0 0.9807692307692307 0.6370192307692307 0.03365384615384615 0.04807692307692308
0 0.9867788461538461 0.5853365384615384 0.021634615384615384 0.06490384615384616
0 0.9867788461538461 0.4807692307692308 0.021634615384615384 0.07211538461538461
0 0.9891826923076923 0.4387019230769231 0.016826923076923076 0.03125
0 0.9603365384615384 0.7932692307692307 0.07451923076923077 0.08173076923076923
0 0.9579326923076923 0.8701923076923077 0.08173076923076923 0.0673076923076923
0 0.9435096153846154 0.9459134615384616 0.11298076923076923 0.10336538461538461
0 0.6274038461538461 0.046875 0.07692307692307693 0.06009615384615385
0 0.6069711538461539 0.009615384615384616 0.07211538461538461 0.014423076923076924
0 0.6610576923076923 0.0985576923076923 0.09615384615384616 0.04326923076923077
0 0.6935096153846154 0.014423076923076924 0.07692307692307693 0.02403846153846154
0 0.7019230769230769 0.025240384615384616 0.08173076923076923 0.038461538461538464
0 0.7115384615384616 0.06370192307692307 0.06490384615384616 0.026442307692307692
0 0.6514423076923077 0.9651442307692307 0.06490384615384616 0.04326923076923077
0 0.6021634615384616 0.9735576923076923 0.0985576923076923 0.04807692307692308
0 0.6550480769230769 0.9182692307692307 0.08173076923076923 0.05048076923076923
0 0.6610576923076923 0.8701923076923077 0.08173076923076923 0.04807692307692308
0 0.7079326923076923 0.9050480769230769 0.04807692307692308 0.057692307692307696
0 0.5949519230769231 0.90625 0.04807692307692308 0.038461538461538464
0 0.5949519230769231 0.8665865384615384 0.04807692307692308 0.038461538461538464
0 0.7584134615384616 0.30649038461538464 0.10096153846153846 0.052884615384615384
0 0.7235576923076923 0.24519230769230768 0.0889423076923077 0.057692307692307696
0 0.7259615384615384 0.19951923076923078 0.04807692307692308 0.038461538461538464
0 0.7295673076923077 0.15865384615384615 0.028846153846153848 0.05048076923076923
0 0.7019230769230769 0.13942307692307693 0.06009615384615385 0.052884615384615384
0 0.6514423076923077 0.16466346153846154 0.07692307692307693 0.05048076923076923
0 0.6574519230769231 0.2668269230769231 0.052884615384615384 0.038461538461538464
0 0.7439903846153846 0.3449519230769231 0.04807692307692308 0.02403846153846154
0 0.5685096153846154 0.30649038461538464 0.10096153846153846 0.06009615384615385
0 0.5865384615384616 0.25 0.0889423076923077 0.052884615384615384
0 0.6129807692307693 0.22355769230769232 0.09615384615384616 0.038461538461538464
0 0.6730769230769231 0.2127403846153846 0.06009615384615385 0.04807692307692308
0 0.625 0.1778846153846154 0.08173076923076923 0.05048076923076923
0 0.5600961538461539 0.16826923076923078 0.06009615384615385 0.028846153846153848
0 0.5805288461538461 0.14543269230769232 0.07692307692307693 0.02403846153846154
0 0.5324519230769231 0.1935096153846154 0.07692307692307693 0.038461538461538464
0 0.5084134615384616 0.22956730769230768 0.06490384615384616 0.04807692307692308
0 0.5 0.2800480769230769 0.07211538461538461 0.052884615384615384
0 0.6850961538461539 0.3161057692307692 0.07211538461538461 0.052884615384615384
0 0.6370192307692307 0.2980769230769231 0.06009615384615385 0.057692307692307696
0 0.5 0.3329326923076923 0.06009615384615385 0.052884615384615384
0 0.5745192307692307 0.36177884615384615 0.10096153846153846 0.057692307692307696
0 0.6394230769230769 0.34615384615384615 0.052884615384615384 0.038461538461538464
0 0.6754807692307693 0.38221153846153844 0.10096153846153846 0.057692307692307696
0 0.7259615384615384 0.375 0.07211538461538461 0.0625
0 0.6875 0.43509615384615385 0.0889423076923077 0.05048076923076923
0 0.5949519230769231 0.4182692307692308 0.08173076923076923 0.05048076923076923
0 0.6105769230769231 0.46274038461538464 0.06490384615384616 0.038461538461538464
0 0.6850961538461539 0.46274038461538464 0.07211538461538461 0.026442307692307692
0 0.6310096153846154 0.4987980769230769 0.08173076923076923 0.04326923076923077
0 0.7055288461538461 0.4987980769230769 0.07692307692307693 0.057692307692307696
0 0.6514423076923077 0.5300480769230769 0.06490384615384616 0.03365384615384615
0 0.5649038461538461 0.5096153846153846 0.07211538461538461 0.038461538461538464
0 0.5444711538461539 0.48677884615384615 0.06490384615384616 0.026442307692307692
0 0.6959134615384616 0.5300480769230769 0.02403846153846154 0.014423076923076924
0 0.7055288461538461 0.5600961538461539 0.06490384615384616 0.04807692307692308
0 0.6514423076923077 0.5721153846153846 0.07692307692307693 0.04326923076923077
0 0.6225961538461539 0.5985576923076923 0.0889423076923077 0.04326923076923077
0 0.5745192307692307 0.578125 0.06490384615384616 0.04326923076923077
0 0.6935096153846154 0.6213942307692307 0.0889423076923077 0.057692307692307696
0 0.6069711538461539 0.6394230769230769 0.09615384615384616 0.06009615384615385
0 0.5420673076923077 0.6177884615384616 0.07211538461538461 0.04326923076923077
0 0.6370192307692307 0.6983173076923077 0.08173076923076923 0.05048076923076923
0 0.5829326923076923 0.7199519230769231 0.08173076923076923 0.052884615384615384
0 0.5685096153846154 0.7944711538461539 0.10096153846153846 0.057692307692307696
0 0.6009615384615384 0.7536057692307693 0.09615384615384616 0.04807692307692308
0 0.6165865384615384 0.828125 0.0889423076923077 0.05048076923076923
0 0.6550480769230769 0.7944711538461539 0.07211538461538461 0.04326923076923077
0 0.7019230769230769 0.7644230769230769 0.08173076923076923 0.05048076923076923
0 0.6959134615384616 0.71875 0.06009615384615385 0.038461538461538464
0 0.6730769230769231 0.6862980769230769 0.04807692307692308 0.026442307692307692
0 0.6514423076923077 0.6598557692307693 0.052884615384615384 0.026442307692307692
0 0.7175480769230769 0.8016826923076923 0.04326923076923077 0.02403846153846154
0 0.7379807692307693 0.8377403846153846 0.06009615384615385 0.036057692307692304
0 0.5204326923076923 0.7668269230769231 0.07692307692307693 0.04807692307692308
0 0.5360576923076923 0.8221153846153846 0.09615384615384616 0.038461538461538464
0 0.3954326923076923 0.6177884615384616 0.07692307692307693 0.04326923076923077
0 0.3545673076923077 0.5865384615384616 0.07692307692307693 0.038461538461538464
0 0.4014423076923077 0.5637019230769231 0.06490384615384616 0.038461538461538464
0 0.30408653846153844 0.5697115384615384 0.07211538461538461 0.03365384615384615
0 0.2704326923076923 0.6033653846153846 0.06490384615384616 0.04807692307692308
0 0.32091346153846156 0.6262019230769231 0.07211538461538461 0.052884615384615384
0 0.3629807692307692 0.6430288461538461 0.06009615384615385 0.026442307692307692
0 0.4074519230769231 0.6502403846153846 0.04326923076923077 0.026442307692307692
0 0.4050480769230769 0.8918269230769231 0.07211538461538461 0.038461538461538464
0 0.37740384615384615 0.8653846153846154 0.07692307692307693 0.04326923076923077
0 0.3545673076923077 0.7620192307692307 0.07692307692307693 0.05048076923076923
0 0.3545673076923077 0.7247596153846154 0.04326923076923077 0.028846153846153848
0 0.3449519230769231 0.6838942307692307 0.09615384615384616 0.052884615384615384
0 0.2920673076923077 0.6682692307692307 0.09615384615384616 0.05048076923076923
0 0.23798076923076922 0.6394230769230769 0.07211538461538461 0.038461538461538464
0 0.22596153846153846 0.6947115384615384 0.07211538461538461 0.04326923076923077
0 0.29447115384615385 0.7271634615384616 0.0889423076923077 0.052884615384615384
0 0.3870192307692308 0.7055288461538461 0.04807692307692308 0.0625
0 0.3954326923076923 0.7836538461538461 0.04326923076923077 0.08653846153846154
0 0.3545673076923077 0.8197115384615384 0.06490384615384616 0.038461538461538464
0 0.30649038461538464 0.8461538461538461 0.07692307692307693 0.052884615384615384
0 0.3269230769230769 0.8822115384615384 0.07211538461538461 0.04326923076923077
0 0.37259615384615385 0.9086538461538461 0.0889423076923077 0.03125
0 0.2920673076923077 0.8161057692307693 0.07211538461538461 0.04807692307692308
0 0.2824519230769231 0.7728365384615384 0.07692307692307693 0.04807692307692308
0 0.21995192307692307 0.7415865384615384 0.07211538461538461 0.057692307692307696
0 0.21394230769230768 0.7944711538461539 0.07211538461538461 0.04326923076923077
0 0.23197115384615385 0.8449519230769231 0.06009615384615385 0.03125
0 0.15504807692307693 0.5588942307692307 0.07211538461538461 0.028846153846153848
0 0.14543269230769232 0.5997596153846154 0.06490384615384616 0.052884615384615384
0 0.08653846153846154 0.5649038461538461 0.0889423076923077 0.038461538461538464
0 0.07091346153846154 0.6045673076923077 0.08173076923076923 0.038461538461538464
0 0.03245192307692308 0.5853365384615384 0.052884615384615384 0.038461538461538464
0 0.11899038461538461 0.6418269230769231 0.08173076923076923 0.04326923076923077
0 0.04447115384615385 0.6430288461538461 0.07692307692307693 0.04807692307692308
0 0.08653846153846154 0.6754807692307693 0.07692307692307693 0.038461538461538464
0 0.026442307692307692 0.6862980769230769 0.04326923076923077 0.04807692307692308
0 0.06490384615384616 0.7079326923076923 0.09615384615384616 0.04326923076923077
0 0.056490384615384616 0.7548076923076923 0.0889423076923077 0.05048076923076923
0 0.07091346153846154 0.7896634615384616 0.07211538461538461 0.03365384615384615
0 0.0889423076923077 0.8269230769230769 0.08173076923076923 0.038461538461538464
0 0.1310096153846154 0.7896634615384616 0.04807692307692308 0.04807692307692308
0 0.12740384615384615 0.7055288461538461 0.028846153846153848 0.06971153846153846
0 0.14543269230769232 0.8353365384615384 0.019230769230769232 0.036057692307692304
0 0.10697115384615384 0.8665865384615384 0.09615384615384616 0.04807692307692308
0 0.042067307692307696 0.8569711538461539 0.07211538461538461 0.03365384615384615
0 0.030048076923076924 0.8197115384615384 0.04807692307692308 0.038461538461538464
0 0.020432692307692308 0.78125 0.028846153846153848 0.038461538461538464
0 0.0625 0.8870192307692307 0.04326923076923077 0.021634615384615384
0 0.09014423076923077 0.953125 0.12259615384615384 0.0889423076923077
0 0.3425480769230769 0.07451923076923077 0.10096153846153846 0.11057692307692307
0 0.21394230769230768 0.046875 0.07211538461538461 0.08653846153846154
0 0.4519230769230769 0.15504807692307693 0.09615384615384616 0.05048076923076923
0 0.4170673076923077 0.20192307692307693 0.06009615384615385 0.04326923076923077
0 0.3605769230769231 0.16706730769230768 0.0889423076923077 0.038461538461538464
0 0.42908653846153844 0.5096153846153846 0.07211538461538461 0.038461538461538464
0 0.4074519230769231 0.47475961538461536 0.06490384615384616 0.05048076923076923
0 0.38341346153846156 0.4338942307692308 0.052884615384615384 0.04807692307692308
0 0.36899038461538464 0.3870192307692308 0.07211538461538461 0.052884615384615384
0 0.38100961538461536 0.34615384615384615 0.04807692307692308 0.038461538461538464
0 0.35697115384615385 0.3088942307692308 0.10576923076923077 0.057692307692307696
0 0.3545673076923077 0.25841346153846156 0.07692307692307693 0.038461538461538464
0 0.37740384615384615 0.23557692307692307 0.06490384615384616 0.04326923076923077
0 0.32091346153846156 0.19471153846153846 0.09615384615384616 0.05048076923076923
0 0.30408653846153844 0.2283653846153846 0.08173076923076923 0.04326923076923077
0 0.2800480769230769 0.27524038461538464 0.09615384615384616 0.05048076923076923
0 0.2764423076923077 0.3317307692307692 0.0889423076923077 0.0625
0 0.28846153846153844 0.39302884615384615 0.10096153846153846 0.052884615384615384
0 0.33653846153846156 0.3581730769230769 0.052884615384615384 0.04326923076923077
0 0.31009615384615385 0.43028846153846156 0.09615384615384616 0.052884615384615384
0 0.33052884615384615 0.48197115384615385 0.10096153846153846 0.057692307692307696
0 0.37259615384615385 0.5168269230769231 0.07692307692307693 0.038461538461538464
0 0.2860576923076923 0.5036057692307693 0.07211538461538461 0.04807692307692308
0 0.21995192307692307 0.41466346153846156 0.07211538461538461 0.038461538461538464
0 0.20552884615384615 0.36538461538461536 0.07692307692307693 0.04326923076923077
0 0.20552884615384615 0.3088942307692308 0.06490384615384616 0.04326923076923077
0 0.21153846153846154 0.24879807692307693 0.07692307692307693 0.04326923076923077
0 0.22596153846153846 0.21514423076923078 0.07211538461538461 0.038461538461538464
0 0.12740384615384615 0.17548076923076922 0.0889423076923077 0.05048076923076923
0 0.17548076923076922 0.1778846153846154 0.04326923076923077 0.04326923076923077
0 0.0625 0.19110576923076922 0.0889423076923077 0.05048076923076923
0 0.042067307692307696 0.22115384615384615 0.07211538461538461 0.0625
0 0.11298076923076923 0.22716346153846154 0.07211538461538461 0.052884615384615384
0 0.10697115384615384 0.25841346153846156 0.06009615384615385 0.038461538461538464
0 0.04807692307692308 0.25961538461538464 0.07211538461538461 0.019230769230769232
0 0.030048076923076924 0.28846153846153844 0.04807692307692308 0.038461538461538464
0 0.06009615384615385 0.3112980769230769 0.04807692307692308 0.038461538461538464
0 0.09495192307692307 0.3016826923076923 0.04807692307692308 0.057692307692307696
0 0.02403846153846154 0.3269230769230769 0.036057692307692304 0.038461538461538464
0 0.02403846153846154 0.36538461538461536 0.036057692307692304 0.05048076923076923
0 0.036057692307692304 0.4182692307692308 0.06009615384615385 0.05048076923076923
0 0.020432692307692308 0.4495192307692308 0.028846153846153848 0.019230769230769232
0 0.036057692307692304 0.4879807692307692 0.06009615384615385 0.057692307692307696
0 0.056490384615384616 0.5144230769230769 0.0889423076923077 0.04326923076923077
0 0.125 0.5144230769230769 0.06009615384615385 0.04326923076923077
0 0.18509615384615385 0.5120192307692307 0.06009615384615385 0.04326923076923077
0 0.10096153846153846 0.47716346153846156 0.06009615384615385 0.038461538461538464
0 0.06850961538461539 0.4495192307692308 0.06490384615384616 0.04807692307692308
0 0.042067307692307696 0.3954326923076923 0.06009615384615385 0.05048076923076923
0 0.08052884615384616 0.34615384615384615 0.07692307692307693 0.04807692307692308
0 0.11057692307692307 0.38822115384615385 0.04326923076923077 0.04326923076923077
0 0.0985576923076923 0.41947115384615385 0.06490384615384616 0.0673076923076923
0 0.13942307692307693 0.46274038461538464 0.052884615384615384 0.038461538461538464