0 0.33774038461538464 0.4230769230769231 0.35336538461538464 0.7692307692307693
0 0.08653846153846154 0.2439903846153846 0.16826923076923078 0.36538461538461536
0 0.08413461538461539 0.39903846153846156 0.16346153846153846 0.22596153846153846
0 0.03125 0.2824519230769231 0.057692307692307696 0.2403846153846154
0 0.21153846153846154 0.6622596153846154 0.34134615384615385 0.42788461538461536
0 0.20192307692307693 0.8100961538461539 0.2644230769230769 0.36538461538461536
0 0.07211538461538461 0.8894230769230769 0.13942307692307693 0.21634615384615385
0 0.09975961538461539 0.7824519230769231 0.1971153846153846 0.4326923076923077
0 0.3858173076923077 0.9447115384615384 0.12740384615384615 0.10576923076923077
0 0.4651442307692308 0.8413461538461539 0.14903846153846154 0.28846153846153844
0 0.6045673076923077 0.5889423076923077 0.20673076923076922 0.6057692307692307
0 0.6105769230769231 0.9182692307692307 0.125 0.14903846153846154
0 0.765625 0.8088942307692307 0.17067307692307693 0.37740384615384615
0 0.7487980769230769 0.3954326923076923 0.1346153846153846 0.4807692307692308
0 0.8713942307692307 0.32572115384615385 0.16826923076923078 0.5721153846153846
0 0.9254807692307693 0.5673076923076923 0.14423076923076922 0.5769230769230769
0 0.9375 0.9122596153846154 0.1201923076923077 0.17067307692307693