0 0.4795673076923077 0.3870192307692308 0.040865384615384616 0.1201923076923077
0 0.21995192307692307 0.7391826923076923 0.14423076923076922 0.2956730769230769
0 0.18509615384615385 0.8966346153846154 0.13942307692307693 0.19471153846153846
0 0.2536057692307692 0.9711538461538461 0.10336538461538461 0.04326923076923077
0 0.33052884615384615 0.8521634615384616 0.14423076923076922 0.28365384615384615
0 0.43990384615384615 0.9651442307692307 0.10576923076923077 0.057692307692307696
0 0.19831730769230768 0.53125 0.23317307692307693 0.14423076923076922
0 0.4423076923076923 0.34615384615384615 0.03365384615384615 0.10096153846153846
0 0.4963942307692308 0.34615384615384615 0.02403846153846154 0.0625
0 0.45913461538461536 0.2920673076923077 0.038461538461538464 0.06971153846153846
0 0.4230769230769231 0.2512019230769231 0.040865384615384616 0.10096153846153846
0 0.3786057692307692 0.22596153846153846 0.052884615384615384 0.08653846153846154
0 0.35096153846153844 0.2764423076923077 0.04807692307692308 0.0625
0 0.39903846153846156 0.3076923076923077 0.04326923076923077 0.08653846153846154
0 0.3762019230769231 0.39903846153846156 0.040865384615384616 0.1201923076923077
0 0.3581730769230769 0.3425480769230769 0.04326923076923077 0.09375
0 0.33052884615384615 0.39903846153846156 0.04326923076923077 0.09375
0 0.33653846153846156 0.3329326923076923 0.019230769230769232 0.038461538461538464
0 0.4074519230769231 0.39302884615384615 0.028846153846153848 0.09375
0 0.4326923076923077 0.44350961538461536 0.040865384615384616 0.09375
0 0.4735576923076923 0.46274038461538464 0.040865384615384616 0.06971153846153846
0 0.4375 0.53125 0.057692307692307696 0.08173076923076923
0 0.3918269230769231 0.4879807692307692 0.052884615384615384 0.08173076923076923
0 0.35216346153846156 0.484375 0.03125 0.10096153846153846
0 0.31971153846153844 0.5120192307692307 0.040865384615384616 0.09375
0 0.3076923076923077 0.45913461538461536 0.03125 0.0625
0 0.36658653846153844 0.5408653846153846 0.03365384615384615 0.0625
0 0.38822115384615385 0.5661057692307693 0.021634615384615384 0.0625
0 0.41225961538461536 0.5721153846153846 0.03125 0.0625
0 0.43990384615384615 0.6129807692307693 0.04326923076923077 0.06971153846153846
0 0.4651442307692308 0.5192307692307693 0.02403846153846154 0.06971153846153846
0 0.35216346153846156 0.12860576923076922 0.07692307692307693 0.13221153846153846
0 0.34975961538461536 0.03245192307692308 0.09375 0.06009615384615385
0 0.41225961538461536 0.07692307692307693 0.06490384615384616 0.14903846153846154
0 0.44711538461538464 0.026442307692307692 0.09134615384615384 0.04807692307692308
0 0.46274038461538464 0.07211538461538461 0.038461538461538464 0.06971153846153846
0 0.5 0.039663461538461536 0.057692307692307696 0.07451923076923077
0 0.03125 0.0673076923076923 0.0625 0.12980769230769232
0 0.06009615384615385 0.7103365384615384 0.11298076923076923 0.16346153846153846
0 0.06129807692307692 0.8581730769230769 0.07932692307692307 0.09375
0 0.052884615384615384 0.9495192307692307 0.05048076923076923 0.08653846153846154
0 0.015625 0.9471153846153846 0.026442307692307692 0.09375
0 0.03125 0.44711538461538464 0.057692307692307696 0.125
0 0.20072115384615385 0.43028846153846156 0.11298076923076923 0.10817307692307693
0 0.03125 0.3173076923076923 0.057692307692307696 0.16826923076923078
0 0.0829326923076923 0.5288461538461539 0.16105769230769232 0.2644230769230769
0 0.07091346153846154 0.7103365384615384 0.13701923076923078 0.16346153846153846
0 0.046875 0.8990384615384616 0.0889423076923077 0.1875
0 0.06610576923076923 0.2512019230769231 0.0625 0.22596153846153846
0 0.09014423076923077 0.2512019230769231 0.06009615384615385 0.1875
0 0.08774038461538461 0.2860576923076923 0.10817307692307693 0.18269230769230768
0 0.13221153846153846 0.3233173076923077 0.026442307692307692 0.23317307692307693
0 0.12740384615384615 0.3401442307692308 0.07211538461538461 0.25
0 0.10336538461538461 0.36177884615384615 0.03125 0.1201923076923077
0 0.14783653846153846 0.421875 0.057692307692307696 0.08653846153846154
0 0.1778846153846154 0.33653846153846156 0.016826923076923076 0.1201923076923077
0 0.15384615384615385 0.33653846153846156 0.019230769230769232 0.13221153846153846
0 0.15865384615384615 0.21995192307692307 0.12259615384615384 0.28846153846153844
0 0.1622596153846154 0.23317307692307693 0.16826923076923078 0.41586538461538464
0 0.24639423076923078 0.08533653846153846 0.15865384615384615 0.17067307692307693
0 0.23076923076923078 0.078125 0.16826923076923078 0.1201923076923077
0 0.2848557692307692 0.13581730769230768 0.07211538461538461 0.10576923076923077
0 0.29927884615384615 0.22355769230769232 0.04567307692307692 0.04326923076923077
0 0.22956730769230768 0.13581730769230768 0.10817307692307693 0.24519230769230768
0 0.2439903846153846 0.20793269230769232 0.12980769230769232 0.3269230769230769
0 0.21514423076923078 0.21754807692307693 0.16826923076923078 0.32211538461538464
0 0.16826923076923078 0.039663461538461536 0.18269230769230768 0.07451923076923077
0 0.2548076923076923 0.30528846153846156 0.03125 0.19471153846153846
0 0.2247596153846154 0.3557692307692308 0.040865384615384616 0.2091346153846154