0 0.24278846153846154 0.7355769230769231 0.39903846153846156 0.2620192307692308
0 0.2824519230769231 0.6694711538461539 0.31009615384615385 0.36538461538461536
0 0.2824519230769231 0.41225961538461536 0.13942307692307693 0.22115384615384615
0 0.3125 0.23557692307692307 0.12740384615384615 0.16346153846153846
0 0.44591346153846156 0.2439903846153846 0.13221153846153846 0.16826923076923078
0 0.6201923076923077 0.21995192307692307 0.3870192307692308 0.3389423076923077
0 0.6081730769230769 0.36177884615384615 0.3485576923076923 0.27163461538461536
0 0.3954326923076923 0.5492788461538461 0.13221153846153846 0.17307692307692307
0 0.3762019230769231 0.37740384615384615 0.10096153846153846 0.1778846153846154
0 0.3545673076923077 0.6177884615384616 0.1201923076923077 0.14903846153846154
0 0.5384615384615384 0.7283653846153846 0.2548076923076923 0.28846153846153844
0 0.5288461538461539 0.5132211538461539 0.15865384615384615 0.22596153846153846
0 0.5060096153846154 0.39783653846153844 0.14423076923076922 0.13942307692307693
0 0.6334134615384616 0.4723557692307692 0.09615384615384616 0.20673076923076922
0 0.6430288461538461 0.35096153846153844 0.11538461538461539 0.04567307692307692
0 0.7367788461538461 0.45072115384615385 0.10096153846153846 0.17307692307692307
0 0.7019230769230769 0.6177884615384616 0.125 0.15865384615384615
4 0.4639423076923077 0.4266826923076923 0.9278846153846154 0.8485576923076923