0 0.2127403846153846 0.9555288461538461 0.4014423076923077 0.08413461538461539
0 0.17067307692307693 0.8665865384615384 0.2932692307692308 0.1466346153846154
0 0.042067307692307696 0.9206730769230769 0.07211538461538461 0.13942307692307693
0 0.03245192307692308 0.7475961538461539 0.052884615384615384 0.13942307692307693
0 0.28725961538461536 0.7860576923076923 0.5625 0.2548076923076923
0 0.4735576923076923 0.9471153846153846 0.16826923076923078 0.10096153846153846
0 0.6045673076923077 0.8605769230769231 0.19230769230769232 0.1778846153846154
0 0.6286057692307693 0.9651442307692307 0.2644230769230769 0.06490384615384616
0 0.7127403846153846 0.84375 0.22596153846153846 0.20673076923076922
0 0.8581730769230769 0.9266826923076923 0.27884615384615385 0.14182692307692307
0 0.8786057692307693 0.8040865384615384 0.23798076923076922 0.21875
0 0.5120192307692307 0.6057692307692307 0.7980769230769231 0.3173076923076923
0 0.19471153846153846 0.6141826923076923 0.37740384615384615 0.20673076923076922
0 0.12860576923076922 0.4338942307692308 0.24519230769230768 0.17548076923076922
0 0.3798076923076923 0.3641826923076923 0.5096153846153846 0.23557692307692307
0 0.8125 0.4110576923076923 0.3701923076923077 0.23076923076923078
0 0.8245192307692307 0.23677884615384615 0.34615384615384615 0.18509615384615385
0 0.421875 0.1201923076923077 0.5192307692307693 0.2403846153846154
0 0.2668269230769231 0.12620192307692307 0.5192307692307693 0.25240384615384615
0 0.7307692307692307 0.042067307692307696 0.25 0.08173076923076923
0 0.7908653846153846 0.11177884615384616 0.25 0.10336538461538461
0 0.78125 0.21754807692307693 0.24519230769230768 0.12980769230769232
0 0.8245192307692307 0.23317307692307693 0.34615384615384615 0.1875
0 0.9230769230769231 0.06971153846153846 0.14903846153846154 0.13942307692307693