0 0.34375 0.8040865384615384 0.15625 0.10096153846153846
0 0.3798076923076923 0.8786057692307693 0.08173076923076923 0.04567307692307692
0 0.27403846153846156 0.90625 0.0673076923076923 0.06490384615384616
0 0.35096153846153844 0.9507211538461539 0.057692307692307696 0.06971153846153846
0 0.8425480769230769 0.6887019230769231 0.31009615384615385 0.36778846153846156
0 0.7163461538461539 0.6009615384615384 0.3894230769230769 0.33413461538461536
0 0.59375 0.6862980769230769 0.10576923076923077 0.026442307692307692
0 0.5829326923076923 0.7223557692307693 0.09375 0.04567307692307692
0 0.5516826923076923 0.7391826923076923 0.0625 0.04326923076923077
0 0.5264423076923077 0.703125 0.052884615384615384 0.038461538461538464
0 0.8305288461538461 0.7980769230769231 0.04807692307692308 0.0673076923076923
0 0.7920673076923077 0.8389423076923077 0.052884615384615384 0.06490384615384616
0 0.7680288461538461 0.8040865384615384 0.0673076923076923 0.057692307692307696
0 0.7271634615384616 0.8305288461538461 0.057692307692307696 0.03365384615384615
0 0.7079326923076923 0.8016826923076923 0.0625 0.02403846153846154
0 0.8882211538461539 0.5168269230769231 0.036057692307692304 0.02403846153846154
0 0.890625 0.4831730769230769 0.052884615384615384 0.038461538461538464
0 0.8233173076923077 0.2800480769230769 0.04326923076923077 0.057692307692307696
0 0.8149038461538461 0.15745192307692307 0.07692307692307693 0.17067307692307693
0 0.7680288461538461 0.04807692307692308 0.0985576923076923 0.08653846153846154
0 0.7451923076923077 0.06490384615384616 0.09375 0.0673076923076923
0 0.7572115384615384 0.20192307692307693 0.0889423076923077 0.0673076923076923
0 0.7115384615384616 0.30408653846153844 0.1201923076923077 0.1201923076923077
0 0.7836538461538461 0.28846153846153844 0.036057692307692304 0.1201923076923077
0 0.7163461538461539 0.44471153846153844 0.0889423076923077 0.08413461538461539
0 0.7427884615384616 0.375 0.07692307692307693 0.06490384615384616
0 0.6826923076923077 0.49038461538461536 0.052884615384615384 0.07692307692307693
0 0.6358173076923077 0.4891826923076923 0.08173076923076923 0.1346153846153846
0 0.46153846153846156 0.47716346153846156 0.07692307692307693 0.125
0 0.36778846153846156 0.4579326923076923 0.21394230769230768 0.1875
0 0.2860576923076923 0.04927884615384615 0.125 0.09134615384615384
0 0.18269230769230768 0.12139423076923077 0.2692307692307692 0.23557692307692307
0 0.11177884615384616 0.056490384615384616 0.16105769230769232 0.10576923076923077
0 0.06490384615384616 0.1502403846153846 0.0673076923076923 0.125
0 0.14302884615384615 0.15264423076923078 0.13942307692307693 0.16826923076923078
0 0.24519230769230768 0.09134615384615384 0.14423076923076922 0.17548076923076922
0 0.15144230769230768 0.2848557692307692 0.1778846153846154 0.14423076923076922
0 0.2704326923076923 0.19591346153846154 0.11538461538461539 0.22596153846153846
0 0.31490384615384615 0.18870192307692307 0.16105769230769232 0.16346153846153846
0 0.4014423076923077 0.07572115384615384 0.09375 0.14423076923076922
0 0.4951923076923077 0.06610576923076923 0.125 0.125
0 0.47115384615384615 0.13341346153846154 0.07692307692307693 0.11538461538461539
0 0.18269230769230768 0.36899038461538464 0.15625 0.04567307692307692
0 0.359375 0.34615384615384615 0.2692307692307692 0.11538461538461539
0 0.2920673076923077 0.375 0.11538461538461539 0.057692307692307696
0 0.296875 0.42788461538461536 0.1875 0.057692307692307696
0 0.19230769230769232 0.4387019230769231 0.0625 0.10096153846153846
0 0.4579326923076923 0.2704326923076923 0.1778846153846154 0.15865384615384615
0 0.4891826923076923 0.19591346153846154 0.16826923076923078 0.09615384615384616
0 0.5576923076923077 0.15625 0.08173076923076923 0.09134615384615384
0 0.6141826923076923 0.056490384615384616 0.1346153846153846 0.10576923076923077
0 0.6766826923076923 0.08173076923076923 0.09375 0.15625
0 0.6045673076923077 0.2091346153846154 0.125 0.2980769230769231
0 0.6225961538461539 0.37259615384615385 0.07692307692307693 0.1201923076923077
0 0.5697115384615384 0.3161057692307692 0.07692307692307693 0.17548076923076922
0 0.5288461538461539 0.5324519230769231 0.07692307692307693 0.13701923076923078
0 0.4423076923076923 0.3016826923076923 0.8221153846153846 0.5961538461538461