0 0.046875 0.08413461538461539 0.08173076923076923 0.15865384615384615
0 0.13701923076923078 0.028846153846153848 0.2620192307692308 0.05048076923076923
0 0.12860576923076922 0.15985576923076922 0.18028846153846154 0.23317307692307693
0 0.06610576923076923 0.12860576923076922 0.1201923076923077 0.20673076923076922
0 0.23197115384615385 0.29447115384615385 0.23557692307692307 0.28365384615384615
0 0.4230769230769231 0.15985576923076922 0.4423076923076923 0.3125
0 0.7127403846153846 0.14182692307692307 0.24519230769230768 0.17307692307692307
0 0.5901442307692307 0.046875 0.16346153846153846 0.08653846153846154
0 0.7427884615384616 0.05048076923076923 0.17307692307692307 0.09615384615384616
0 0.9086538461538461 0.051682692307692304 0.1778846153846154 0.0985576923076923
0 0.8088942307692307 0.22596153846153846 0.1971153846153846 0.15865384615384615
0 0.8665865384615384 0.15985576923076922 0.09134615384615384 0.13942307692307693
0 0.9543269230769231 0.18870192307692307 0.08653846153846154 0.2956730769230769
0 0.9435096153846154 0.33413461538461536 0.10817307692307693 0.08173076923076923
0 0.7596153846153846 0.36899038461538464 0.2956730769230769 0.24519230769230768
0 0.5925480769230769 0.33052884615384615 0.28846153846153844 0.2620192307692308
0 0.18629807692307693 0.5324519230769231 0.3605769230769231 0.23076923076923078
0 0.07091346153846154 0.44711538461538464 0.12980769230769232 0.057692307692307696
0 0.06009615384615385 0.390625 0.11057692307692307 0.10576923076923077
0 0.06009615384615385 0.3016826923076923 0.11057692307692307 0.10096153846153846
0 0.16947115384615385 0.7019230769230769 0.3269230769230769 0.20192307692307693
0 0.040865384615384616 0.8040865384615384 0.07211538461538461 0.1875
0 0.23197115384615385 0.8581730769230769 0.37740384615384615 0.1466346153846154
0 0.234375 0.7944711538461539 0.3269230769230769 0.0985576923076923
0 0.35216346153846156 0.6442307692307693 0.28846153846153844 0.22596153846153846
0 0.4483173076923077 0.53125 0.3942307692307692 0.12980769230769232
0 0.4723557692307692 0.6418269230769231 0.24519230769230768 0.14182692307692307
0 0.5024038461538461 0.7740384615384616 0.23076923076923078 0.14423076923076922
0 0.7211538461538461 0.7067307692307693 0.40384615384615385 0.14903846153846154
0 0.7956730769230769 0.5060096153846154 0.39903846153846156 0.2692307692307692
0 0.8581730769230769 0.578125 0.27403846153846156 0.15384615384615385
0 0.8930288461538461 0.6346153846153846 0.21153846153846154 0.17067307692307693
0 0.9411057692307693 0.7620192307692307 0.11298076923076923 0.17307692307692307
0 0.7536057692307693 0.8341346153846154 0.49038461538461536 0.12740384615384615
0 0.5540865384615384 0.8894230769230769 0.10336538461538461 0.11298076923076923
0 0.2283653846153846 0.9471153846153846 0.4519230769230769 0.10096153846153846
0 0.04927884615384615 0.8894230769230769 0.08653846153846154 0.040865384615384616
0 0.40625 0.9435096153846154 0.25 0.10817307692307693
0 0.3473557692307692 0.9314903846153846 0.07211538461538461 0.04326923076923077
0 0.6177884615384616 0.9362980769230769 0.2403846153846154 0.08413461538461539
0 0.5673076923076923 0.9855769230769231 0.18269230769230768 0.02403846153846154
0 0.6971153846153846 0.9567307692307693 0.11538461538461539 0.08173076923076923
0 0.8569711538461539 0.9375 0.28125 0.125
0 0.8497596153846154 0.9819711538461539 0.2956730769230769 0.036057692307692304