0 0.3701923076923077 0.33653846153846156 0.23557692307692307 0.32211538461538464
0 0.5733173076923077 0.3894230769230769 0.23557692307692307 0.39663461538461536
0 0.18389423076923078 0.5240384615384616 0.21634615384615385 0.20192307692307693
0 0.19951923076923078 0.5745192307692307 0.1875 0.15384615384615385
0 0.2536057692307692 0.5973557692307693 0.15384615384615385 0.15865384615384615
0 0.14423076923076922 0.703125 0.20673076923076922 0.18028846153846154
0 0.15264423076923078 0.8197115384615384 0.25240384615384615 0.22115384615384615
0 0.4675480769230769 0.5637019230769231 0.15384615384615385 0.11057692307692307
0 0.34375 0.6274038461538461 0.23557692307692307 0.22596153846153846
0 0.609375 0.7091346153846154 0.23317307692307693 0.2644230769230769
0 0.48677884615384615 0.8040865384615384 0.25240384615384615 0.3389423076923077
0 0.34375 0.8389423076923077 0.23076923076923078 0.29086538461538464
0 0.40024038461538464 0.9735576923076923 0.09375 0.04326923076923077