0 0.375 0.17908653846153846 0.32211538461538464 0.2283653846153846
0 0.640625 0.5456730769230769 0.28125 0.21634615384615385
0 0.44471153846153844 0.8497596153846154 0.2980769230769231 0.23076923076923078
0 0.22115384615384615 0.015625 0.3076923076923077 0.02403846153846154
0 0.5516826923076923 0.030048076923076924 0.8846153846153846 0.052884615384615384
0 0.5072115384615384 0.06850961538461539 0.7644230769230769 0.08413461538461539
0 0.5576923076923077 0.1310096153846154 0.875 0.07932692307692307
0 0.46634615384615385 0.18389423076923078 0.9230769230769231 0.06490384615384616
0 0.546875 0.27403846153846156 0.8942307692307693 0.07692307692307693
0 0.734375 0.22596153846153846 0.4182692307692308 0.04807692307692308
0 0.5492788461538461 0.33413461538461536 0.8894230769230769 0.052884615384615384
0 0.4795673076923077 0.39783653846153844 0.8557692307692307 0.08653846153846154
0 0.5072115384615384 0.4567307692307692 0.8605769230769231 0.09134615384615384
0 0.47115384615384615 0.5288461538461539 0.7548076923076923 0.0673076923076923
0 0.5108173076923077 0.5745192307692307 0.84375 0.04567307692307692
0 0.5 0.6213942307692307 0.78125 0.057692307692307696
0 0.5204326923076923 0.6658653846153846 0.7596153846153846 0.052884615384615384
0 0.49759615384615385 0.7283653846153846 0.7548076923076923 0.0889423076923077
0 0.5420673076923077 0.7776442307692307 0.78125 0.0889423076923077
0 0.5264423076923077 0.8569711538461539 0.9375 0.06490384615384616
0 0.45072115384615385 0.8786057692307693 0.7644230769230769 0.03125
0 0.5492788461538461 0.9110576923076923 0.8269230769230769 0.06490384615384616
0 0.53125 0.9615384615384616 0.7596153846153846 0.04567307692307692