0 0.5216346153846154 0.5709134615384616 0.07211538461538461 0.05048076923076923
0 0.26802884615384615 0.7235576923076923 0.17307692307692307 0.08653846153846154
0 0.265625 0.5949519230769231 0.22355769230769232 0.18509615384615385
0 0.42908653846153844 0.5637019230769231 0.20192307692307693 0.16826923076923078
0 0.4182692307692308 0.4254807692307692 0.13701923076923078 0.10096153846153846
0 0.36899038461538464 0.2512019230769231 0.37740384615384615 0.40865384615384615
0 0.5060096153846154 0.2800480769230769 0.08173076923076923 0.05048076923076923
0 0.5300480769230769 0.3401442307692308 0.0673076923076923 0.052884615384615384
0 0.5576923076923077 0.3894230769230769 0.0673076923076923 0.028846153846153848
0 0.5661057692307693 0.3473557692307692 0.125 0.12740384615384615
0 0.7103365384615384 0.40384615384615385 0.11057692307692307 0.04326923076923077
0 0.6826923076923077 0.3545673076923077 0.07692307692307693 0.052884615384615384
0 0.7103365384615384 0.4579326923076923 0.08653846153846154 0.05048076923076923
0 0.609375 0.4387019230769231 0.16826923076923078 0.052884615384615384
0 0.5408653846153846 0.49278846153846156 0.11057692307692307 0.052884615384615384
0 0.5925480769230769 0.6394230769230769 0.08173076923076923 0.06490384615384616
0 0.6862980769230769 0.6346153846153846 0.09134615384615384 0.04807692307692308
0 0.7163461538461539 0.6694711538461539 0.07692307692307693 0.036057692307692304
0 0.8004807692307693 0.5853365384615384 0.09134615384615384 0.057692307692307696
0 0.8774038461538461 0.6490384615384616 0.10336538461538461 0.07692307692307693
0 0.9206730769230769 0.44711538461538464 0.08173076923076923 0.07211538461538461
0 0.8858173076923077 0.5528846153846154 0.0673076923076923 0.057692307692307696
0 0.8629807692307693 0.3076923076923077 0.1201923076923077 0.0985576923076923
0 0.7295673076923077 0.7632211538461539 0.10336538461538461 0.08173076923076923
0 0.7043269230769231 0.8269230769230769 0.0985576923076923 0.08413461538461539
0 0.5192307692307693 0.734375 0.0673076923076923 0.05048076923076923
0 0.4375 0.765625 0.08653846153846154 0.0625
0 0.41586538461538464 0.8605769230769231 0.08653846153846154 0.0625
0 0.16346153846153846 0.8161057692307693 0.07692307692307693 0.052884615384615384
0 0.1310096153846154 0.6658653846153846 0.1201923076923077 0.05048076923076923
0 0.1201923076923077 0.5961538461538461 0.12980769230769232 0.09615384615384616
0 0.12860576923076922 0.421875 0.14903846153846154 0.31971153846153844
0 0.15625 0.27403846153846156 0.06009615384615385 0.17067307692307693
0 0.08173076923076923 0.3449519230769231 0.0985576923076923 0.15384615384615385
0 0.03485576923076923 0.15985576923076922 0.06490384615384616 0.23317307692307693
0 0.8521634615384616 0.078125 0.28365384615384615 0.14903846153846154
0 0.7836538461538461 0.34375 0.11538461538461539 0.16346153846153846
0 0.8004807692307693 0.9158653846153846 0.08173076923076923 0.05048076923076923
0 0.8305288461538461 0.9747596153846154 0.0889423076923077 0.04567307692307692
0 0.7211538461538461 0.9543269230769231 0.0985576923076923 0.07692307692307693
0 0.07692307692307693 0.9050480769230769 0.15384615384615385 0.17307692307692307
0 0.07572115384615384 0.8088942307692307 0.1466346153846154 0.14182692307692307
0 0.05048076923076923 0.7367788461538461 0.09615384615384616 0.07932692307692307
0 0.026442307692307692 0.6911057692307693 0.04807692307692308 0.06971153846153846
0 0.4987980769230769 0.5 0.9927884615384616 0.9951923076923077