0 0.8822115384615384 0.23918269230769232 0.2283653846153846 0.40865384615384615
0 0.8317307692307693 0.08774038461538461 0.2668269230769231 0.16346153846153846
0 0.8473557692307693 0.5204326923076923 0.25 0.2980769230769231
0 0.6887019230769231 0.28365384615384615 0.20432692307692307 0.31971153846153844
0 0.5829326923076923 0.15745192307692307 0.20192307692307693 0.23076923076923078
0 0.5168269230769231 0.046875 0.1778846153846154 0.08173076923076923
0 0.5228365384615384 0.4098557692307692 0.1971153846153846 0.2644230769230769
0 0.6538461538461539 0.6009615384615384 0.20432692307692307 0.27403846153846156
0 0.47836538461538464 0.6057692307692307 0.16826923076923078 0.21153846153846154
0 0.34375 0.484375 0.16826923076923078 0.20673076923076922
0 0.33774038461538464 0.33533653846153844 0.10576923076923077 0.10336538461538461
0 0.4387019230769231 0.3088942307692308 0.10576923076923077 0.17548076923076922
0 0.3918269230769231 0.2091346153846154 0.14903846153846154 0.21153846153846154
0 0.4170673076923077 0.06490384615384616 0.16346153846153846 0.1201923076923077
0 0.3112980769230769 0.08774038461538461 0.12740384615384615 0.16346153846153846
0 0.26802884615384615 0.26322115384615385 0.1346153846153846 0.20673076923076922
0 0.24158653846153846 0.14423076923076922 0.07211538461538461 0.07211538461538461
0 0.13942307692307693 0.15985576923076922 0.125 0.15384615384615385
0 0.17427884615384615 0.2548076923076923 0.09134615384615384 0.15865384615384615
0 0.08533653846153846 0.296875 0.09134615384615384 0.13942307692307693
0 0.07692307692307693 0.22716346153846154 0.03125 0.0625
0 0.1466346153846154 0.3918269230769231 0.13942307692307693 0.18509615384615385
0 0.18509615384615385 0.5228365384615384 0.04807692307692308 0.13942307692307693
0 0.25721153846153844 0.5180288461538461 0.11057692307692307 0.17067307692307693
0 0.2620192307692308 0.3894230769230769 0.0625 0.09615384615384616
0 0.3112980769230769 0.6622596153846154 0.1201923076923077 0.13942307692307693
0 0.3629807692307692 0.6466346153846154 0.10096153846153846 0.1201923076923077
0 0.3605769230769231 0.7427884615384616 0.07211538461538461 0.0625
0 0.26802884615384615 0.7992788461538461 0.12740384615384615 0.15384615384615385
0 0.18870192307692307 0.6935096153846154 0.1466346153846154 0.19230769230769232
0 0.10576923076923077 0.5588942307692307 0.11057692307692307 0.15865384615384615
0 0.040865384615384616 0.7884615384615384 0.05048076923076923 0.15384615384615385
0 0.1045673076923077 0.9567307692307693 0.13221153846153846 0.08173076923076923
0 0.06009615384615385 0.8810096153846154 0.05048076923076923 0.09134615384615384
0 0.12980769230769232 0.8810096153846154 0.11057692307692307 0.10336538461538461
0 0.203125 0.9639423076923077 0.07211538461538461 0.0625
0 0.10576923076923077 0.7788461538461539 0.08173076923076923 0.08173076923076923
0 0.07572115384615384 0.6706730769230769 0.08173076923076923 0.08413461538461539
0 0.05048076923076923 0.4411057692307692 0.08653846153846154 0.20192307692307693
0 0.06610576923076923 0.03365384615384615 0.10096153846153846 0.057692307692307696