0 0.6971153846153846 0.21033653846153846 0.4807692307692308 0.10576923076923077
0 0.7463942307692307 0.32572115384615385 0.49759615384615385 0.14903846153846154
0 0.6995192307692307 0.5444711538461539 0.5913461538461539 0.23076923076923078
0 0.9158653846153846 0.7199519230769231 0.14903846153846154 0.11057692307692307
0 0.8185096153846154 0.6682692307692307 0.16826923076923078 0.07692307692307693
0 0.7896634615384616 0.703125 0.07211538461538461 0.02403846153846154
0 0.7560096153846154 0.7584134615384616 0.13942307692307693 0.08173076923076923
0 0.8076923076923077 0.8317307692307693 0.12980769230769232 0.0673076923076923
0 0.6430288461538461 0.8161057692307693 0.21153846153846154 0.10576923076923077
0 0.6586538461538461 0.7319711538461539 0.10817307692307693 0.07211538461538461
0 0.5973557692307693 0.6935096153846154 0.08653846153846154 0.08173076923076923
0 0.4050480769230769 0.7475961538461539 0.21634615384615385 0.1658653846153846
0 0.2536057692307692 0.7127403846153846 0.09615384615384616 0.07211538461538461
0 0.21033653846153846 0.7932692307692307 0.16346153846153846 0.08173076923076923
0 0.11538461538461539 0.7331730769230769 0.15865384615384615 0.0625
0 0.06129807692307692 0.7680288461538461 0.10096153846153846 0.0625
0 0.1971153846153846 0.6274038461538461 0.375 0.18269230769230768
0 0.31009615384615385 0.5120192307692307 0.07692307692307693 0.057692307692307696
0 0.4026442307692308 0.4098557692307692 0.07692307692307693 0.10817307692307693
0 0.3485576923076923 0.47716346153846156 0.10096153846153846 0.03365384615384615
0 0.17908653846153846 0.46875 0.1346153846153846 0.07211538461538461
0 0.2439903846153846 0.4387019230769231 0.10817307692307693 0.0673076923076923
0 0.15865384615384615 0.3942307692307692 0.15384615384615385 0.06971153846153846
0 0.33052884615384615 0.38221153846153844 0.09615384615384616 0.10817307692307693
0 0.28725961538461536 0.3088942307692308 0.16346153846153846 0.052884615384615384
0 0.2536057692307692 0.3605769230769231 0.13942307692307693 0.057692307692307696
0 0.11538461538461539 0.33413461538461536 0.07692307692307693 0.10576923076923077
0 0.12259615384615384 0.3161057692307692 0.10096153846153846 0.04807692307692308
0 0.056490384615384616 0.33052884615384615 0.052884615384615384 0.11057692307692307
0 0.11057692307692307 0.23317307692307693 0.07692307692307693 0.09615384615384616
0 0.19471153846153846 0.24759615384615385 0.12259615384615384 0.06971153846153846
0 0.25841346153846156 0.22355769230769232 0.12980769230769232 0.07692307692307693
0 0.15625 0.1814903846153846 0.09615384615384616 0.0625
0 0.21754807692307693 0.1622596153846154 0.036057692307692304 0.04807692307692308
0 0.2800480769230769 0.21995192307692307 0.07692307692307693 0.04807692307692308
0 0.22596153846153846 0.3317307692307692 0.40865384615384615 0.4014423076923077