0 0.9086538461538461 0.78125 0.17548076923076922 0.21875
0 0.9098557692307693 0.6009615384615384 0.17307692307692307 0.2764423076923077
0 0.8473557692307693 0.32572115384615385 0.2980769230769231 0.3798076923076923
0 0.9423076923076923 0.17427884615384615 0.10576923076923077 0.3076923076923077
0 0.828125 0.12740384615384615 0.16826923076923078 0.20432692307692307
0 0.9290865384615384 0.06129807692307692 0.13701923076923078 0.11778846153846154
0 0.6550480769230769 0.12259615384615384 0.20192307692307693 0.22355769230769232
0 0.5913461538461539 0.3858173076923077 0.13701923076923078 0.30288461538461536
0 0.7019230769230769 0.49759615384615385 0.27403846153846156 0.3389423076923077
0 0.6430288461538461 0.7524038461538461 0.3076923076923077 0.2860576923076923
0 0.7536057692307693 0.8257211538461539 0.16346153846153846 0.13942307692307693
0 0.6598557692307693 0.765625 0.4423076923076923 0.25961538461538464
0 0.5072115384615384 0.7139423076923077 0.12980769230769232 0.1971153846153846
0 0.484375 0.484375 0.23076923076923078 0.5528846153846154
0 0.5853365384615384 0.37259615384615385 0.1658653846153846 0.3173076923076923
0 0.4543269230769231 0.16706730769230768 0.25240384615384615 0.3317307692307692
0 0.5973557692307693 0.03485576923076923 0.04567307692307692 0.06490384615384616
0 0.11177884615384616 0.5072115384615384 0.21875 0.35096153846153844
0 0.1622596153846154 0.7608173076923077 0.2548076923076923 0.2692307692307692
0 0.21875 0.7572115384615384 0.4326923076923077 0.28846153846153844
0 0.5264423076923077 0.5733173076923077 0.09134615384615384 0.07211538461538461
0 0.4579326923076923 0.8461538461538461 0.08413461538461539 0.1201923076923077
0 0.3016826923076923 0.578125 0.15384615384615385 0.21875
0 0.31850961538461536 0.4891826923076923 0.08173076923076923 0.1875
0 0.18269230769230768 0.3449519230769231 0.3605769230769231 0.25721153846153844
0 0.29927884615384615 0.1045673076923077 0.15625 0.20673076923076922
0 0.3605769230769231 0.11778846153846154 0.10336538461538461 0.23557692307692307
0 0.18870192307692307 0.24519230769230768 0.1875 0.10576923076923077
0 0.07572115384615384 0.20432692307692307 0.1466346153846154 0.15384615384615385
0 0.16466346153846154 0.12740384615384615 0.11538461538461539 0.14182692307692307
0 0.15865384615384615 0.03245192307692308 0.0673076923076923 0.06009615384615385
0 0.06610576923076923 0.07932692307692307 0.12740384615384615 0.15384615384615385