0 0.6370192307692307 0.30528846153846156 0.25 0.20192307692307693
0 0.5432692307692307 0.20552884615384615 0.1201923076923077 0.07451923076923077
0 0.5048076923076923 0.1502403846153846 0.0673076923076923 0.0673076923076923
0 0.5709134615384616 0.11778846153846154 0.2283653846153846 0.09375
0 0.6370192307692307 0.13701923076923078 0.23798076923076922 0.11057692307692307
0 0.4543269230769231 0.21634615384615385 0.0673076923076923 0.09134615384615384
0 0.4266826923076923 0.33653846153846156 0.22355769230769232 0.16346153846153846
0 0.38822115384615385 0.47596153846153844 0.21875 0.17307692307692307
0 0.5456730769230769 0.4807692307692308 0.12740384615384615 0.125
0 0.6899038461538461 0.4254807692307692 0.22355769230769232 0.19471153846153846
0 0.7127403846153846 0.6033653846153846 0.21875 0.16826923076923078
0 0.49038461538461536 0.6370192307692307 0.23798076923076922 0.19471153846153846
0 0.28966346153846156 0.5492788461538461 0.19230769230769232 0.14423076923076922
0 0.23798076923076922 0.40384615384615385 0.18269230769230768 0.18269230769230768
0 0.28125 0.2620192307692308 0.16826923076923078 0.15625
0 0.1346153846153846 0.34134615384615385 0.12740384615384615 0.1201923076923077
0 0.08173076923076923 0.4338942307692308 0.1201923076923077 0.09375
0 0.1045673076923077 0.5348557692307693 0.1778846153846154 0.17307692307692307
0 0.12139423076923077 0.6634615384615384 0.10096153846153846 0.09375
0 0.1875 0.6274038461538461 0.0625 0.07451923076923077
0 0.28966346153846156 0.7307692307692307 0.2932692307692308 0.23557692307692307
0 0.49759615384615385 0.7632211538461539 0.13221153846153846 0.0673076923076923
0 0.4110576923076923 0.8533653846153846 0.10096153846153846 0.09615384615384616
0 0.5360576923076923 0.8509615384615384 0.16826923076923078 0.15625
0 0.6826923076923077 0.7752403846153846 0.2283653846153846 0.16826923076923078