0 0.17668269230769232 0.5540865384615384 0.06009615384615385 0.14423076923076922
0 0.32211538461538464 0.45552884615384615 0.08173076923076923 0.125
0 0.3233173076923077 0.5889423076923077 0.10096153846153846 0.16826923076923078
0 0.3137019230769231 0.7620192307692307 0.06009615384615385 0.10576923076923077
0 0.27884615384615385 0.6790865384615384 0.057692307692307696 0.14423076923076922
0 0.3762019230769231 0.8329326923076923 0.06009615384615385 0.15384615384615385
0 0.3545673076923077 0.7319711538461539 0.07692307692307693 0.09615384615384616
0 0.421875 0.9194711538461539 0.09134615384615384 0.13701923076923078
0 0.41947115384615385 0.8040865384615384 0.0673076923076923 0.14423076923076922
0 0.40865384615384615 0.6370192307692307 0.09134615384615384 0.18990384615384615
0 0.41225961538461536 0.43990384615384615 0.08173076923076923 0.1778846153846154
0 0.47475961538461536 0.5745192307692307 0.10336538461538461 0.16105769230769232
0 0.4963942307692308 0.4050480769230769 0.10576923076923077 0.16826923076923078
0 0.5012019230769231 0.3004807692307692 0.09615384615384616 0.125
0 0.49278846153846156 0.7644230769230769 0.09375 0.17307692307692307
0 0.5805288461538461 0.9507211538461539 0.0889423076923077 0.09375
0 0.6778846153846154 0.6045673076923077 0.10336538461538461 0.18509615384615385
0 0.6153846153846154 0.4579326923076923 0.11538461538461539 0.18990384615384615
0 0.6947115384615384 0.4375 0.09615384615384616 0.18509615384615385
0 0.6069711538461539 0.31490384615384615 0.10096153846153846 0.1201923076923077
0 0.5721153846153846 0.5625 0.07692307692307693 0.11298076923076923
0 0.6213942307692307 0.6959134615384616 0.05048076923076923 0.10576923076923077
0 0.5697115384615384 0.7235576923076923 0.052884615384615384 0.13701923076923078
0 0.6105769230769231 0.8149038461538461 0.08653846153846154 0.14423076923076922
0 0.6983173076923077 0.7259615384615384 0.11057692307692307 0.20192307692307693
0 0.6947115384615384 0.8725961538461539 0.08173076923076923 0.11298076923076923
0 0.6298076923076923 0.9603365384615384 0.052884615384615384 0.07451923076923077
0 0.6983173076923077 0.9627403846153846 0.08413461538461539 0.06971153846153846
0 0.7752403846153846 0.9254807692307693 0.11057692307692307 0.10096153846153846
0 0.796875 0.8100961538461539 0.09375 0.14423076923076922
0 0.7800480769230769 0.7295673076923077 0.0673076923076923 0.16105769230769232
0 0.7620192307692307 0.5540865384615384 0.0625 0.1778846153846154
0 0.828125 0.6694711538461539 0.0625 0.125