0 0.9362980769230769 0.8533653846153846 0.11538461538461539 0.28365384615384615
0 0.8221153846153846 0.8689903846153846 0.30288461538461536 0.2548076923076923
0 0.6526442307692307 0.8569711538461539 0.1875 0.27884615384615385
0 0.4795673076923077 0.8317307692307693 0.1971153846153846 0.3269230769230769
0 0.2920673076923077 0.7908653846153846 0.23798076923076922 0.40865384615384615
0 0.17548076923076922 0.6911057692307693 0.31009615384615385 0.4230769230769231
0 0.5552884615384616 0.5913461538461539 0.47115384615384615 0.3245192307692308
0 0.5588942307692307 0.47115384615384615 0.5192307692307693 0.2620192307692308
0 0.8810096153846154 0.47836538461538464 0.2283653846153846 0.4567307692307692
0 0.8197115384615384 0.6057692307692307 0.1875 0.3605769230769231
0 0.9362980769230769 0.38100961538461536 0.11538461538461539 0.2692307692307692
0 0.7740384615384616 0.19951923076923078 0.4423076923076923 0.19471153846153846
0 0.7487980769230769 0.07211538461538461 0.3701923076923077 0.14423076923076922
0 0.4675480769230769 0.18028846153846154 0.21153846153846154 0.24278846153846154
0 0.6069711538461539 0.33413461538461536 0.3605769230769231 0.23798076923076922
0 0.26802884615384615 0.17067307692307693 0.18990384615384615 0.34134615384615385
0 0.14543269230769232 0.5036057692307693 0.29086538461538464 0.4639423076923077
0 0.08653846153846154 0.8653846153846154 0.17307692307692307 0.2620192307692308
0 0.08413461538461539 0.2403846153846154 0.16826923076923078 0.3798076923076923
0 0.09495192307692307 0.10817307692307693 0.18990384615384615 0.21634615384615385
0 0.5697115384615384 0.030048076923076924 0.4182692307692308 0.06009615384615385