0 0.3870192307692308 0.7824519230769231 0.3942307692307692 0.19230769230769232
0 0.5805288461538461 0.8762019230769231 0.375 0.19230769230769232
0 0.6430288461538461 0.859375 0.1778846153846154 0.09375
0 0.7728365384615384 0.328125 0.4495192307692308 0.17067307692307693
0 0.6165865384615384 0.37259615384615385 0.35096153846153844 0.09134615384615384
0 0.4050480769230769 0.3449519230769231 0.14423076923076922 0.07211538461538461
0 0.4579326923076923 0.2439903846153846 0.22596153846153846 0.11538461538461539
0 0.1875 0.4266826923076923 0.3629807692307692 0.1971153846153846
0 0.2439903846153846 0.5252403846153846 0.2860576923076923 0.0673076923076923
0 0.5240384615384616 0.49158653846153844 0.31009615384615385 0.1346153846153846
0 0.7439903846153846 0.4879807692307692 0.31009615384615385 0.13942307692307693
0 0.5564903846153846 0.140625 0.4567307692307692 0.27403846153846156
0 0.21754807692307693 0.19591346153846154 0.2692307692307692 0.22355769230769232
0 0.13701923076923078 0.24879807692307693 0.2620192307692308 0.20432692307692307
0 0.2644230769230769 0.04567307692307692 0.5192307692307693 0.09134615384615384
0 0.9447115384615384 0.09134615384615384 0.10576923076923077 0.1778846153846154
0 0.9086538461538461 0.29927884615384615 0.1778846153846154 0.27163461538461536
0 0.9423076923076923 0.43149038461538464 0.11057692307692307 0.10336538461538461
0 0.8581730769230769 0.08052884615384616 0.14903846153846154 0.15625