0 0.27884615384615385 0.6646634615384616 0.34134615384615385 0.6658653846153846
0 0.08533653846153846 0.7620192307692307 0.09134615384615384 0.2692307692307692
0 0.17067307692307693 0.41225961538461536 0.15384615384615385 0.4639423076923077
0 0.3870192307692308 0.7163461538461539 0.06971153846153846 0.14182692307692307
0 0.40865384615384615 0.4098557692307692 0.0625 0.3389423076923077
0 0.375 0.16105769230769232 0.08173076923076923 0.3004807692307692
0 0.27403846153846156 0.16105769230769232 0.12740384615384615 0.3125
0 0.4495192307692308 0.18870192307692307 0.0985576923076923 0.36538461538461536
0 0.49038461538461536 0.0985576923076923 0.125 0.1875
0 0.7932692307692307 0.18269230769230768 0.12980769230769232 0.29086538461538464
0 0.6766826923076923 0.06009615384615385 0.18269230769230768 0.11057692307692307
0 0.6358173076923077 0.08413461538461539 0.13221153846153846 0.07211538461538461
0 0.6213942307692307 0.17427884615384615 0.06490384615384616 0.11057692307692307
0 0.7596153846153846 0.2956730769230769 0.12980769230769232 0.07692307692307693
0 0.6923076923076923 0.23798076923076922 0.1778846153846154 0.08173076923076923
0 0.7800480769230769 0.20793269230769232 0.08413461538461539 0.0889423076923077
0 0.8004807692307693 0.46153846153846156 0.20192307692307693 0.18028846153846154
0 0.6766826923076923 0.34375 0.30528846153846156 0.16346153846153846
0 0.6478365384615384 0.39663461538461536 0.12980769230769232 0.07211538461538461
0 0.5 0.47836538461538464 0.1346153846153846 0.15865384615384615
0 0.5108173076923077 0.6262019230769231 0.052884615384615384 0.21153846153846154
0 0.49399038461538464 0.7403846153846154 0.11057692307692307 0.32211538461538464
0 0.6682692307692307 0.7139423076923077 0.3076923076923077 0.5673076923076923