0 0.29447115384615385 0.18269230769230768 0.2692307692307692 0.08653846153846154
0 0.5793269230769231 0.27884615384615385 0.3125 0.08653846153846154
0 0.5769230769230769 0.17908653846153846 0.11057692307692307 0.09375
0 0.5456730769230769 0.1502403846153846 0.2091346153846154 0.11298076923076923
0 0.49399038461538464 0.09375 0.20192307692307693 0.08413461538461539
0 0.2668269230769231 0.09134615384615384 0.2644230769230769 0.10096153846153846
0 0.33413461538461536 0.4795673076923077 0.12980769230769232 0.10096153846153846
0 0.5985576923076923 0.8665865384615384 0.20192307692307693 0.0625
0 0.4567307692307692 0.9230769230769231 0.1658653846153846 0.057692307692307696
0 0.2824519230769231 0.8521634615384616 0.17307692307692307 0.12259615384615384
0 0.46634615384615385 0.7836538461538461 0.24519230769230768 0.10336538461538461
0 0.4206730769230769 0.7295673076923077 0.13942307692307693 0.06490384615384616
0 0.3798076923076923 0.7019230769230769 0.14903846153846154 0.055288461538461536
0 0.5793269230769231 0.7355769230769231 0.15384615384615385 0.07211538461538461
0 0.5372596153846154 0.65625 0.3004807692307692 0.10576923076923077
0 0.5576923076923077 0.5769230769230769 0.3942307692307692 0.09134615384615384
0 0.8317307692307693 0.5324519230769231 0.18990384615384615 0.08413461538461539
0 0.8161057692307693 0.09495192307692307 0.23317307692307693 0.14423076923076922
0 0.5012019230769231 0.5 0.9927884615384616 1