0 0.6394230769230769 0.19831730769230768 0.125 0.08173076923076923
0 0.4411057692307692 0.5612980769230769 0.17067307692307693 0.11057692307692307
0 0.234375 0.3858173076923077 0.1201923076923077 0.11538461538461539
0 0.14182692307692307 0.28365384615384615 0.17067307692307693 0.11057692307692307
0 0.26802884615384615 0.25841346153846156 0.125 0.125
0 0.3870192307692308 0.22355769230769232 0.11298076923076923 0.0625
0 0.48197115384615385 0.4266826923076923 0.09615384615384616 0.0673076923076923
0 0.5492788461538461 0.5408653846153846 0.057692307692307696 0.07692307692307693
0 0.7211538461538461 0.5 0.10336538461538461 0.09615384615384616
0 0.734375 0.5673076923076923 0.07692307692307693 0.038461538461538464
0 0.6057692307692307 0.8786057692307693 0.13942307692307693 0.08173076923076923
0 0.3942307692307692 0.8798076923076923 0.13942307692307693 0.12980769230769232
0 0.296875 0.8125 0.13942307692307693 0.10576923076923077
0 0.12620192307692307 0.6201923076923077 0.036057692307692304 0.07211538461538461
0 0.08533653846153846 0.5384615384615384 0.12980769230769232 0.12740384615384615
0 0.3016826923076923 0.6177884615384616 0.22115384615384615 0.10817307692307693
0 0.9230769230769231 0.671875 0.10336538461538461 0.09134615384615384
0 0.8713942307692307 0.5697115384615384 0.11298076923076923 0.07211538461538461
0 0.8401442307692307 0.5060096153846154 0.2692307692307692 0.6105769230769231
0 0.546875 0.5384615384615384 0.34134615384615385 0.7596153846153846
0 0.3173076923076923 0.4831730769230769 0.31490384615384615 0.7716346153846154
0 0.10817307692307693 0.46274038461538464 0.20673076923076922 0.5480769230769231
0 0.21394230769230768 0.056490384615384616 0.02403846153846154 0.019230769230769232
0 0.4483173076923077 0.037259615384615384 0.03125 0.04326923076923077
0 0.484375 0.07692307692307693 0.040865384615384616 0.052884615384615384
0 0.6526442307692307 0.1045673076923077 0.036057692307692304 0.04807692307692308
3 0.4567307692307692 0.0889423076923077 0.2644230769230769 0.16826923076923078