0 0.7199519230769231 0.43990384615384615 0.21153846153846154 0.32211538461538464
0 0.765625 0.5132211538461539 0.32211538461538464 0.7307692307692307
0 0.5673076923076923 0.6634615384615384 0.20192307692307693 0.3317307692307692
0 0.4963942307692308 0.8822115384615384 0.18509615384615385 0.22355769230769232
0 0.3762019230769231 0.7379807692307693 0.1778846153846154 0.2403846153846154
0 0.3713942307692308 0.5300480769230769 0.18269230769230768 0.28365384615384615
0 0.5276442307692307 0.4014423076923077 0.18269230769230768 0.3125
0 0.65625 0.16105769230769232 0.1778846153846154 0.32211538461538464
0 0.21875 0.5709134615384616 0.17307692307692307 0.2692307692307692
0 0.25240384615384615 0.34134615384615385 0.10576923076923077 0.21153846153846154
0 0.33052884615384615 0.32572115384615385 0.08173076923076923 0.14903846153846154
0 0.3858173076923077 0.36658653846153844 0.021634615384615384 0.04326923076923077
0 0.45072115384615385 0.34134615384615385 0.09615384615384616 0.18028846153846154
0 0.3894230769230769 0.26802884615384615 0.10096153846153846 0.15384615384615385
0 0.5240384615384616 0.21033653846153846 0.11057692307692307 0.09134615384615384
0 0.6021634615384616 0.09615384615384616 0.0673076923076923 0.14903846153846154
0 0.5288461538461539 0.09014423076923077 0.08413461538461539 0.14903846153846154
0 0.46875 0.1201923076923077 0.08653846153846154 0.16346153846153846
0 0.4855769230769231 0.021634615384615384 0.0985576923076923 0.04326923076923077
0 0.5733173076923077 0.016826923076923076 0.07692307692307693 0.03365384615384615
0 0.4074519230769231 0.19110576923076922 0.09615384615384616 0.0985576923076923
0 0.3762019230769231 0.09014423076923077 0.0985576923076923 0.14903846153846154
0 0.37740384615384615 0.014423076923076924 0.11538461538461539 0.028846153846153848
0 0.2704326923076923 0.06850961538461539 0.10576923076923077 0.125
0 0.3016826923076923 0.20192307692307693 0.10096153846153846 0.14182692307692307
0 0.26322115384615385 0.2764423076923077 0.07692307692307693 0.09134615384615384
0 0.22596153846153846 0.15625 0.08653846153846154 0.15865384615384615
0 0.1658653846153846 0.28125 0.07692307692307693 0.14903846153846154
0 0.1201923076923077 0.39663461538461536 0.07211538461538461 0.11538461538461539