0 0.17067307692307693 0.8497596153846154 0.11298076923076923 0.18509615384615385
0 0.2704326923076923 0.7980769230769231 0.20192307692307693 0.17307692307692307
0 0.19831730769230768 0.9447115384615384 0.12980769230769232 0.10336538461538461
0 0.36899038461538464 0.6694711538461539 0.25240384615384615 0.20673076923076922
0 0.19831730769230768 0.5096153846153846 0.15865384615384615 0.18028846153846154
0 0.22956730769230768 0.23798076923076922 0.21153846153846154 0.1778846153846154
0 0.17067307692307693 0.3389423076923077 0.125 0.12259615384615384
0 0.43509615384615385 0.15985576923076922 0.22115384615384615 0.21875
0 0.3473557692307692 0.3425480769230769 0.22115384615384615 0.19230769230769232
0 0.3870192307692308 0.5 0.20673076923076922 0.16826923076923078
0 0.6237980769230769 0.6466346153846154 0.31971153846153844 0.20673076923076922
0 0.5901442307692307 0.7752403846153846 0.12980769230769232 0.21875
0 0.31971153846153844 0.8870192307692307 0.3798076923076923 0.21875
0 0.5204326923076923 0.3557692307692308 0.17548076923076922 0.14182692307692307
0 0.6466346153846154 0.13221153846153846 0.19230769230769232 0.25961538461538464
0 0.7860576923076923 0.18509615384615385 0.12980769230769232 0.10817307692307693
0 0.6850961538461539 0.36177884615384615 0.15384615384615385 0.12259615384615384
0 0.6009615384615384 0.48677884615384615 0.18028846153846154 0.1201923076923077
0 0.7992788461538461 0.5072115384615384 0.14423076923076922 0.12259615384615384
0 0.7367788461538461 0.5576923076923077 0.09134615384615384 0.08413461538461539
0 0.7728365384615384 0.6225961538461539 0.052884615384615384 0.08413461538461539
0 0.8245192307692307 0.6634615384615384 0.09134615384615384 0.10336538461538461
0 0.71875 0.7427884615384616 0.12980769230769232 0.08413461538461539
0 0.8557692307692307 0.7475961538461539 0.07211538461538461 0.08173076923076923
0 0.8016826923076923 0.7475961538461539 0.07692307692307693 0.06490384615384616
0 0.9302884615384616 0.8173076923076923 0.12980769230769232 0.10336538461538461
0 0.9326923076923077 0.9639423076923077 0.125 0.06490384615384616
0 0.9098557692307693 0.3870192307692308 0.10817307692307693 0.0889423076923077
0 0.9170673076923077 0.21153846153846154 0.11298076923076923 0.08413461538461539
0 0.9074519230769231 0.0829326923076923 0.11298076923076923 0.09615384615384616