0 0.38461538461538464 0.6766826923076923 0.5985576923076923 0.6177884615384616
0 0.4014423076923077 0.7487980769230769 0.3269230769230769 0.2403846153846154
0 0.6045673076923077 0.4735576923076923 0.5865384615384616 0.5673076923076923
0 0.2091346153846154 0.23317307692307693 0.40625 0.23557692307692307
0 0.31971153846153844 0.06009615384615385 0.2091346153846154 0.11057692307692307
0 0.7427884615384616 0.2932692307692308 0.32211538461538464 0.27884615384615385
0 0.6526442307692307 0.17908653846153846 0.5817307692307693 0.35096153846153844
0 0.8533653846153846 0.17067307692307693 0.28365384615384615 0.3317307692307692
0 0.9326923076923077 0.5408653846153846 0.10096153846153846 0.21634615384615385
0 0.6887019230769231 0.8810096153846154 0.44471153846153844 0.23317307692307693
0 0.8617788461538461 0.796875 0.15384615384615385 0.14182692307692307