0 0.8834134615384616 0.9074519230769231 0.23317307692307693 0.18028846153846154
0 0.8858173076923077 0.734375 0.22596153846153846 0.2403846153846154
0 0.8822115384615384 0.5504807692307693 0.23076923076923078 0.23557692307692307
0 0.8798076923076923 0.3485576923076923 0.23557692307692307 0.2403846153846154
0 0.8870192307692307 0.18269230769230768 0.22115384615384615 0.17307692307692307
0 0.8822115384615384 0.06971153846153846 0.23076923076923078 0.1346153846153846
0 0.5685096153846154 0.6346153846153846 0.0673076923076923 0.09375
0 0.5132211538461539 0.5372596153846154 0.11538461538461539 0.11538461538461539
0 0.5084134615384616 0.6382211538461539 0.08413461538461539 0.09375
0 0.4951923076923077 0.671875 0.1201923076923077 0.11538461538461539
0 0.41225961538461536 0.5432692307692307 0.12740384615384615 0.10576923076923077
0 0.34134615384615385 0.7752403846153846 0.0673076923076923 0.08173076923076923
0 0.30408653846153844 0.8112980769230769 0.057692307692307696 0.1466346153846154
0 0.32572115384615385 0.6911057692307693 0.057692307692307696 0.07692307692307693
0 0.3173076923076923 0.6502403846153846 0.09615384615384616 0.0625
0 0.3762019230769231 0.6887019230769231 0.09615384615384616 0.07451923076923077
0 0.24639423076923078 0.44711538461538464 0.07932692307692307 0.07692307692307693
0 0.12379807692307693 0.2860576923076923 0.0673076923076923 0.057692307692307696
0 0.09254807692307693 0.21394230769230768 0.04807692307692308 0.07451923076923077
0 0.08774038461538461 0.29927884615384615 0.038461538461538464 0.08173076923076923
0 0.09735576923076923 0.5276442307692307 0.057692307692307696 0.06009615384615385
0 0.12379807692307693 0.6610576923076923 0.10096153846153846 0.19951923076923078
0 0.09254807692307693 0.6105769230769231 0.038461538461538464 0.09134615384615384
0 0.17427884615384615 0.5360576923076923 0.11538461538461539 0.09134615384615384
0 0.25961538461538464 0.45913461538461536 0.10576923076923077 0.10096153846153846
0 0.2644230769230769 0.4026442307692308 0.10576923076923077 0.057692307692307696
0 0.3016826923076923 0.4026442307692308 0.12740384615384615 0.09375
0 0.3173076923076923 0.35336538461538464 0.052884615384615384 0.11538461538461539
0 0.31009615384615385 0.5240384615384616 0.10096153846153846 0.04326923076923077
0 0.30649038461538464 0.5673076923076923 0.11538461538461539 0.040865384615384616
0 0.31971153846153844 0.6045673076923077 0.10096153846153846 0.04807692307692308
0 0.23317307692307693 0.59375 0.08413461538461539 0.08653846153846154
0 0.171875 0.6478365384615384 0.057692307692307696 0.11298076923076923
0 0.21153846153846154 0.6875 0.07451923076923077 0.07211538461538461
0 0.23798076923076922 0.6442307692307693 0.07451923076923077 0.0673076923076923
0 0.25721153846153844 0.8245192307692307 0.026442307692307692 0.06009615384615385
0 0.24639423076923078 0.7752403846153846 0.057692307692307696 0.07451923076923077
0 0.2091346153846154 0.7415865384615384 0.0673076923076923 0.07451923076923077
0 0.17427884615384615 0.7992788461538461 0.10576923076923077 0.09375
0 0.11057692307692307 0.7560096153846154 0.09615384615384616 0.17307692307692307
0 0.08173076923076923 0.8617788461538461 0.038461538461538464 0.19471153846153846
0 0.12740384615384615 0.9399038461538461 0.11057692307692307 0.11538461538461539
0 0.16947115384615385 0.9170673076923077 0.0625 0.09615384615384616
0 0.20072115384615385 0.8533653846153846 0.11538461538461539 0.09134615384615384
0 0.8846153846153846 0.5300480769230769 0.22596153846153846 0.9350961538461539