0 0.24759615384615385 0.5625 0.4423076923076923 0.42788461538461536
0 0.37259615384615385 0.8173076923076923 0.45913461538461536 0.22596153846153846
0 0.4723557692307692 0.8870192307692307 0.10576923076923077 0.09134615384615384
0 0.26322115384615385 0.5637019230769231 0.09615384615384616 0.09615384615384616
0 0.4387019230769231 0.5036057692307693 0.09134615384615384 0.04807692307692308
0 0.5048076923076923 0.6826923076923077 0.0625 0.0625
0 0.5204326923076923 0.6490384615384616 0.27403846153846156 0.20673076923076922
0 0.5817307692307693 0.7079326923076923 0.12259615384615384 0.0889423076923077
0 0.8209134615384616 0.7692307692307693 0.3173076923076923 0.18269230769230768
0 0.8004807692307693 0.5817307692307693 0.33653846153846156 0.2548076923076923
0 0.6346153846153846 0.34134615384615385 0.19951923076923078 0.5336538461538461
0 0.4723557692307692 0.3605769230769231 0.3605769230769231 0.3173076923076923
0 0.5817307692307693 0.5228365384615384 0.19230769230769232 0.04807692307692308
0 0.23677884615384615 0.24639423076923078 0.14903846153846154 0.24519230769230768
0 0.1814903846153846 0.06370192307692307 0.3004807692307692 0.09615384615384616
0 0.5973557692307693 0.12379807692307693 0.5096153846153846 0.2091346153846154
0 0.9050480769230769 0.12379807692307693 0.13942307692307693 0.08653846153846154
0 0.875 0.1778846153846154 0.04567307692307692 0.0625
0 0.9182692307692307 0.2403846153846154 0.0625 0.10817307692307693
0 0.8725961538461539 0.2620192307692308 0.05048076923076923 0.09615384615384616
0 0.8112980769230769 0.26802884615384615 0.08173076923076923 0.03125
0 0.7908653846153846 0.22235576923076922 0.11057692307692307 0.05048076923076923
0 0.7596153846153846 0.3269230769230769 0.07211538461538461 0.15144230769230768
0 0.8545673076923077 0.3641826923076923 0.2403846153846154 0.13942307692307693
0 0.9362980769230769 0.44711538461538464 0.07692307692307693 0.07211538461538461
0 0.8413461538461539 0.4579326923076923 0.09134615384615384 0.0625
0 0.734375 0.5180288461538461 0.05048076923076923 0.08173076923076923
0 0.8846153846153846 0.17307692307692307 0.19951923076923078 0.3125