0 0.4266826923076923 0.016826923076923076 0.0673076923076923 0.02403846153846154
0 0.3798076923076923 0.016826923076923076 0.028846153846153848 0.02403846153846154
0 0.40384615384615385 0.038461538461538464 0.04326923076923077 0.019230769230769232
0 0.39903846153846156 0.06129807692307692 0.04326923076923077 0.04326923076923077
0 0.3581730769230769 0.06370192307692307 0.038461538461538464 0.038461538461538464
0 0.36658653846153844 0.12139423076923077 0.08653846153846154 0.08413461538461539
0 0.34375 0.203125 0.08653846153846154 0.08173076923076923
0 0.39663461538461536 0.25841346153846156 0.09134615384615384 0.057692307692307696
0 0.42908653846153844 0.18870192307692307 0.09134615384615384 0.08173076923076923
0 0.4567307692307692 0.11778846153846154 0.10336538461538461 0.07692307692307693
0 0.4483173076923077 0.06490384615384616 0.0673076923076923 0.036057692307692304
0 0.49399038461538464 0.03485576923076923 0.06009615384615385 0.052884615384615384
0 0.5108173076923077 0.0673076923076923 0.06009615384615385 0.0625
0 0.5408653846153846 0.09495192307692307 0.07692307692307693 0.057692307692307696
0 0.5168269230769231 0.15985576923076922 0.08173076923076923 0.06490384615384616
0 0.546875 0.17668269230769232 0.08653846153846154 0.04807692307692308
0 0.6141826923076923 0.16346153846153846 0.04807692307692308 0.036057692307692304
0 0.6370192307692307 0.19110576923076922 0.06009615384615385 0.038461538461538464
0 0.5540865384615384 0.21995192307692307 0.09134615384615384 0.0625
0 0.5240384615384616 0.24759615384615385 0.08653846153846154 0.057692307692307696
0 0.49759615384615385 0.29086538461538464 0.052884615384615384 0.04326923076923077
0 0.5192307692307693 0.3125 0.04326923076923077 0.04326923076923077
0 0.5540865384615384 0.2932692307692308 0.04807692307692308 0.02403846153846154
0 0.4675480769230769 0.34375 0.06009615384615385 0.04807692307692308
0 0.49399038461538464 0.3641826923076923 0.06009615384615385 0.05048076923076923
0 0.5024038461538461 0.4110576923076923 0.04326923076923077 0.04326923076923077
0 0.5540865384615384 0.3894230769230769 0.09134615384615384 0.06490384615384616
0 0.5841346153846154 0.33653846153846156 0.0985576923076923 0.0673076923076923
0 0.6069711538461539 0.2692307692307692 0.0985576923076923 0.057692307692307696
0 0.6694711538461539 0.23677884615384615 0.04807692307692308 0.057692307692307696
0 0.6971153846153846 0.2620192307692308 0.04807692307692308 0.04326923076923077
0 0.7271634615384616 0.29447115384615385 0.052884615384615384 0.04326923076923077
0 0.6586538461538461 0.29447115384615385 0.08173076923076923 0.04326923076923077
0 0.6610576923076923 0.34375 0.0673076923076923 0.0673076923076923
0 0.6334134615384616 0.4014423076923077 0.08653846153846154 0.052884615384615384
0 0.5901442307692307 0.4579326923076923 0.1201923076923077 0.07211538461538461
0 0.5108173076923077 0.4651442307692308 0.06009615384615385 0.06490384615384616
0 0.5709134615384616 0.5252403846153846 0.11538461538461539 0.0673076923076923
0 0.6694711538461539 0.5204326923076923 0.08173076923076923 0.057692307692307696
0 0.6911057692307693 0.4675480769230769 0.10336538461538461 0.0673076923076923
0 0.7572115384615384 0.41947115384615385 0.09134615384615384 0.0673076923076923
0 0.7271634615384616 0.39302884615384615 0.0985576923076923 0.057692307692307696
0 0.7211538461538461 0.35096153846153844 0.1201923076923077 0.0625
0 0.765625 0.32572115384615385 0.04326923076923077 0.03365384615384615
0 0.7956730769230769 0.3641826923076923 0.038461538461538464 0.036057692307692304
0 0.6177884615384616 0.5853365384615384 0.0673076923076923 0.07211538461538461
0 0.5877403846153846 0.6069711538461539 0.08173076923076923 0.06490384615384616
0 0.8004807692307693 0.4891826923076923 0.125 0.07692307692307693
0 0.71875 0.5504807692307693 0.125 0.07692307692307693
0 0.5576923076923077 0.6778846153846154 0.11057692307692307 0.08413461538461539
0 0.609375 0.7307692307692307 0.13701923076923078 0.09615384615384616
0 0.6694711538461539 0.6658653846153846 0.125 0.08653846153846154
0 0.6610576923076923 0.6021634615384616 0.0673076923076923 0.052884615384615384
0 0.7596153846153846 0.6021634615384616 0.12980769230769232 0.07692307692307693
0 0.84375 0.5564903846153846 0.11538461538461539 0.07211538461538461
0 0.8966346153846154 0.49278846153846156 0.0673076923076923 0.0625
0 0.8629807692307693 0.44591346153846156 0.052884615384615384 0.0625
0 0.9423076923076923 0.5540865384615384 0.07211538461538461 0.0673076923076923
0 0.8882211538461539 0.6105769230769231 0.125 0.07211538461538461
0 0.9723557692307693 0.6057692307692307 0.04326923076923077 0.0673076923076923
0 0.9158653846153846 0.6766826923076923 0.125 0.08653846153846154
0 0.7920673076923077 0.6730769230769231 0.12980769230769232 0.09615384615384616
0 0.8629807692307693 0.7451923076923077 0.1201923076923077 0.08173076923076923
0 0.7463942307692307 0.7451923076923077 0.125 0.0889423076923077
0 0.6862980769230769 0.796875 0.125 0.08173076923076923
0 0.5733173076923077 0.8088942307692307 0.14182692307692307 0.0985576923076923
0 0.6394230769230769 0.8858173076923077 0.12980769230769232 0.08413461538461539
0 0.7211538461538461 0.8473557692307693 0.07692307692307693 0.036057692307692304
0 0.7487980769230769 0.8942307692307693 0.07692307692307693 0.06490384615384616
0 0.7836538461538461 0.8293269230769231 0.09134615384615384 0.08173076923076923
0 0.890625 0.8257211538461539 0.15384615384615385 0.11778846153846154
0 0.9567307692307693 0.7620192307692307 0.07692307692307693 0.08413461538461539
0 0.9723557692307693 0.8401442307692307 0.04326923076923077 0.08653846153846154
0 0.9399038461538461 0.9326923076923077 0.11057692307692307 0.1201923076923077
0 0.8305288461538461 0.9194711538461539 0.12980769230769232 0.11057692307692307
0 0.796875 0.9699519230769231 0.15144230769230768 0.055288461538461536
0 0.9242788461538461 0.9891826923076923 0.12259615384615384 0.016826923076923076
0 0.6971153846153846 0.9495192307692307 0.10336538461538461 0.08173076923076923
0 0.2980769230769231 0.8449519230769231 0.11538461538461539 0.09134615384615384
0 0.34134615384615385 0.890625 0.028846153846153848 0.04326923076923077
0 0.4182692307692308 0.9651442307692307 0.09134615384615384 0.03365384615384615
0 0.2956730769230769 0.9266826923076923 0.11057692307692307 0.07211538461538461
0 0.22115384615384615 0.9230769230769231 0.08173076923076923 0.07211538461538461
0 0.2247596153846154 0.9747596153846154 0.055288461538461536 0.04567307692307692
0 0.28725961538461536 0.984375 0.07451923076923077 0.026442307692307692
0 0.1346153846153846 0.9783653846153846 0.10576923076923077 0.038461538461538464
0 0.12860576923076922 0.9495192307692307 0.06009615384615385 0.036057692307692304
0 0.15865384615384615 0.8978365384615384 0.04326923076923077 0.057692307692307696
0 0.17427884615384615 0.9459134615384616 0.04326923076923077 0.05048076923076923
0 0.109375 0.890625 0.08653846153846154 0.057692307692307696
0 0.12259615384615384 0.8329326923076923 0.06009615384615385 0.057692307692307696
0 0.1201923076923077 0.7764423076923077 0.052884615384615384 0.04807692307692308
0 0.09615384615384616 0.7199519230769231 0.08173076923076923 0.05048076923076923
0 0.1502403846153846 0.7307692307692307 0.04807692307692308 0.04326923076923077
0 0.14423076923076922 0.6887019230769231 0.038461538461538464 0.03365384615384615
0 0.1141826923076923 0.6514423076923077 0.07692307692307693 0.05048076923076923
0 0.0985576923076923 0.6129807692307693 0.0673076923076923 0.04807692307692308
0 0.06009615384615385 0.5673076923076923 0.07692307692307693 0.057692307692307696
0 0.036057692307692304 0.546875 0.06009615384615385 0.04807692307692308
0 0.06009615384615385 0.49399038461538464 0.0673076923076923 0.04326923076923077
0 0.021634615384615384 0.5024038461538461 0.03365384615384615 0.04326923076923077
0 0.051682692307692304 0.4579326923076923 0.04807692307692308 0.028846153846153848
0 0.021634615384615384 0.44350961538461536 0.04326923076923077 0.028846153846153848
0 0.051682692307692304 0.41947115384615385 0.06009615384615385 0.04807692307692308
0 0.036057692307692304 0.36177884615384615 0.07211538461538461 0.0673076923076923
0 0.171875 0.23076923076923078 0.038461538461538464 0.02403846153846154
0 0.17427884615384615 0.25240384615384615 0.04326923076923077 0.019230769230769232
0 0.21634615384615385 0.25961538461538464 0.038461538461538464 0.02403846153846154
0 0.234375 0.23798076923076922 0.03365384615384615 0.019230769230769232
0 0.25721153846153844 0.21995192307692307 0.03365384615384615 0.019230769230769232
0 0.20192307692307693 0.21514423076923078 0.03365384615384615 0.04326923076923077
0 0.2403846153846154 0.18389423076923078 0.052884615384615384 0.0673076923076923
0 0.39302884615384615 0.6778846153846154 0.25 0.0985576923076923
0 0.390625 0.6286057692307693 0.25721153846153844 0.11057692307692307
0 0.390625 0.6033653846153846 0.23557692307692307 0.11538461538461539
0 0.30288461538461536 0.6274038461538461 0.11538461538461539 0.038461538461538464
0 0.3605769230769231 0.5745192307692307 0.2403846153846154 0.11057692307692307
0 0.33653846153846156 0.5276442307692307 0.25721153846153844 0.12980769230769232
0 0.34134615384615385 0.4723557692307692 0.25721153846153844 0.09615384615384616
0 0.1778846153846154 0.4795673076923077 0.10336538461538461 0.07211538461538461
0 0.2764423076923077 0.4110576923076923 0.23557692307692307 0.11538461538461539
0 0.33653846153846156 0.43149038461538464 0.22355769230769232 0.09134615384615384
0 0.24639423076923078 0.3798076923076923 0.23076923076923078 0.1346153846153846
0 0.18028846153846154 0.375 0.07692307692307693 0.036057692307692304
0 0.2512019230769231 0.3293269230769231 0.20673076923076922 0.1201923076923077
0 0.22115384615384615 0.2800480769230769 0.16826923076923078 0.12980769230769232
0 0.30288461538461536 0.78125 0.15865384615384615 0.08653846153846154
0 0.41225961538461536 0.765625 0.13701923076923078 0.10576923076923077
0 0.4723557692307692 0.8161057692307693 0.09134615384615384 0.038461538461538464
0 0.2536057692307692 0.734375 0.11538461538461539 0.07451923076923077
0 0.20432692307692307 0.6514423076923077 0.09134615384615384 0.06490384615384616
0 0.18269230769230768 0.5745192307692307 0.10336538461538461 0.09615384615384616
0 0.9399038461538461 0.04326923076923077 0.0985576923076923 0.08173076923076923