0 0.109375 0.8930288461538461 0.21634615384615385 0.20673076923076922
0 0.36177884615384615 0.8918269230769231 0.23557692307692307 0.21153846153846154
0 0.609375 0.8930288461538461 0.2283653846153846 0.20673076923076922
0 0.8725961538461539 0.90625 0.24519230769230768 0.18028846153846154
0 0.6117788461538461 0.6382211538461539 0.24519230769230768 0.28846153846153844
0 0.35336538461538464 0.6442307692307693 0.2403846153846154 0.28365384615384615
0 0.1141826923076923 0.6069711538461539 0.11057692307692307 0.12740384615384615
0 0.030048076923076924 0.5865384615384616 0.06009615384615385 0.13942307692307693
0 0.04567307692307692 0.6887019230769231 0.09134615384615384 0.11298076923076923
0 0.10096153846153846 0.7211538461538461 0.09615384615384616 0.10096153846153846
0 0.11658653846153846 0.5396634615384616 0.07451923076923077 0.08173076923076923
0 0.17548076923076922 0.5240384615384616 0.052884615384615384 0.04326923076923077
0 0.18389423076923078 0.5901442307692307 0.057692307692307696 0.10817307692307693
0 0.1778846153846154 0.6706730769230769 0.06971153846153846 0.0673076923076923
0 0.15144230769230768 0.7415865384615384 0.10096153846153846 0.08173076923076923
0 0.8617788461538461 0.5865384615384616 0.052884615384615384 0.09375
0 0.8930288461538461 0.671875 0.0625 0.08653846153846154
0 0.8509615384615384 0.7692307692307693 0.10576923076923077 0.040865384615384616
0 0.8641826923076923 0.7247596153846154 0.12259615384615384 0.057692307692307696
0 0.9627403846153846 0.7524038461538461 0.0625 0.06009615384615385
0 0.9543269230769231 0.6911057692307693 0.07932692307692307 0.08653846153846154
0 0.9098557692307693 0.5300480769230769 0.08653846153846154 0.0625
0 0.875 0.6478365384615384 0.2403846153846154 0.2932692307692308
0 0.875 0.35216346153846156 0.2403846153846154 0.2932692307692308
0 0.109375 0.0985576923076923 0.21875 0.19230769230769232
0 0.10697115384615384 0.36177884615384615 0.21153846153846154 0.2644230769230769
0 0.3701923076923077 0.47716346153846156 0.12259615384615384 0.03365384615384615
0 0.2764423076923077 0.46634615384615385 0.0625 0.057692307692307696
0 0.2824519230769231 0.2620192307692308 0.0625 0.08173076923076923
0 0.41466346153846156 0.23918269230769232 0.12740384615384615 0.06009615384615385
0 0.4387019230769231 0.4495192307692308 0.07932692307692307 0.08173076923076923
0 0.3485576923076923 0.38822115384615385 0.11057692307692307 0.057692307692307696
0 0.3641826923076923 0.3161057692307692 0.09134615384615384 0.0625
0 0.3425480769230769 0.3557692307692308 0.07932692307692307 0.038461538461538464
0 0.4387019230769231 0.3701923076923077 0.07932692307692307 0.04326923076923077
0 0.359375 0.35216346153846156 0.2283653846153846 0.27884615384615385
0 0.5637019230769231 0.34615384615384615 0.07451923076923077 0.04807692307692308
0 0.5264423076923077 0.3858173076923077 0.052884615384615384 0.04326923076923077
0 0.5396634615384616 0.4387019230769231 0.06971153846153846 0.0673076923076923
0 0.6117788461538461 0.4735576923076923 0.0625 0.03365384615384615
0 0.5504807692307693 0.4807692307692308 0.09134615384615384 0.019230769230769232
0 0.6069711538461539 0.4338942307692308 0.0625 0.04326923076923077
0 0.5588942307692307 0.41586538461538464 0.04326923076923077 0.038461538461538464
0 0.6069711538461539 0.3858173076923077 0.0625 0.06009615384615385
0 0.6574519230769231 0.38822115384615385 0.057692307692307696 0.057692307692307696
0 0.6995192307692307 0.3858173076923077 0.038461538461538464 0.0673076923076923
0 0.6911057692307693 0.44711538461538464 0.0625 0.040865384615384616
0 0.6778846153846154 0.47596153846153844 0.07932692307692307 0.04326923076923077
0 0.6117788461538461 0.34134615384615385 0.07451923076923077 0.052884615384615384
0 0.5288461538461539 0.2512019230769231 0.057692307692307696 0.038461538461538464
0 0.5552884615384616 0.2776442307692308 0.06971153846153846 0.038461538461538464
0 0.5264423076923077 0.31490384615384615 0.0625 0.04326923076923077
0 0.5985576923076923 0.2980769230769231 0.06971153846153846 0.040865384615384616
0 0.6141826923076923 0.3389423076923077 0.057692307692307696 0.04807692307692308
0 0.609375 0.2620192307692308 0.057692307692307696 0.06009615384615385
0 0.6490384615384616 0.25240384615384615 0.052884615384615384 0.04807692307692308
0 0.6947115384615384 0.24879807692307693 0.057692307692307696 0.057692307692307696
0 0.6887019230769231 0.2824519230769231 0.07932692307692307 0.03365384615384615
0 0.6778846153846154 0.3125 0.07932692307692307 0.040865384615384616
0 0.3629807692307692 0.09735576923076923 0.2403846153846154 0.18990384615384615
0 0.6165865384615384 0.10817307692307693 0.25721153846153844 0.21153846153846154
0 0.8762019230769231 0.09735576923076923 0.24278846153846154 0.18990384615384615