0 0.23798076923076922 0.1502403846153846 0.21634615384615385 0.29086538461538464
0 0.07091346153846154 0.25721153846153844 0.1346153846153846 0.5024038461538461
0 0.12379807692307693 0.16105769230769232 0.11778846153846154 0.3125
0 0.23317307692307693 0.453125 0.21875 0.3269230769230769
0 0.1310096153846154 0.6262019230769231 0.2548076923076923 0.2692307692307692
0 0.12379807692307693 0.8473557692307693 0.2403846153846154 0.21875
0 0.32572115384615385 0.7487980769230769 0.25240384615384615 0.40384615384615385
0 0.4182692307692308 0.5324519230769231 0.15384615384615385 0.27884615384615385
0 0.47115384615384615 0.4375 0.20673076923076922 0.25
0 0.4567307692307692 0.171875 0.21634615384615385 0.3317307692307692
0 0.3641826923076923 0.25721153846153844 0.10336538461538461 0.1875
0 0.6706730769230769 0.22115384615384615 0.25240384615384615 0.37740384615384615
0 0.7103365384615384 0.5324519230769231 0.35096153846153844 0.2692307692307692
0 0.5420673076923077 0.7572115384615384 0.21153846153846154 0.40865384615384615
0 0.7019230769230769 0.7235576923076923 0.15865384615384615 0.18028846153846154
0 0.6598557692307693 0.8822115384615384 0.12740384615384615 0.15865384615384615
0 0.8557692307692307 0.8834134615384616 0.28365384615384615 0.2283653846153846
0 0.8762019230769231 0.703125 0.24278846153846154 0.27163461538461536
0 0.9723557692307693 0.8858173076923077 0.052884615384615384 0.08653846153846154
0 0.9362980769230769 0.42427884615384615 0.12259615384615384 0.2956730769230769
0 0.8713942307692307 0.2536057692307692 0.23076923076923078 0.36778846153846156
0 0.7307692307692307 0.08173076923076923 0.1875 0.15384615384615385
0 0.5841346153846154 0.08413461538461539 0.1201923076923077 0.15865384615384615
0 0.9134615384615384 0.14543269230769232 0.16826923076923078 0.28125