0 0.4266826923076923 0.6286057692307693 0.6346153846153846 0.2548076923076923
0 0.6862980769230769 0.390625 0.37740384615384615 0.28846153846153844
0 0.6826923076923077 0.4074519230769231 0.4807692307692308 0.1971153846153846
0 0.6935096153846154 0.4182692307692308 0.07692307692307693 0.057692307692307696
0 0.6862980769230769 0.36899038461538464 0.08173076923076923 0.04807692307692308
0 0.8329326923076923 0.1814903846153846 0.3317307692307692 0.3557692307692308
0 0.671875 0.054086538461538464 0.21875 0.10096153846153846
0 0.30288461538461536 0.33774038461538464 0.3004807692307692 0.2764423076923077
0 0.11778846153846154 0.3401442307692308 0.07211538461538461 0.0673076923076923
0 0.10096153846153846 0.06490384615384616 0.19230769230769232 0.125
0 0.06610576923076923 0.31490384615384615 0.1201923076923077 0.1778846153846154
0 0.027644230769230768 0.4891826923076923 0.04326923076923077 0.11298076923076923
0 0.10697115384615384 0.6947115384615384 0.20192307692307693 0.24759615384615385
0 0.8701923076923077 0.5324519230769231 0.2548076923076923 0.25240384615384615
0 0.9627403846153846 0.6983173076923077 0.06971153846153846 0.10336538461538461
0 0.765625 0.7728365384615384 0.35096153846153844 0.24519230769230768
0 0.49158653846153844 0.8713942307692307 0.21875 0.23076923076923078
0 0.3137019230769231 0.9603365384615384 0.27163461538461536 0.07451923076923077
0 0.22355769230769232 0.8725961538461539 0.3076923076923077 0.18269230769230768
0 0.030048076923076924 0.9615384615384616 0.04807692307692308 0.04807692307692308
0 0.06850961538461539 0.9543269230769231 0.08173076923076923 0.052884615384615384
0 0.036057692307692304 0.8870192307692307 0.04807692307692308 0.06490384615384616
0 0.6670673076923077 0.9675480769230769 0.2764423076923077 0.06009615384615385
0 0.8954326923076923 0.9435096153846154 0.2091346153846154 0.10817307692307693
0 0.9627403846153846 0.8353365384615384 0.06971153846153846 0.12259615384615384
2 0.47836538461538464 0.1346153846153846 0.34375 0.2620192307692308