0 0.6081730769230769 0.03485576923076923 0.4182692307692308 0.0673076923076923
0 0.3389423076923077 0.0889423076923077 0.6610576923076923 0.17307692307692307
0 0.27884615384615385 0.17908653846153846 0.08653846153846154 0.02403846153846154
0 0.1778846153846154 0.19951923076923078 0.0625 0.038461538461538464
0 0.234375 0.19471153846153846 0.03365384615384615 0.014423076923076924
0 0.11298076923076923 0.2127403846153846 0.06971153846153846 0.02403846153846154
0 0.21754807692307693 0.23918269230769232 0.06971153846153846 0.028846153846153848
0 0.04326923076923077 0.21995192307692307 0.06971153846153846 0.02403846153846154
0 0.039663461538461536 0.18028846153846154 0.0625 0.036057692307692304
0 0.5961538461538461 0.2091346153846154 0.3389423076923077 0.0985576923076923
0 0.44350961538461536 0.2860576923076923 0.38221153846153844 0.0673076923076923
0 0.22115384615384615 0.2608173076923077 0.42788461538461536 0.17307692307692307
0 0.4387019230769231 0.4182692307692308 0.375 0.11057692307692307
0 0.33533653846153844 0.3737980769230769 0.6538461538461539 0.11538461538461539
0 0.33533653846153844 0.4639423076923077 0.0625 0.019230769230769232
0 0.3389423076923077 0.47836538461538464 0.052884615384615384 0.009615384615384616
0 0.2692307692307692 0.484375 0.052884615384615384 0.019230769230769232
0 0.29086538461538464 0.4387019230769231 0.04326923076923077 0.02403846153846154
0 0.2127403846153846 0.4326923076923077 0.04326923076923077 0.009615384615384616
0 0.11298076923076923 0.4375 0.052884615384615384 0.009615384615384616
0 0.1310096153846154 0.4543269230769231 0.06971153846153846 0.014423076923076924
0 0.1346153846153846 0.4723557692307692 0.0625 0.019230769230769232
0 0.19951923076923078 0.4831730769230769 0.03365384615384615 0.014423076923076924
0 0.03485576923076923 0.4807692307692308 0.052884615384615384 0.02403846153846154
0 0.051682692307692304 0.45913461538461536 0.052884615384615384 0.02403846153846154
0 0.039663461538461536 0.42908653846153844 0.0625 0.02403846153846154
0 0.18269230769230768 0.5324519230769231 0.34615384615384615 0.09134615384615384
0 0.48677884615384615 0.5012019230769231 0.19230769230769232 0.03365384615384615
0 0.5048076923076923 0.5396634615384616 0.1201923076923077 0.04326923076923077
0 0.3605769230769231 0.5096153846153846 0.14903846153846154 0.0625
0 0.5865384615384616 0.5793269230769231 0.3389423076923077 0.057692307692307696
0 0.40865384615384615 0.6358173076923077 0.47115384615384615 0.16826923076923078
0 0.18269230769230768 0.6322115384615384 0.34615384615384615 0.14182692307692307
0 0.12139423076923077 0.6838942307692307 0.06971153846153846 0.021634615384615384
0 0.16947115384615385 0.7067307692307693 0.0625 0.019230769230769232
0 0.1045673076923077 0.7223557692307693 0.03365384615384615 0.009615384615384616
0 0.17427884615384615 0.7536057692307693 0.3317307692307692 0.09134615384615384
0 0.32211538461538464 0.7247596153846154 0.1201923076923077 0.014423076923076924
0 0.5348557692307693 0.6935096153846154 0.3557692307692308 0.125
0 0.5516826923076923 0.8076923076923077 0.375 0.13701923076923078
0 0.6478365384615384 0.8725961538461539 0.12980769230769232 0.040865384615384616
0 0.5060096153846154 0.9423076923076923 0.5745192307692307 0.11057692307692307
0 0.13221153846153846 0.9591346153846154 0.25 0.07692307692307693
0 0.15264423076923078 0.8942307692307693 0.2692307692307692 0.04326923076923077
0 0.33052884615384615 0.828125 0.43509615384615385 0.10817307692307693
0 0.3473557692307692 0.8497596153846154 0.052884615384615384 0.019230769230769232
0 0.3954326923076923 0.8677884615384616 0.04326923076923077 0.019230769230769232
0 0.3389423076923077 0.8737980769230769 0.052884615384615384 0.021634615384615384
0 0.34375 0.9002403846153846 0.04326923076923077 0.021634615384615384