0 0.6117788461538461 0.8774038461538461 0.18028846153846154 0.11057692307692307
0 0.859375 0.8942307692307693 0.1971153846153846 0.12259615384615384
0 0.8665865384615384 0.09495192307692307 0.17067307692307693 0.10096153846153846
0 0.15745192307692307 0.5336538461538461 0.14423076923076922 0.09134615384615384
0 0.12980769230769232 0.3233173076923077 0.1346153846153846 0.08653846153846154
0 0.18870192307692307 0.2692307692307692 0.09134615384615384 0.07451923076923077
0 0.2920673076923077 0.26322115384615385 0.12740384615384615 0.08653846153846154
0 0.26322115384615385 0.057692307692307696 0.12259615384615384 0.07692307692307693
0 0.4543269230769231 0.2932692307692308 0.11057692307692307 0.07211538461538461
0 0.4675480769230769 0.36538461538461536 0.12740384615384615 0.10576923076923077
0 0.48677884615384615 0.4423076923076923 0.14423076923076922 0.10817307692307693
0 0.5396634615384616 0.5192307692307693 0.16346153846153846 0.1201923076923077
0 0.5985576923076923 0.6021634615384616 0.16346153846153846 0.11538461538461539
0 0.6862980769230769 0.6682692307692307 0.14903846153846154 0.10576923076923077
0 0.7824519230769231 0.7091346153846154 0.11538461538461539 0.08173076923076923
0 0.6778846153846154 0.46274038461538464 0.5697115384615384 0.6778846153846154
0 0.47596153846153844 0.5576923076923077 0.75 0.5865384615384616