0 0.4795673076923077 0.5841346153846154 0.16826923076923078 0.24519230769230768
0 0.3137019230769231 0.6225961538461539 0.21634615384615385 0.15865384615384615
0 0.2127403846153846 0.6935096153846154 0.14182692307692307 0.10576923076923077
0 0.13822115384615385 0.7956730769230769 0.20432692307692307 0.1346153846153846
0 0.11538461538461539 0.9086538461538461 0.21394230769230768 0.11057692307692307
0 0.28725961538461536 0.7980769230769231 0.15625 0.2091346153846154
0 0.2956730769230769 0.9338942307692307 0.13942307692307693 0.10576923076923077
0 0.17307692307692307 0.9651442307692307 0.14423076923076922 0.06490384615384616
0 0.04447115384615385 0.9675480769230769 0.08413461538461539 0.06009615384615385
0 0.3894230769230769 0.7776442307692307 0.21875 0.1971153846153846
0 0.7151442307692307 0.8401442307692307 0.5649038461538461 0.31490384615384615
0 0.7824519230769231 0.7740384615384616 0.43028846153846156 0.3798076923076923
0 0.14903846153846154 0.28725961538461536 0.09375 0.1201923076923077
0 0.07572115384615384 0.18629807692307693 0.10817307692307693 0.125
0 0.17307692307692307 0.1622596153846154 0.0889423076923077 0.10096153846153846
0 0.15985576923076922 0.057692307692307696 0.0889423076923077 0.10576923076923077
0 0.25961538461538464 0.055288461538461536 0.11057692307692307 0.10336538461538461
0 0.36899038461538464 0.08413461538461539 0.125 0.14182692307692307
0 0.46274038461538464 0.15745192307692307 0.09615384615384616 0.11057692307692307
0 0.5072115384615384 0.46634615384615385 0.30288461538461536 0.2932692307692308
0 0.6778846153846154 0.46875 0.12980769230769232 0.3076923076923077
0 0.7307692307692307 0.4735576923076923 0.09375 0.34134615384615385
0 0.5396634615384616 0.41346153846153844 0.19230769230769232 0.2403846153846154
0 0.4182692307692308 0.43990384615384615 0.1346153846153846 0.125
0 0.8810096153846154 0.578125 0.23317307692307693 0.30528846153846156
0 0.6598557692307693 0.24278846153846154 0.5120192307692307 0.47596153846153844
0 0.578125 0.21514423076923078 0.1346153846153846 0.1201923076923077
0 0.48197115384615385 0.24639423076923078 0.11057692307692307 0.10096153846153846
0 0.35336538461538464 0.21995192307692307 0.12980769230769232 0.13942307692307693
0 0.23798076923076922 0.27163461538461536 0.11057692307692307 0.0889423076923077
0 0.24639423076923078 0.18870192307692307 0.12980769230769232 0.08413461538461539
0 0.18269230769230768 0.5913461538461539 0.3557692307692308 0.47115384615384615
0 0.17548076923076922 0.5492788461538461 0.34134615384615385 0.4326923076923077
0 0.078125 0.47596153846153844 0.09375 0.09615384615384616
0 0.020432692307692308 0.49759615384615385 0.03125 0.10576923076923077
0 0.039663461538461536 0.5709134615384616 0.07211538461538461 0.10096153846153846
0 0.026442307692307692 0.40024038461538464 0.04567307692307692 0.0889423076923077
0 0.08413461538461539 0.3605769230769231 0.11538461538461539 0.09615384615384616
0 0.021634615384615384 0.2956730769230769 0.036057692307692304 0.09375