0 0.9771634615384616 0.025240384615384616 0.040865384615384616 0.05048076923076923
0 0.9543269230769231 0.06850961538461539 0.08653846153846154 0.10336538461538461
0 0.9471153846153846 0.1622596153846154 0.10096153846153846 0.09375
0 0.9579326923076923 0.25 0.07932692307692307 0.08173076923076923
0 0.9627403846153846 0.3004807692307692 0.06971153846153846 0.052884615384615384
0 0.9819711538461539 0.36177884615384615 0.03125 0.06971153846153846
0 0.9350961538461539 0.41586538461538464 0.125 0.0673076923076923
0 0.9002403846153846 0.4362980769230769 0.19471153846153846 0.10817307692307693
0 0.8557692307692307 0.5096153846153846 0.24519230769230768 0.09615384615384616
0 0.6418269230769231 0.6358173076923077 0.14903846153846154 0.10576923076923077
0 0.890625 0.057692307692307696 0.08653846153846154 0.11538461538461539
0 0.8329326923076923 0.12740384615384615 0.11538461538461539 0.10817307692307693
0 0.8822115384615384 0.2247596153846154 0.08173076923076923 0.11538461538461539
0 0.8365384615384616 0.24639423076923078 0.11057692307692307 0.07932692307692307
0 0.7764423076923077 0.2776442307692308 0.1201923076923077 0.08173076923076923
0 0.7163461538461539 0.03485576923076923 0.1201923076923077 0.0673076923076923
0 0.7572115384615384 0.08533653846153846 0.08173076923076923 0.08173076923076923
0 0.8197115384615384 0.036057692307692304 0.07692307692307693 0.05048076923076923
0 0.8137019230769231 0.010817307692307692 0.0985576923076923 0.021634615384615384
0 0.6971153846153846 0.18509615384615385 0.13701923076923078 0.09375
0 0.6478365384615384 0.28966346153846156 0.13701923076923078 0.09375
0 0.5709134615384616 0.36778846153846156 0.11538461538461539 0.08173076923076923
0 0.671875 0.38221153846153844 0.11057692307692307 0.07692307692307693
0 0.7079326923076923 0.35336538461538464 0.13701923076923078 0.09134615384615384
0 0.8088942307692307 0.34615384615384615 0.0673076923076923 0.0673076923076923
0 0.71875 0.1346153846153846 0.08173076923076923 0.036057692307692304
0 0.6442307692307693 0.025240384615384616 0.04326923076923077 0.05048076923076923
0 0.6634615384615384 0.06490384615384616 0.07211538461538461 0.057692307692307696
0 0.5925480769230769 0.11778846153846154 0.14903846153846154 0.1201923076923077
0 0.5625 0.03485576923076923 0.12980769230769232 0.0673076923076923
0 0.5685096153846154 0.21514423076923078 0.14182692307692307 0.09134615384615384
0 0.5168269230769231 0.2860576923076923 0.14903846153846154 0.09375
0 0.5793269230769231 0.4495192307692308 0.12980769230769232 0.07932692307692307
0 0.6694711538461539 0.48197115384615385 0.08173076923076923 0.08653846153846154
0 0.7487980769230769 0.44350961538461536 0.11057692307692307 0.11057692307692307
0 0.6586538461538461 0.5600961538461539 0.125 0.07692307692307693
0 0.5733173076923077 0.5252403846153846 0.11057692307692307 0.07211538461538461
0 0.5540865384615384 0.5637019230769231 0.07211538461538461 0.04807692307692308
0 0.4807692307692308 0.5612980769230769 0.08653846153846154 0.057692307692307696
0 0.45913461538461536 0.5276442307692307 0.1201923076923077 0.0673076923076923
0 0.36899038461538464 0.5576923076923077 0.10336538461538461 0.07211538461538461
0 0.4182692307692308 0.5889423076923077 0.07211538461538461 0.038461538461538464
0 0.2920673076923077 0.5288461538461539 0.10336538461538461 0.057692307692307696
0 0.3581730769230769 0.4963942307692308 0.13701923076923078 0.057692307692307696
0 0.2512019230769231 0.4675480769230769 0.12980769230769232 0.07932692307692307
0 0.3629807692307692 0.43990384615384615 0.125 0.07692307692307693
0 0.4639423076923077 0.4651442307692308 0.0985576923076923 0.052884615384615384
0 0.46153846153846156 0.39663461538461536 0.13701923076923078 0.09615384615384616
0 0.33653846153846156 0.36899038461538464 0.15865384615384615 0.07932692307692307
0 0.24639423076923078 0.3918269230769231 0.1201923076923077 0.06490384615384616
0 0.234375 0.3112980769230769 0.1875 0.10096153846153846
0 0.39302884615384615 0.3076923076923077 0.15384615384615385 0.07932692307692307
0 0.3557692307692308 0.23317307692307693 0.14182692307692307 0.07692307692307693
0 0.41225961538461536 0.19951923076923078 0.14903846153846154 0.12980769230769232
0 0.453125 0.12259615384615384 0.15384615384615385 0.14423076923076922
0 0.4423076923076923 0.028846153846153848 0.12980769230769232 0.057692307692307696
0 0.34375 0.06009615384615385 0.15384615384615385 0.1201923076923077
0 0.30649038461538464 0.1466346153846154 0.0985576923076923 0.09134615384615384
0 0.24879807692307693 0.20793269230769232 0.11538461538461539 0.11057692307692307
0 0.2403846153846154 0.11057692307692307 0.0985576923076923 0.1346153846153846