0 0.8629807692307693 0.7295673076923077 0.2620192307692308 0.08413461538461539
0 0.8028846153846154 0.7632211538461539 0.25 0.11538461538461539
0 0.6177884615384616 0.7151442307692307 0.04326923076923077 0.03365384615384615
0 0.6502403846153846 0.6875 0.052884615384615384 0.028846153846153848
0 0.65625 0.6622596153846154 0.04326923076923077 0.036057692307692304
0 0.5961538461538461 0.6778846153846154 0.052884615384615384 0.04807692307692308
0 0.6141826923076923 0.6394230769230769 0.06009615384615385 0.036057692307692304
0 0.6586538461538461 0.6213942307692307 0.038461538461538464 0.036057692307692304
0 0.5540865384615384 0.6442307692307693 0.07211538461538461 0.036057692307692304
0 0.5360576923076923 0.6658653846153846 0.052884615384615384 0.028846153846153848
0 0.5661057692307693 0.6165865384615384 0.04807692307692308 0.02403846153846154
0 0.6177884615384616 0.6021634615384616 0.0673076923076923 0.03365384615384615
0 0.5709134615384616 0.5889423076923077 0.04807692307692308 0.036057692307692304
0 0.4891826923076923 0.6310096153846154 0.06009615384615385 0.03365384615384615
0 0.5132211538461539 0.5961538461538461 0.0673076923076923 0.04326923076923077
0 0.45072115384615385 0.6021634615384616 0.07211538461538461 0.038461538461538464
0 0.4675480769230769 0.5492788461538461 0.06009615384615385 0.057692307692307696
0 0.5216346153846154 0.5528846153846154 0.04807692307692308 0.04326923076923077
0 0.4266826923076923 0.5637019230769231 0.052884615384615384 0.04326923076923077
0 0.5877403846153846 0.5709134615384616 0.10336538461538461 0.06490384615384616
0 0.6069711538461539 0.5564903846153846 0.0985576923076923 0.06490384615384616
0 0.6310096153846154 0.5564903846153846 0.08173076923076923 0.08173076923076923
0 0.7680288461538461 0.5673076923076923 0.27884615384615385 0.09615384615384616
0 0.7920673076923077 0.5180288461538461 0.0673076923076923 0.09134615384615384
0 0.9014423076923077 0.5456730769230769 0.16346153846153846 0.08653846153846154
0 0.8737980769230769 0.5 0.052884615384615384 0.02403846153846154
0 0.9723557692307693 0.47115384615384615 0.04326923076923077 0.038461538461538464
0 0.9759615384615384 0.4387019230769231 0.038461538461538464 0.04807692307692308
0 0.9831730769230769 0.39783653846153844 0.021634615384615384 0.02403846153846154
0 0.9266826923076923 0.44350961538461536 0.04807692307692308 0.014423076923076924
0 0.9290865384615384 0.4230769230769231 0.052884615384615384 0.019230769230769232
0 0.9567307692307693 0.40865384615384615 0.0673076923076923 0.02403846153846154
0 0.65625 0.43509615384615385 0.25 0.11298076923076923
0 0.8557692307692307 0.4495192307692308 0.18028846153846154 0.03365384615384615
0 0.8713942307692307 0.41225961538461536 0.08173076923076923 0.02403846153846154
0 0.78125 0.4230769230769231 0.0673076923076923 0.019230769230769232
0 0.7836538461538461 0.39783653846153844 0.06009615384615385 0.02403846153846154
0 0.9314903846153846 0.3641826923076923 0.125 0.06490384615384616
0 0.828125 0.3485576923076923 0.125 0.057692307692307696
0 0.7463942307692307 0.33052884615384615 0.13701923076923078 0.04326923076923077
0 0.6935096153846154 0.27403846153846156 0.1875 0.0985576923076923
0 0.8088942307692307 0.24519230769230768 0.0985576923076923 0.04807692307692308
0 0.8064903846153846 0.28365384615384615 0.06009615384615385 0.036057692307692304
0 0.8605769230769231 0.29447115384615385 0.07211538461538461 0.036057692307692304
0 0.9338942307692307 0.2800480769230769 0.0673076923076923 0.04326923076923077
0 0.9314903846153846 0.3088942307692308 0.07211538461538461 0.028846153846153848
0 0.9807692307692307 0.3004807692307692 0.028846153846153848 0.0625
0 0.9723557692307693 0.25841346153846156 0.04326923076923077 0.05048076923076923
0 0.9290865384615384 0.24158653846153846 0.07692307692307693 0.03365384615384615
0 0.8882211538461539 0.265625 0.09134615384615384 0.028846153846153848
0 0.8629807692307693 0.22235576923076922 0.08653846153846154 0.04326923076923077
0 0.9423076923076923 0.19471153846153846 0.10336538461538461 0.08413461538461539
0 0.6826923076923077 0.17427884615384615 0.3942307692307692 0.11538461538461539
0 0.9483173076923077 0.06850961538461539 0.09134615384615384 0.12980769230769232
0 0.7872596153846154 0.0673076923076923 0.21875 0.12740384615384615
0 0.5793269230769231 0.07451923076923077 0.23076923076923078 0.14182692307692307
0 0.39663461538461536 0.21033653846153846 0.24519230769230768 0.13942307692307693
0 0.14182692307692307 0.21033653846153846 0.28365384615384615 0.15865384615384615
0 0.23557692307692307 0.07451923076923077 0.47115384615384615 0.14423076923076922
0 0.18269230769230768 0.6706730769230769 0.22355769230769232 0.03365384615384615
0 0.22115384615384615 0.6394230769230769 0.28846153846153844 0.04326923076923077
0 0.2127403846153846 0.6274038461538461 0.2956730769230769 0.04807692307692308
0 0.22355769230769232 0.6021634615384616 0.3076923076923077 0.052884615384615384
0 0.38221153846153844 0.6141826923076923 0.0673076923076923 0.021634615384615384
0 0.23197115384615385 0.296875 0.11538461538461539 0.038461538461538464
0 0.25721153846153844 0.265625 0.0985576923076923 0.04326923076923077
0 0.2127403846153846 0.31971153846153844 0.08653846153846154 0.036057692307692304
0 0.11778846153846154 0.33052884615384615 0.09134615384615384 0.04326923076923077
0 0.12860576923076922 0.3016826923076923 0.08173076923076923 0.04326923076923077
0 0.03365384615384615 0.31490384615384615 0.0673076923076923 0.04326923076923077
0 0.038461538461538464 0.2776442307692308 0.0673076923076923 0.052884615384615384
0 0.040865384615384616 0.35216346153846156 0.08173076923076923 0.057692307692307696
0 0.13701923076923078 0.375 0.11057692307692307 0.07211538461538461
0 0.057692307692307696 0.40865384615384615 0.08173076923076923 0.052884615384615384
0 0.08413461538461539 0.453125 0.15865384615384615 0.09134615384615384
0 0.3737980769230769 0.46153846153846156 0.15865384615384615 0.05048076923076923
0 0.41586538461538464 0.4579326923076923 0.15384615384615385 0.05048076923076923
0 0.41225961538461536 0.3449519230769231 0.15865384615384615 0.05048076923076923
0 0.45913461538461536 0.32211538461538464 0.15384615384615385 0.03365384615384615
0 0.4423076923076923 0.3894230769230769 0.1201923076923077 0.05048076923076923
0 0.38221153846153844 0.4963942307692308 0.2403846153846154 0.07692307692307693
0 0.2536057692307692 0.4050480769230769 0.125 0.09134615384615384
0 0.22956730769230768 0.4182692307692308 0.0985576923076923 0.07211538461538461
0 0.2127403846153846 0.43990384615384615 0.0985576923076923 0.06490384615384616
0 0.21634615384615385 0.45072115384615385 0.13701923076923078 0.05048076923076923
0 0.3112980769230769 0.3858173076923077 0.16346153846153846 0.11057692307692307
0 0.25721153846153844 0.48677884615384615 0.07692307692307693 0.036057692307692304
0 0.3173076923076923 0.5204326923076923 0.0673076923076923 0.04326923076923077
0 0.2512019230769231 0.5348557692307693 0.07692307692307693 0.04326923076923077
0 0.1971153846153846 0.5492788461538461 0.052884615384615384 0.04326923076923077
0 0.19951923076923078 0.5036057692307693 0.06009615384615385 0.04807692307692308
0 0.10096153846153846 0.53125 0.16826923076923078 0.08653846153846154
0 0.2704326923076923 0.5805288461538461 0.07211538461538461 0.03365384615384615
0 0.20192307692307693 0.5769230769230769 0.04326923076923077 0.02403846153846154
0 0.16346153846153846 0.5925480769230769 0.0673076923076923 0.021634615384615384
0 0.10697115384615384 0.5889423076923077 0.07211538461538461 0.028846153846153848
0 0.34134615384615385 0.5540865384615384 0.04807692307692308 0.03365384615384615