0 0.18509615384615385 0.5288461538461539 0.31971153846153844 0.19230769230769232
0 0.23918269230769232 0.4326923076923077 0.20192307692307693 0.09134615384615384
0 0.4639423076923077 0.3858173076923077 0.28846153846153844 0.20673076923076922
0 0.5612980769230769 0.22355769230769232 0.23557692307692307 0.15384615384615385
0 0.765625 0.41947115384615385 0.10817307692307693 0.1346153846153846
0 0.7007211538461539 0.24879807692307693 0.16346153846153846 0.03365384615384615
0 0.7247596153846154 0.7163461538461539 0.09615384615384616 0.2980769230769231
0 0.6394230769230769 0.6021634615384616 0.47596153846153844 0.0625
0 0.515625 0.4831730769230769 0.1346153846153846 0.6730769230769231
0 0.3786057692307692 0.5348557692307693 0.1201923076923077 0.5528846153846154
0 0.6887019230769231 0.4495192307692308 0.19230769230769232 0.7379807692307693