0 0.9435096153846154 0.8918269230769231 0.10576923076923077 0.20673076923076922
0 0.7800480769230769 0.6189903846153846 0.4326923076923077 0.38221153846153844
0 0.7259615384615384 0.7271634615384616 0.20192307692307693 0.1971153846153846
0 0.8653846153846154 0.8870192307692307 0.09134615384615384 0.15384615384615385
0 0.8557692307692307 0.9711538461538461 0.057692307692307696 0.04807692307692308
0 0.7740384615384616 0.9230769230769231 0.10576923076923077 0.1346153846153846
0 0.7295673076923077 0.9350961538461539 0.06971153846153846 0.1201923076923077
0 0.7355769230769231 0.6574519230769231 0.34375 0.4495192307692308
0 0.5925480769230769 0.7451923076923077 0.10576923076923077 0.14903846153846154
0 0.6754807692307693 0.6129807692307693 0.13942307692307693 0.18509615384615385
0 0.8245192307692307 0.6574519230769231 0.0889423076923077 0.10817307692307693
0 0.6274038461538461 0.5048076923076923 0.0889423076923077 0.10336538461538461
0 0.7764423076923077 0.47115384615384615 0.21634615384615385 0.27403846153846156
0 0.9302884615384616 0.5925480769230769 0.12980769230769232 0.24759615384615385
0 0.9134615384615384 0.35336538461538464 0.1658653846153846 0.22115384615384615
0 0.9074519230769231 0.12740384615384615 0.18028846153846154 0.25
0 0.8028846153846154 0.22115384615384615 0.1778846153846154 0.24759615384615385
0 0.6298076923076923 0.3016826923076923 0.18509615384615385 0.24278846153846154
0 0.33533653846153844 0.7319711538461539 0.17067307692307693 0.25721153846153844
0 0.3942307692307692 0.8762019230769231 0.06971153846153846 0.125
0 0.4266826923076923 0.9254807692307693 0.05048076923076923 0.07692307692307693
0 0.4170673076923077 0.9747596153846154 0.04807692307692308 0.040865384615384616
0 0.36658653846153844 0.9711538461538461 0.04807692307692308 0.04807692307692308
0 0.33052884615384615 0.9326923076923077 0.057692307692307696 0.10336538461538461
0 0.296875 0.9206730769230769 0.055288461538461536 0.10817307692307693
0 0.2704326923076923 0.9771634615384616 0.06971153846153846 0.036057692307692304
0 0.32211538461538464 0.984375 0.05048076923076923 0.019230769230769232
0 0.18389423076923078 0.8737980769230769 0.18990384615384615 0.24278846153846154
0 0.056490384615384616 0.8605769230769231 0.07451923076923077 0.10336538461538461
0 0.0733173076923077 0.9567307692307693 0.14182692307692307 0.08173076923076923
0 0.21995192307692307 0.7067307692307693 0.10817307692307693 0.125
0 0.19471153846153846 0.5408653846153846 0.17548076923076922 0.22596153846153846
0 0.3112980769230769 0.3245192307692308 0.1658653846153846 0.3076923076923077
0 0.4483173076923077 0.22115384615384615 0.1778846153846154 0.22596153846153846
0 0.46274038461538464 0.04927884615384615 0.1778846153846154 0.09615384615384616
0 0.5168269230769231 0.11538461538461539 0.04807692307692308 0.0673076923076923
0 0.5661057692307693 0.10576923076923077 0.05048076923076923 0.0673076923076923
0 0.5709134615384616 0.15745192307692307 0.052884615384615384 0.0673076923076923
0 0.6153846153846154 0.15745192307692307 0.036057692307692304 0.057692307692307696
0 0.6442307692307693 0.13942307692307693 0.052884615384615384 0.08173076923076923
0 0.6911057692307693 0.11538461538461539 0.052884615384615384 0.08653846153846154
0 0.7067307692307693 0.1778846153846154 0.052884615384615384 0.07692307692307693
0 0.7415865384615384 0.11899038461538461 0.0625 0.07211538461538461
0 0.7379807692307693 0.06129807692307692 0.06971153846153846 0.07211538461538461
0 0.7956730769230769 0.06129807692307692 0.04807692307692308 0.08413461538461539
0 0.8353365384615384 0.09014423076923077 0.03365384615384615 0.04807692307692308
0 0.828125 0.037259615384615384 0.08413461538461539 0.06971153846153846
0 0.8677884615384616 0.019230769230769232 0.07211538461538461 0.03365384615384615
0 0.9194711538461539 0.009615384615384616 0.040865384615384616 0.014423076923076924
0 0.9483173076923077 0.025240384615384616 0.055288461538461536 0.04567307692307692
0 0.7560096153846154 0.016826923076923076 0.040865384615384616 0.028846153846153848
0 0.7223557692307693 0.016826923076923076 0.040865384615384616 0.028846153846153848
0 0.6814903846153846 0.03125 0.0673076923076923 0.0625
0 0.6526442307692307 0.06490384615384616 0.07692307692307693 0.0673076923076923
0 0.6153846153846154 0.09735576923076923 0.05048076923076923 0.052884615384615384
0 0.6009615384615384 0.054086538461538464 0.04326923076923077 0.04807692307692308
0 0.5600961538461539 0.04927884615384615 0.038461538461538464 0.057692307692307696
0 0.6334134615384616 0.016826923076923076 0.06009615384615385 0.028846153846153848
0 0.5793269230769231 0.010817307692307692 0.04807692307692308 0.019230769230769232
0 0.28725961538461536 0.10096153846153846 0.1971153846153846 0.20192307692307693
0 0.18870192307692307 0.23918269230769232 0.13221153846153846 0.18028846153846154
0 0.16466346153846154 0.31971153846153844 0.14423076923076922 0.21634615384615385
0 0.09975961538461539 0.8149038461538461 0.19471153846153846 0.32211538461538464
0 0.4735576923076923 0.9615384615384616 0.09615384615384616 0.0673076923076923
0 0.078125 0.27283653846153844 0.15144230769230768 0.1466346153846154
0 0.07932692307692307 0.15985576923076922 0.08173076923076923 0.10336538461538461
0 0.13701923076923078 0.1622596153846154 0.04326923076923077 0.057692307692307696
0 0.17427884615384615 0.12620192307692307 0.038461538461538464 0.04807692307692308
0 0.026442307692307692 0.14423076923076922 0.04807692307692308 0.11538461538461539
0 0.09975961538461539 0.06610576923076923 0.19471153846153846 0.12740384615384615
0 0.125 0.42788461538461536 0.0673076923076923 0.07211538461538461
0 0.09014423076923077 0.36899038461538464 0.057692307692307696 0.0673076923076923
0 0.1310096153846154 0.35336538461538464 0.038461538461538464 0.036057692307692304
0 0.026442307692307692 0.3269230769230769 0.04807692307692308 0.04807692307692308
0 0.03485576923076923 0.3798076923076923 0.06490384615384616 0.0673076923076923
0 0.0673076923076923 0.4387019230769231 0.09615384615384616 0.07211538461538461
0 0.046875 0.484375 0.08653846153846154 0.07211538461538461
0 0.09495192307692307 0.5 0.04326923076923077 0.0625
0 0.08533653846153846 0.546875 0.04807692307692308 0.03125
0 0.042067307692307696 0.5516826923076923 0.0625 0.08173076923076923
0 0.09254807692307693 0.6009615384615384 0.06971153846153846 0.0673076923076923
0 0.1045673076923077 0.6574519230769231 0.03125 0.04807692307692308
0 0.057692307692307696 0.6574519230769231 0.0625 0.09615384615384616
0 0.020432692307692308 0.6754807692307693 0.036057692307692304 0.0625
0 0.05048076923076923 0.7391826923076923 0.055288461538461536 0.0673076923076923
0 0.014423076923076924 0.7524038461538461 0.02403846153846154 0.11538461538461539
0 0.019230769230769232 0.609375 0.03365384615384615 0.09375
0 0.010817307692307692 0.53125 0.016826923076923076 0.08653846153846154
0 0.007211538461538462 0.45913461538461536 0.009615384615384616 0.0625
0 0.4963942307692308 0.9278846153846154 0.03365384615384615 0.0625
0 0.46875 0.8918269230769231 0.04326923076923077 0.0625
0 0.5 0.8581730769230769 0.04326923076923077 0.0673076923076923
0 0.5288461538461539 0.8197115384615384 0.03125 0.052884615384615384
0 0.5264423076923077 0.7728365384615384 0.036057692307692304 0.040865384615384616
0 0.4807692307692308 0.7884615384615384 0.05048076923076923 0.0625
0 0.45913461538461536 0.8293269230769231 0.03125 0.040865384615384616
0 0.4362980769230769 0.7992788461538461 0.03125 0.040865384615384616
0 0.4519230769230769 0.7632211538461539 0.03125 0.040865384615384616
0 0.4879807692307692 0.7295673076923077 0.05048076923076923 0.057692307692307696
0 0.5252403846153846 0.71875 0.038461538461538464 0.04807692307692308
0 0.5480769230769231 0.7211538461538461 0.02403846153846154 0.040865384615384616
0 0.4423076923076923 0.7211538461538461 0.03365384615384615 0.0625
0 0.45913461538461536 0.6646634615384616 0.038461538461538464 0.052884615384615384
0 0.49038461538461536 0.6850961538461539 0.02403846153846154 0.019230769230769232
0 0.49399038461538464 0.6346153846153846 0.04807692307692308 0.0625
0 0.5264423076923077 0.6670673076923077 0.04326923076923077 0.057692307692307696
0 0.5516826923076923 0.6310096153846154 0.04807692307692308 0.0673076923076923
0 0.45552884615384615 0.6129807692307693 0.038461538461538464 0.052884615384615384
0 0.47115384615384615 0.5649038461538461 0.038461538461538464 0.057692307692307696
0 0.5060096153846154 0.5721153846153846 0.038461538461538464 0.052884615384615384
0 0.5408653846153846 0.5612980769230769 0.038461538461538464 0.0625
0 0.5793269230769231 0.5048076923076923 0.038461538461538464 0.07211538461538461
0 0.5540865384615384 0.48677884615384615 0.03365384615384615 0.0673076923076923
0 0.5516826923076923 0.43028846153846156 0.03125 0.04807692307692308
0 0.5288461538461539 0.3786057692307692 0.04807692307692308 0.04807692307692308
0 0.47115384615384615 0.3473557692307692 0.0625 0.057692307692307696
0 0.41346153846153844 0.35096153846153844 0.038461538461538464 0.040865384615384616
0 0.4807692307692308 0.3942307692307692 0.05048076923076923 0.057692307692307696
0 0.5168269230769231 0.42788461538461536 0.04807692307692308 0.052884615384615384
0 0.5120192307692307 0.5 0.05048076923076923 0.07211538461538461
0 0.4651442307692308 0.5072115384615384 0.03365384615384615 0.04807692307692308
0 0.47115384615384615 0.4567307692307692 0.038461538461538464 0.04807692307692308
0 0.43990384615384615 0.41466346153846156 0.038461538461538464 0.057692307692307696
0 0.4110576923076923 0.4026442307692308 0.04326923076923077 0.040865384615384616
0 0.3786057692307692 0.43028846153846156 0.03125 0.04807692307692308
0 0.41947115384615385 0.4567307692307692 0.04326923076923077 0.04807692307692308
0 0.4326923076923077 0.4951923076923077 0.038461538461538464 0.040865384615384616
0 0.3798076923076923 0.484375 0.057692307692307696 0.0625
0 0.4338942307692308 0.5516826923076923 0.04326923076923077 0.052884615384615384
0 0.4170673076923077 0.5877403846153846 0.038461538461538464 0.052884615384615384
0 0.41346153846153844 0.6310096153846154 0.04807692307692308 0.057692307692307696
0 0.3786057692307692 0.5949519230769231 0.03125 0.04807692307692308
0 0.3894230769230769 0.546875 0.038461538461538464 0.052884615384615384
0 0.3473557692307692 0.5564903846153846 0.04807692307692308 0.0625
0 0.3317307692307692 0.5 0.052884615384615384 0.052884615384615384
0 0.30649038461538464 0.5432692307692307 0.04326923076923077 0.0673076923076923