0 0.6033653846153846 0.484375 0.07211538461538461 0.08653846153846154
0 0.7091346153846154 0.45913461538461536 0.08413461538461539 0.036057692307692304
0 0.7764423076923077 0.5 0.08173076923076923 0.04807692307692308
0 0.7055288461538461 0.6430288461538461 0.3894230769230769 0.4879807692307692
0 0.6346153846153846 0.8269230769230769 0.057692307692307696 0.08653846153846154
0 0.5384615384615384 0.5564903846153846 0.07211538461538461 0.0673076923076923
0 0.5288461538461539 0.5 0.0625 0.07692307692307693
0 0.49038461538461536 0.7283653846153846 0.24519230769230768 0.30528846153846156
0 0.4170673076923077 0.23798076923076922 0.06971153846153846 0.07211538461538461
0 0.38100961538461536 0.44591346153846156 0.25721153846153844 0.34134615384615385
0 0.21995192307692307 0.6189903846153846 0.28846153846153844 0.5649038461538461