0 0.5492788461538461 0.2980769230769231 0.2692307692307692 0.27884615384615385
0 0.8125 0.41586538461538464 0.23557692307692307 0.2956730769230769
0 0.6730769230769231 0.5492788461538461 0.20192307692307693 0.3557692307692308
0 0.609375 0.41586538461538464 0.14182692307692307 0.16346153846153846
0 0.49278846153846156 0.47596153846153844 0.19230769230769232 0.2620192307692308
0 0.5144230769230769 0.6778846153846154 0.15625 0.2403846153846154
0 0.42908653846153844 0.5661057692307693 0.06490384615384616 0.10336538461538461
0 0.3485576923076923 0.6310096153846154 0.20192307692307693 0.28846153846153844
0 0.35096153846153844 0.3629807692307692 0.1778846153846154 0.3004807692307692
0 0.22956730769230768 0.2980769230769231 0.18990384615384615 0.2692307692307692
0 0.2091346153846154 0.4423076923076923 0.1778846153846154 0.25240384615384615