0 0.7391826923076923 0.9375 0.1971153846153846 0.11538461538461539
0 0.9050480769230769 0.8990384615384616 0.1466346153846154 0.0985576923076923
0 0.8581730769230769 0.8581730769230769 0.12980769230769232 0.08653846153846154
0 0.9050480769230769 0.7776442307692307 0.11538461538461539 0.07211538461538461
0 0.9326923076923077 0.7019230769230769 0.12980769230769232 0.11538461538461539
0 0.7367788461538461 0.7536057692307693 0.09134615384615384 0.04807692307692308
0 0.8209134615384616 0.7067307692307693 0.08653846153846154 0.07692307692307693
0 0.7199519230769231 0.6838942307692307 0.10336538461538461 0.08413461538461539
0 0.7800480769230769 0.6237980769230769 0.125 0.07211538461538461
0 0.8581730769230769 0.6346153846153846 0.08653846153846154 0.07211538461538461
0 0.9483173076923077 0.6165865384615384 0.09134615384615384 0.09615384615384616
0 0.7391826923076923 0.8485576923076923 0.1201923076923077 0.06971153846153846
0 0.7848557692307693 0.7824519230769231 0.11538461538461539 0.0625
0 0.5757211538461539 0.9567307692307693 0.09615384615384616 0.0673076923076923
0 0.6189903846153846 0.8689903846153846 0.12980769230769232 0.0889423076923077
0 0.49399038461538464 0.9759615384615384 0.08653846153846154 0.038461538461538464
0 0.33413461538461536 0.859375 0.5048076923076923 0.27403846153846156
0 0.0733173076923077 0.8353365384615384 0.08173076923076923 0.04326923076923077
0 0.18509615384615385 0.7848557692307693 0.12980769230769232 0.08173076923076923
0 0.45072115384615385 0.6766826923076923 0.20673076923076922 0.17307692307692307
0 0.6141826923076923 0.7524038461538461 0.20673076923076922 0.14423076923076922
0 0.7391826923076923 0.5745192307692307 0.16346153846153846 0.06971153846153846
0 0.8185096153846154 0.5564903846153846 0.09134615384615384 0.0625
0 0.8918269230769231 0.5516826923076923 0.07692307692307693 0.07211538461538461
0 0.9603365384615384 0.578125 0.07451923076923077 0.06009615384615385
0 0.9567307692307693 0.5204326923076923 0.06490384615384616 0.04807692307692308
0 0.9242788461538461 0.49278846153846156 0.07692307692307693 0.08173076923076923
0 0.875 0.45072115384615385 0.12980769230769232 0.08413461538461539
0 0.7800480769230769 0.49038461538461536 0.09134615384615384 0.08413461538461539
0 0.6081730769230769 0.5697115384615384 0.25961538461538464 0.21153846153846154
0 0.5733173076923077 0.3918269230769231 0.23317307692307693 0.17307692307692307
0 0.7524038461538461 0.38341346153846156 0.11538461538461539 0.09615384615384616
0 0.6959134615384616 0.46033653846153844 0.14182692307692307 0.08173076923076923
0 0.6959134615384616 0.33533653846153844 0.06490384615384616 0.052884615384615384
0 0.8233173076923077 0.3918269230769231 0.04807692307692308 0.055288461538461536
0 0.3016826923076923 0.6189903846153846 0.34134615384615385 0.3605769230769231
0 0.07932692307692307 0.46875 0.1346153846153846 0.1346153846153846
0 0.06009615384615385 0.6165865384615384 0.10817307692307693 0.15384615384615385
0 0.07572115384615384 0.6754807692307693 0.14182692307692307 0.23317307692307693
0 0.45913461538461536 0.32091346153846156 0.1466346153846154 0.10096153846153846
0 0.5216346153846154 0.21514423076923078 0.18509615384615385 0.22596153846153846
0 0.8100961538461539 0.140625 0.17307692307692307 0.09134615384615384
0 0.7283653846153846 0.20673076923076922 0.1201923076923077 0.10576923076923077
0 0.6706730769230769 0.25961538461538464 0.15865384615384615 0.10096153846153846
0 0.6442307692307693 0.04807692307692308 0.14903846153846154 0.09615384615384616
0 0.7151442307692307 0.0889423076923077 0.2548076923076923 0.1201923076923077
0 0.8665865384615384 0.25240384615384615 0.21153846153846154 0.11538461538461539
0 0.8930288461538461 0.32572115384615385 0.2091346153846154 0.11778846153846154
0 0.9411057692307693 0.4014423076923077 0.11298076923076923 0.11057692307692307
0 0.43149038461538464 0.11658653846153846 0.36538461538461536 0.23317307692307693
0 0.2956730769230769 0.2920673076923077 0.35336538461538464 0.13942307692307693
0 0.2824519230769231 0.4543269230769231 0.30288461538461536 0.22115384615384615
0 0.08653846153846154 0.2920673076923077 0.16346153846153846 0.20432692307692307
0 0.17908653846153846 0.042067307692307696 0.16346153846153846 0.08413461538461539
0 0.12259615384615384 0.1045673076923077 0.22115384615384615 0.14182692307692307
0 0.04927884615384615 0.03125 0.08653846153846154 0.0625
0 0.07091346153846154 0.19110576923076922 0.12980769230769232 0.08413461538461539