0 0.7728365384615384 0.34975961538461536 0.32211538461538464 0.1875
0 0.6875 0.3329326923076923 0.1875 0.0985576923076923
0 0.6033653846153846 0.2956730769230769 0.07211538461538461 0.12980769230769232
0 0.6622596153846154 0.2127403846153846 0.014423076923076924 0.021634615384615384
0 0.6550480769230769 0.28725961538461536 0.014423076923076924 0.016826923076923076
0 0.6778846153846154 0.2512019230769231 0.02403846153846154 0.021634615384615384
0 0.8605769230769231 0.07932692307692307 0.02403846153846154 0.028846153846153848
0 0.5324519230769231 0.28966346153846156 0.0673076923076923 0.0673076923076923
0 0.5288461538461539 0.25721153846153844 0.009615384615384616 0.009615384615384616
0 0.5877403846153846 0.21875 0.03365384615384615 0.03365384615384615
0 0.5492788461538461 0.6370192307692307 0.08653846153846154 0.11538461538461539
0 0.6141826923076923 0.6262019230769231 0.057692307692307696 0.11538461538461539
0 0.5961538461538461 0.5300480769230769 0.021634615384615384 0.052884615384615384
0 0.6129807692307693 0.49759615384615385 0.04807692307692308 0.04326923076923077
0 0.6141826923076923 0.46153846153846156 0.05048076923076923 0.028846153846153848
0 0.5180288461538461 0.5661057692307693 0.0985576923076923 0.028846153846153848
0 0.5216346153846154 0.4206730769230769 0.1201923076923077 0.20673076923076922
0 0.27283653846153844 0.2512019230769231 0.12980769230769232 0.1971153846153846
0 0.36899038461538464 0.32572115384615385 0.07692307692307693 0.3557692307692308
0 0.4014423076923077 0.4891826923076923 0.03365384615384615 0.06009615384615385
0 0.34134615384615385 0.5132211538461539 0.07211538461538461 0.11057692307692307
0 0.2764423076923077 0.5276442307692307 0.13942307692307693 0.13701923076923078
0 0.20673076923076922 0.3329326923076923 0.036057692307692304 0.3076923076923077
0 0.28125 0.3629807692307692 0.1346153846153846 0.09134615384615384
0 0.28125 0.4074519230769231 0.1346153846153846 0.07211538461538461
0 0.056490384615384616 0.4675480769230769 0.07692307692307693 0.15865384615384615
0 0.12740384615384615 0.5060096153846154 0.028846153846153848 0.2692307692307692
0 0.16947115384615385 0.5060096153846154 0.052884615384615384 0.2692307692307692
0 0.17427884615384615 0.7211538461538461 0.08653846153846154 0.052884615384615384
0 0.20552884615384615 0.7920673076923077 0.052884615384615384 0.11057692307692307
0 0.27403846153846156 0.7379807692307693 0.0985576923076923 0.04326923076923077
0 0.2403846153846154 0.5733173076923077 0.04326923076923077 0.1201923076923077
0 0.28966346153846156 0.5901442307692307 0.0625 0.14182692307692307
0 0.36177884615384615 0.8389423076923077 0.1346153846153846 0.11538461538461539
0 0.30408653846153844 0.6887019230769231 0.0625 0.15384615384615385
0 0.3545673076923077 0.6694711538461539 0.052884615384615384 0.21153846153846154
0 0.4110576923076923 0.6418269230769231 0.057692307692307696 0.27884615384615385
2 0.5540865384615384 0.5985576923076923 0.19951923076923078 0.3557692307692308
2 0.5216346153846154 0.43149038461538464 0.14903846153846154 0.2956730769230769
2 0.3581730769230769 0.6478365384615384 0.18509615384615385 0.3125
2 0.21875 0.5408653846153846 0.21875 0.40384615384615385
2 0.30408653846153844 0.33052884615384615 0.2644230769230769 0.3557692307692308
2 0.0625 0.23918269230769232 0.125 0.2860576923076923
2 0.04927884615384615 0.4891826923076923 0.0985576923076923 0.22355769230769232
2 0.04927884615384615 0.6225961538461539 0.0985576923076923 0.0673076923076923