0 0.45552884615384615 0.8353365384615384 0.38461538461538464 0.2548076923076923
0 0.6177884615384616 0.7704326923076923 0.24519230769230768 0.21153846153846154
0 0.7632211538461539 0.8185096153846154 0.1875 0.14423076923076922
0 0.7548076923076923 0.5697115384615384 0.3076923076923077 0.21153846153846154
0 0.734375 0.40024038461538464 0.25240384615384615 0.19471153846153846
0 0.8870192307692307 0.44350961538461536 0.125 0.1201923076923077
0 0.8737980769230769 0.3329326923076923 0.17307692307692307 0.14423076923076922
0 0.6790865384615384 0.28125 0.28365384615384615 0.25
0 0.7692307692307693 0.20552884615384615 0.33653846153846156 0.13942307692307693
0 0.47596153846153844 0.27524038461538464 0.3004807692307692 0.3125
0 0.2512019230769231 0.2536057692307692 0.24519230769230768 0.22596153846153846
0 0.4170673076923077 0.1778846153846154 0.11778846153846154 0.1201923076923077
0 0.26322115384615385 0.47596153846153844 0.21153846153846154 0.4230769230769231
0 0.3786057692307692 0.4735576923076923 0.14423076923076922 0.23076923076923078
0 0.11899038461538461 0.5841346153846154 0.20192307692307693 0.39903846153846156
0 0.2620192307692308 0.578125 0.3173076923076923 0.39903846153846156
0 0.4891826923076923 0.5372596153846154 0.9278846153846154 0.8365384615384616