0 0.5024038461538461 0.38100961538461536 0.9903846153846154 0.5793269230769231
0 0.17908653846153846 0.640625 0.0673076923076923 0.016826923076923076
0 0.20793269230769232 0.6610576923076923 0.052884615384615384 0.014423076923076924
0 0.171875 0.6838942307692307 0.052884615384615384 0.03365384615384615
0 0.9411057692307693 0.8365384615384616 0.07211538461538461 0.04326923076923077
0 0.2439903846153846 0.8149038461538461 0.052884615384615384 0.028846153846153848
0 0.055288461538461536 0.9627403846153846 0.052884615384615384 0.019230769230769232
0 0.8317307692307693 0.027644230769230768 0.20432692307692307 0.052884615384615384
4 0.5877403846153846 0.9158653846153846 0.3269230769230769 0.16346153846153846
4 0.43028846153846156 0.9206730769230769 0.3076923076923077 0.15384615384615385
4 0.7740384615384616 0.8016826923076923 0.3798076923076923 0.27884615384615385
4 0.36899038461538464 0.046875 0.44471153846153844 0.09134615384615384
4 0.6658653846153846 0.052884615384615384 0.19230769230769232 0.10096153846153846
4 0.9483173076923077 0.078125 0.10096153846153846 0.15384615384615385
4 0.8725961538461539 0.07451923076923077 0.125 0.11057692307692307
3 0.32091346153846156 0.8353365384615384 0.17548076923076922 0.15384615384615385