0 0.953125 0.6778846153846154 0.08653846153846154 0.20192307692307693
0 0.9134615384615384 0.4795673076923077 0.1658653846153846 0.11298076923076923
0 0.9134615384615384 0.3557692307692308 0.1658653846153846 0.1346153846153846
0 0.7620192307692307 0.4795673076923077 0.14903846153846154 0.10336538461538461
0 0.7668269230769231 0.38461538461538464 0.14903846153846154 0.0889423076923077
0 0.8918269230769231 0.13701923076923078 0.20192307692307693 0.25240384615384615
0 0.7427884615384616 0.17307692307692307 0.14423076923076922 0.25240384615384615
0 0.6935096153846154 0.040865384615384616 0.1658653846153846 0.07211538461538461
0 0.6466346153846154 0.5072115384615384 0.12740384615384615 0.0673076923076923
0 0.6370192307692307 0.45913461538461536 0.125 0.0625
0 0.6334134615384616 0.41466346153846156 0.11538461538461539 0.057692307692307696
0 0.6298076923076923 0.3786057692307692 0.11538461538461539 0.057692307692307696
0 0.6526442307692307 0.3016826923076923 0.19230769230769232 0.08653846153846154
0 0.6430288461538461 0.24519230769230768 0.15865384615384615 0.07692307692307693
0 0.6310096153846154 0.20072115384615385 0.15144230769230768 0.0625
0 0.6237980769230769 0.1466346153846154 0.14423076923076922 0.09615384615384616
0 0.5600961538461539 0.07451923076923077 0.13942307692307693 0.10817307692307693
0 0.47475961538461536 0.10576923076923077 0.04807692307692308 0.057692307692307696
0 0.48677884615384615 0.16706730769230768 0.0625 0.04807692307692308
0 0.5132211538461539 0.1310096153846154 0.04807692307692308 0.057692307692307696
0 0.4423076923076923 0.12860576923076922 0.04326923076923077 0.052884615384615384
0 0.4519230769230769 0.19110576923076922 0.04807692307692308 0.0625
0 0.41466346153846156 0.15264423076923078 0.04326923076923077 0.0673076923076923
0 0.3942307692307692 0.10817307692307693 0.038461538461538464 0.052884615384615384
0 0.4266826923076923 0.08533653846153846 0.04326923076923077 0.057692307692307696
0 0.4495192307692308 0.07451923076923077 0.04326923076923077 0.057692307692307696
0 0.5216346153846154 0.26322115384615385 0.07692307692307693 0.0625
0 0.5168269230769231 0.23197115384615385 0.08653846153846154 0.0625
0 0.5168269230769231 0.20072115384615385 0.08653846153846154 0.07211538461538461
0 0.5444711538461539 0.5132211538461539 0.0625 0.036057692307692304
0 0.5372596153846154 0.4891826923076923 0.06971153846153846 0.019230769230769232
0 0.5372596153846154 0.46634615384615385 0.09134615384615384 0.04807692307692308
0 0.5348557692307693 0.4387019230769231 0.08173076923076923 0.03125
0 0.5420673076923077 0.41466346153846156 0.07211538461538461 0.02403846153846154
0 0.5324519230769231 0.3942307692307692 0.07692307692307693 0.02403846153846154
0 0.6983173076923077 0.6574519230769231 0.04807692307692308 0.18028846153846154
0 0.7512019230769231 0.6550480769230769 0.05048076923076923 0.15384615384615385
0 0.8112980769230769 0.6526442307692307 0.07692307692307693 0.14903846153846154
0 0.8377403846153846 0.6442307692307693 0.08653846153846154 0.14423076923076922
0 0.8894230769230769 0.6911057692307693 0.08173076923076923 0.2283653846153846
0 0.5901442307692307 0.6598557692307693 0.21634615384615385 0.09134615384615384
0 0.5793269230769231 0.6009615384615384 0.20192307692307693 0.04807692307692308
0 0.4387019230769231 0.6262019230769231 0.0889423076923077 0.08653846153846154
0 0.3557692307692308 0.6346153846153846 0.125 0.125
0 0.4326923076923077 0.47115384615384615 0.12980769230769232 0.14903846153846154
0 0.39903846153846156 0.30408653846153844 0.24278846153846154 0.18509615384615385
0 0.2932692307692308 0.2091346153846154 0.11538461538461539 0.1201923076923077
0 0.375 0.17067307692307693 0.09375 0.11298076923076923
0 0.33774038461538464 0.4795673076923077 0.07211538461538461 0.11298076923076923
0 0.2824519230769231 0.484375 0.052884615384615384 0.10336538461538461
0 0.25240384615384615 0.6189903846153846 0.10576923076923077 0.08173076923076923
0 0.15384615384615385 0.6057692307692307 0.06009615384615385 0.055288461538461536
0 0.1045673076923077 0.6057692307692307 0.04807692307692308 0.055288461538461536
0 0.06009615384615385 0.6081730769230769 0.05048076923076923 0.05048076923076923
0 0.18389423076923078 0.6033653846153846 0.03365384615384615 0.06009615384615385
0 0.04447115384615385 0.5180288461538461 0.04326923076923077 0.04807692307692308
0 0.10096153846153846 0.5252403846153846 0.06971153846153846 0.07211538461538461
0 0.14423076923076922 0.5072115384615384 0.026442307692307692 0.057692307692307696
0 0.17908653846153846 0.5072115384615384 0.04326923076923077 0.07692307692307693
0 0.21754807692307693 0.5 0.04326923076923077 0.09375
0 0.2704326923076923 0.484375 0.10096153846153846 0.09375
0 0.23918269230769232 0.3581730769230769 0.06971153846153846 0.1201923076923077
0 0.2824519230769231 0.35336538461538464 0.055288461538461536 0.10817307692307693
0 0.037259615384615384 0.45913461538461536 0.04326923076923077 0.052884615384615384
0 0.0889423076923077 0.4326923076923077 0.07692307692307693 0.08173076923076923
0 0.14423076923076922 0.4026442307692308 0.08173076923076923 0.09134615384615384
0 0.1935096153846154 0.38100961538461536 0.055288461538461536 0.07211538461538461
0 0.24158653846153846 0.2608173076923077 0.057692307692307696 0.04807692307692308
0 0.21394230769230768 0.22956730769230768 0.04326923076923077 0.036057692307692304
0 0.20072115384615385 0.18269230769230768 0.02403846153846154 0.02403846153846154
0 0.18389423076923078 0.19831730769230768 0.026442307692307692 0.036057692307692304
0 0.19471153846153846 0.23918269230769232 0.04326923076923077 0.057692307692307696
0 0.20072115384615385 0.28365384615384615 0.04807692307692308 0.040865384615384616
0 0.16947115384615385 0.25240384615384615 0.03125 0.052884615384615384
0 0.1502403846153846 0.22115384615384615 0.02403846153846154 0.03125
0 0.1346153846153846 0.3088942307692308 0.10817307692307693 0.07211538461538461
0 0.04567307692307692 0.3629807692307692 0.08653846153846154 0.10096153846153846