4 0.2127403846153846 0.7884615384615384 0.18269230769230768 0.12259615384615384
4 0.2403846153846154 0.6814903846153846 0.33653846153846156 0.1778846153846154
4 0.234375 0.6129807692307693 0.20432692307692307 0.08653846153846154
4 0.21514423076923078 0.5120192307692307 0.1658653846153846 0.10576923076923077
4 0.23197115384615385 0.44471153846153844 0.40865384615384615 0.09375
4 0.234375 0.4338942307692308 0.40384615384615385 0.028846153846153848
4 0.1466346153846154 0.3762019230769231 0.11538461538461539 0.07211538461538461
4 0.2403846153846154 0.3425480769230769 0.11538461538461539 0.07692307692307693
4 0.33653846153846156 0.3641826923076923 0.11057692307692307 0.0673076923076923
4 0.47475961538461536 0.35096153846153844 0.07692307692307693 0.04326923076923077
4 0.640625 0.28725961538461536 0.28846153846153844 0.10096153846153846
4 0.4230769230769231 0.25600961538461536 0.13942307692307693 0.10336538461538461
4 0.2512019230769231 0.2439903846153846 0.18269230769230768 0.12980769230769232
4 0.7956730769230769 0.3870192307692308 0.35336538461538464 0.24519230769230768
4 0.8257211538461539 0.2848557692307692 0.04807692307692308 0.019230769230769232
4 0.5889423076923077 0.3798076923076923 0.14903846153846154 0.11538461538461539
4 0.7379807692307693 0.4987980769230769 0.10576923076923077 0.04326923076923077
4 0.8762019230769231 0.453125 0.17067307692307693 0.125
4 0.6983173076923077 0.5444711538461539 0.09375 0.036057692307692304
4 0.8485576923076923 0.5877403846153846 0.20432692307692307 0.10576923076923077
4 0.7980769230769231 0.6923076923076923 0.20432692307692307 0.12259615384615384
4 0.46153846153846156 0.6286057692307693 0.09375 0.08173076923076923
4 0.6274038461538461 0.6213942307692307 0.22596153846153846 0.04807692307692308
4 0.5576923076923077 0.7259615384615384 0.10096153846153846 0.08173076923076923
4 0.6574519230769231 0.6598557692307693 0.1658653846153846 0.10576923076923077
4 0.6574519230769231 0.7620192307692307 0.1201923076923077 0.11057692307692307
4 0.5408653846153846 0.7992788461538461 0.11057692307692307 0.07211538461538461
4 0.44471153846153844 0.7403846153846154 0.11538461538461539 0.07692307692307693
4 0.359375 0.6237980769230769 0.11057692307692307 0.16346153846153846