0 0.4579326923076923 0.546875 0.08173076923076923 0.22596153846153846
0 0.3449519230769231 0.4699519230769231 0.125 0.27403846153846156
0 0.12259615384615384 0.6394230769230769 0.09615384615384616 0.22596153846153846
0 0.07451923076923077 0.5372596153846154 0.04326923076923077 0.08653846153846154
0 0.03365384615384615 0.7067307692307693 0.0625 0.18509615384615385
0 0.06490384615384616 0.8701923076923077 0.125 0.24519230769230768
0 0.07692307692307693 0.21634615384615385 0.02403846153846154 0.06009615384615385
0 0.04927884615384615 0.35336538461538464 0.09375 0.1875
0 0.028846153846153848 0.5204326923076923 0.05048076923076923 0.1201923076923077
0 0.13581730769230768 0.34975961538461536 0.04567307692307692 0.08653846153846154
0 0.07692307692307693 0.06370192307692307 0.036057692307692304 0.08653846153846154
0 0.042067307692307696 0.12980769230769232 0.02403846153846154 0.04807692307692308
0 0.014423076923076924 0.13942307692307693 0.02403846153846154 0.08173076923076923
0 0.020432692307692308 0.08052884615384616 0.02403846153846154 0.0673076923076923
0 0.038461538461538464 0.06971153846153846 0.03125 0.06009615384615385
0 0.026442307692307692 0.23317307692307693 0.019230769230769232 0.052884615384615384
0 0.010817307692307692 0.22956730769230768 0.014423076923076924 0.07211538461538461
0 0.013221153846153846 0.28725961538461536 0.019230769230769232 0.026442307692307692
0 0.16346153846153846 0.15384615384615385 0.14903846153846154 0.2932692307692308
0 0.26322115384615385 0.5733173076923077 0.026442307692307692 0.052884615384615384
0 0.21995192307692307 0.4098557692307692 0.125 0.3269230769230769
0 0.20072115384615385 0.6466346153846154 0.057692307692307696 0.1201923076923077
0 0.20793269230769232 0.7403846153846154 0.02403846153846154 0.038461538461538464
0 0.24278846153846154 0.7163461538461539 0.026442307692307692 0.06009615384615385
0 0.2439903846153846 0.6129807692307693 0.028846153846153848 0.052884615384615384
0 0.27524038461538464 0.6298076923076923 0.026442307692307692 0.04807692307692308
0 0.2860576923076923 0.3269230769230769 0.02403846153846154 0.0673076923076923
0 0.33653846153846156 0.296875 0.02403846153846154 0.07211538461538461
0 0.2956730769230769 0.16706730769230768 0.08173076923076923 0.15865384615384615
0 0.25841346153846156 0.06370192307692307 0.04326923076923077 0.11298076923076923
0 0.33774038461538464 0.06009615384615385 0.026442307692307692 0.0673076923076923
0 0.3641826923076923 0.19951923076923078 0.057692307692307696 0.1346153846153846
0 0.40024038461538464 0.06610576923076923 0.04326923076923077 0.1201923076923077
0 0.4375 0.26322115384615385 0.028846153846153848 0.07211538461538461
0 0.41346153846153844 0.3329326923076923 0.02403846153846154 0.08173076923076923
0 0.3858173076923077 0.3233173076923077 0.026442307692307692 0.07211538461538461
0 0.4182692307692308 0.40625 0.03365384615384615 0.0673076923076923
0 0.375 0.6730769230769231 0.04326923076923077 0.10576923076923077
0 0.30649038461538464 0.7668269230769231 0.10817307692307693 0.2548076923076923
0 0.26322115384615385 0.9855769230769231 0.04567307692307692 0.02403846153846154
0 0.17668269230769232 0.8762019230769231 0.12740384615384615 0.24519230769230768
0 0.3870192307692308 0.8257211538461539 0.21153846153846154 0.34375
0 0.49759615384615385 0.8389423076923077 0.1875 0.3173076923076923
0 0.5048076923076923 0.6298076923076923 0.057692307692307696 0.10096153846153846
0 0.5144230769230769 0.4831730769230769 0.028846153846153848 0.08653846153846154
0 0.4807692307692308 0.3762019230769231 0.057692307692307696 0.11298076923076923
0 0.49158653846153844 0.12379807692307693 0.10817307692307693 0.23317307692307693
0 0.5685096153846154 0.09375 0.052884615384615384 0.1346153846153846
0 0.5793269230769231 0.28966346153846156 0.13942307692307693 0.28846153846153844
0 0.5997596153846154 0.5697115384615384 0.0985576923076923 0.22115384615384615
0 0.6298076923076923 0.8004807692307693 0.04326923076923077 0.09375
0 0.6670673076923077 0.5096153846153846 0.04326923076923077 0.10096153846153846
0 0.6706730769230769 0.2403846153846154 0.05048076923076923 0.09375
0 0.6550480769230769 0.12620192307692307 0.04807692307692308 0.1201923076923077
0 0.7007211538461539 0.3004807692307692 0.038461538461538464 0.09375
0 0.6742788461538461 0.40384615384615385 0.13942307692307693 0.10096153846153846
0 0.7451923076923077 0.18990384615384615 0.09134615384615384 0.20673076923076922
0 0.7548076923076923 0.0733173076923077 0.16346153846153846 0.10817307692307693
0 0.8137019230769231 0.23677884615384615 0.08173076923076923 0.22115384615384615
0 0.8497596153846154 0.3737980769230769 0.08653846153846154 0.1875
0 0.9387019230769231 0.5637019230769231 0.11778846153846154 0.22355769230769232
0 0.8990384615384616 0.29447115384615385 0.1971153846153846 0.5745192307692307
0 0.9435096153846154 0.7439903846153846 0.10817307692307693 0.14182692307692307
0 0.9206730769230769 0.6430288461538461 0.08173076923076923 0.11298076923076923
0 0.9543269230769231 0.921875 0.08653846153846154 0.15144230769230768
0 0.8858173076923077 0.9795673076923077 0.04326923076923077 0.038461538461538464
0 0.8581730769230769 0.8737980769230769 0.0673076923076923 0.2403846153846154
0 0.8016826923076923 0.9086538461538461 0.10336538461538461 0.1778846153846154
0 0.7956730769230769 0.9146634615384616 0.09134615384615384 0.1658653846153846
0 0.8353365384615384 0.7367788461538461 0.0985576923076923 0.34134615384615385
0 0.8173076923076923 0.7067307692307693 0.20673076923076922 0.10576923076923077
0 0.7920673076923077 0.6838942307692307 0.14423076923076922 0.27403846153846156
0 0.7512019230769231 0.8461538461538461 0.0625 0.0673076923076923
0 0.7367788461538461 0.9194711538461539 0.038461538461538464 0.08173076923076923
0 0.6646634615384616 0.5600961538461539 0.12259615384615384 0.34615384615384615
0 0.7199519230769231 0.5961538461538461 0.10096153846153846 0.36538461538461536
0 0.7103365384615384 0.5829326923076923 0.10576923076923077 0.3798076923076923
0 0.6947115384615384 0.59375 0.0985576923076923 0.3605769230769231
0 0.7247596153846154 0.6394230769230769 0.15144230769230768 0.41346153846153844
0 0.8064903846153846 0.453125 0.036057692307692304 0.15865384615384615
0 0.8353365384615384 0.5528846153846154 0.0673076923076923 0.17307692307692307
0 0.6177884615384616 0.921875 0.125 0.15144230769230768
0 0.6598557692307693 0.96875 0.040865384615384616 0.057692307692307696
0 0.6959134615384616 0.9447115384615384 0.040865384615384616 0.10576923076923077