4 0.6923076923076923 0.265625 0.29086538461538464 0.1971153846153846
4 0.7584134615384616 0.11658653846153846 0.47115384615384615 0.14903846153846154
4 0.7680288461538461 0.021634615384615384 0.4519230769230769 0.038461538461538464
4 0.47115384615384615 0.18990384615384615 0.2091346153846154 0.0985576923076923
4 0.39783653846153844 0.0733173076923077 0.2620192307692308 0.13942307692307693
4 0.1346153846153846 0.06971153846153846 0.2692307692307692 0.1346153846153846
4 0.08173076923076923 0.18028846153846154 0.16346153846153846 0.12980769230769232
4 0.2127403846153846 0.2283653846153846 0.19230769230769232 0.11057692307692307
4 0.8545673076923077 0.35697115384615385 0.27884615384615385 0.24278846153846154
4 0.07572115384615384 0.46033653846153844 0.15144230769230768 0.1778846153846154
4 0.2127403846153846 0.3293269230769231 0.4230769230769231 0.07692307692307693
4 0.2127403846153846 0.3329326923076923 0.4230769230769231 0.03125
4 0.9182692307692307 0.5637019230769231 0.15144230769230768 0.0625
4 0.8834134615384616 0.6658653846153846 0.22115384615384615 0.0889423076923077
4 0.6478365384615384 0.7632211538461539 0.5985576923076923 0.1346153846153846
4 0.7271634615384616 0.8629807692307693 0.4519230769230769 0.25961538461538464
4 0.9182692307692307 0.8834134615384616 0.15144230769230768 0.19230769230769232
4 0.7704326923076923 0.9555288461538461 0.21394230769230768 0.08413461538461539
4 0.5612980769230769 0.9879807692307693 0.16105769230769232 0.019230769230769232
4 0.39302884615384615 0.9302884615384616 0.19471153846153846 0.1346153846153846
4 0.25841346153846156 0.7475961538461539 0.22596153846153846 0.25961538461538464
4 0.09615384615384616 0.7391826923076923 0.19230769230769232 0.1466346153846154
4 0.15384615384615385 0.8870192307692307 0.3076923076923077 0.21153846153846154
4 0.06009615384615385 0.9603365384615384 0.1201923076923077 0.07451923076923077