0 0.46634615384615385 0.8461538461538461 0.12980769230769232 0.09134615384615384
0 0.4254807692307692 0.9338942307692307 0.13942307692307693 0.08653846153846154
0 0.3629807692307692 0.8653846153846154 0.10817307692307693 0.08653846153846154
0 0.46634615384615385 0.7740384615384616 0.1201923076923077 0.0673076923076923
0 0.5204326923076923 0.8918269230769231 0.10336538461538461 0.09134615384615384
0 0.26802884615384615 0.9074519230769231 0.08173076923076923 0.06971153846153846
0 0.27524038461538464 0.8245192307692307 0.08653846153846154 0.10576923076923077
0 0.21634615384615385 0.7764423076923077 0.14423076923076922 0.10817307692307693
0 0.20072115384615385 0.8461538461538461 0.07211538461538461 0.06971153846153846
0 0.1935096153846154 0.8942307692307693 0.07692307692307693 0.04326923076923077
0 0.1346153846153846 0.84375 0.0625 0.07211538461538461
0 0.14423076923076922 0.7872596153846154 0.040865384615384616 0.038461538461538464
0 0.2247596153846154 0.6778846153846154 0.375 0.17548076923076922
0 0.23197115384615385 0.7235576923076923 0.17548076923076922 0.0889423076923077
0 0.23677884615384615 0.5673076923076923 0.27884615384615385 0.125
0 0.3918269230769231 0.6887019230769231 0.21634615384615385 0.22115384615384615
0 0.48677884615384615 0.6790865384615384 0.09615384615384616 0.16346153846153846
0 0.4567307692307692 0.5408653846153846 0.09615384615384616 0.12980769230769232
0 0.3918269230769231 0.47475961538461536 0.07211538461538461 0.0625
0 0.3762019230769231 0.41346153846153844 0.1346153846153846 0.09134615384615384
0 0.29927884615384615 0.49399038461538464 0.11298076923076923 0.09134615384615384
0 0.22956730769230768 0.4675480769230769 0.09615384615384616 0.10817307692307693
0 0.5360576923076923 0.44350961538461536 0.16346153846153846 0.125
0 0.6850961538461539 0.5961538461538461 0.3701923076923077 0.28846153846153844
0 0.7860576923076923 0.7764423076923077 0.1201923076923077 0.10096153846153846
0 0.7247596153846154 0.8605769230769231 0.15865384615384615 0.10817307692307693
0 0.7295673076923077 0.9399038461538461 0.13942307692307693 0.0889423076923077
0 0.6033653846153846 0.9290865384615384 0.11298076923076923 0.08173076923076923
0 0.5949519230769231 0.8341346153846154 0.13942307692307693 0.10096153846153846
0 0.6490384615384616 0.7740384615384616 0.14423076923076922 0.09615384615384616
0 0.5432692307692307 0.7524038461538461 0.057692307692307696 0.07692307692307693
0 0.6778846153846154 0.3701923076923077 0.22115384615384615 0.16826923076923078
0 0.7728365384615384 0.42908653846153844 0.21634615384615385 0.13942307692307693
0 0.8425480769230769 0.4651442307692308 0.19230769230769232 0.1201923076923077
0 0.8774038461538461 0.32091346153846156 0.2403846153846154 0.15625
0 0.8149038461538461 0.21033653846153846 0.18509615384615385 0.22115384615384615
0 0.4879807692307692 0.14423076923076922 0.5432692307692307 0.28365384615384615
0 0.49278846153846156 0.2512019230769231 0.24278846153846154 0.1466346153846154
0 0.5673076923076923 0.3317307692307692 0.22596153846153846 0.10096153846153846
0 0.6466346153846154 0.28365384615384615 0.12980769230769232 0.11057692307692307