0 0.8521634615384616 0.8028846153846154 0.23557692307692307 0.38221153846153844
0 0.9146634615384616 0.6069711538461539 0.16346153846153846 0.45913461538461536
0 0.7439903846153846 0.5492788461538461 0.19951923076923078 0.36538461538461536
0 0.796875 0.1971153846153846 0.2548076923076923 0.3942307692307692
0 0.9254807692307693 0.2620192307692308 0.14182692307692307 0.25
0 0.9723557692307693 0.4014423076923077 0.04807692307692308 0.10336538461538461
0 0.9579326923076923 0.13341346153846154 0.07692307692307693 0.07211538461538461
0 0.953125 0.06850961538461539 0.08653846153846154 0.10336538461538461
0 0.5709134615384616 0.49759615384615385 0.21875 0.4807692307692308
0 0.6586538461538461 0.20192307692307693 0.125 0.28365384615384615
0 0.6959134615384616 0.040865384615384616 0.15625 0.08173076923076923
0 0.5492788461538461 0.13942307692307693 0.11057692307692307 0.27884615384615385
0 0.3858173076923077 0.2980769230769231 0.30528846153846156 0.23557692307692307
0 0.4266826923076923 0.0985576923076923 0.15625 0.1971153846153846
0 0.28365384615384615 0.13701923076923078 0.15865384615384615 0.21875
0 0.13581730769230768 0.3389423076923077 0.20673076923076922 0.3389423076923077
0 0.28365384615384615 0.5168269230769231 0.2980769230769231 0.4326923076923077
0 0.6634615384615384 0.9266826923076923 0.10576923076923077 0.13701923076923078
0 0.9783653846153846 0.8930288461538461 0.036057692307692304 0.13701923076923078
0 0.9459134615384616 0.8257211538461539 0.05048076923076923 0.08653846153846154
0 0.9795673076923077 0.9759615384615384 0.02403846153846154 0.038461538461538464
0 0.6658653846153846 0.7764423076923077 0.10096153846153846 0.14182692307692307
0 0.5841346153846154 0.7103365384615384 0.0985576923076923 0.16346153846153846
0 0.5168269230769231 0.8329326923076923 0.08653846153846154 0.16826923076923078
0 0.578125 0.8713942307692307 0.07211538461538461 0.13701923076923078
0 0.5576923076923077 0.9615384615384616 0.0985576923076923 0.0673076923076923
0 0.48197115384615385 0.9375 0.052884615384615384 0.09134615384615384
0 0.4254807692307692 0.8822115384615384 0.09615384615384616 0.21153846153846154
0 0.4651442307692308 0.734375 0.08653846153846154 0.10336538461538461
0 0.37259615384615385 0.7427884615384616 0.08413461538461539 0.15384615384615385
0 0.41586538461538464 0.6225961538461539 0.09134615384615384 0.15384615384615385
0 0.45072115384615385 0.47596153846153844 0.05048076923076923 0.1201923076923077
0 0.4891826923076923 0.38822115384615385 0.04807692307692308 0.0673076923076923
0 0.3233173076923077 0.9290865384615384 0.13942307692307693 0.12980769230769232
0 0.30528846153846156 0.8413461538461539 0.10096153846153846 0.12980769230769232
0 0.27283653846153844 0.7596153846153846 0.11057692307692307 0.14182692307692307
0 0.19831730769230768 0.8737980769230769 0.10576923076923077 0.16346153846153846
0 0.19951923076923078 0.9723557692307693 0.11057692307692307 0.04326923076923077
0 0.08052884615384616 0.9314903846153846 0.13942307692307693 0.125
0 0.12740384615384615 0.8064903846153846 0.07211538461538461 0.13701923076923078
0 0.1658653846153846 0.7403846153846154 0.09134615384615384 0.125
0 0.04807692307692308 0.8088942307692307 0.09615384615384616 0.17548076923076922
0 0.014423076923076924 0.9314903846153846 0.028846153846153848 0.11538461538461539
0 0.0889423076923077 0.6778846153846154 0.08413461538461539 0.12980769230769232
0 0.1310096153846154 0.5817307692307693 0.08653846153846154 0.15865384615384615
0 0.040865384615384616 0.5733173076923077 0.08173076923076923 0.18990384615384615
0 0.018028846153846152 0.6995192307692307 0.036057692307692304 0.08653846153846154
0 0.036057692307692304 0.44591346153846156 0.05048076923076923 0.125
0 0.020432692307692308 0.42908653846153844 0.038461538461538464 0.11538461538461539
0 0.028846153846153848 0.3389423076923077 0.028846153846153848 0.08653846153846154
0 0.010817307692307692 0.33052884615384615 0.021634615384615384 0.11538461538461539
0 0.018028846153846152 0.23798076923076922 0.036057692307692304 0.09134615384615384
0 0.06490384615384616 0.22956730769230768 0.057692307692307696 0.11057692307692307
0 0.13221153846153846 0.16947115384615385 0.08413461538461539 0.08653846153846154
0 0.18509615384615385 0.12860576923076922 0.04326923076923077 0.09134615384615384
0 0.2403846153846154 0.038461538461538464 0.05048076923076923 0.0673076923076923
0 0.30528846153846156 0.040865384615384616 0.05048076923076923 0.06009615384615385
0 0.34134615384615385 0.038461538461538464 0.014423076923076924 0.0673076923076923
0 0.31490384615384615 0.008413461538461538 0.0625 0.016826923076923076
0 0.2439903846153846 0.010817307692307692 0.07211538461538461 0.021634615384615384
0 0.1778846153846154 0.038461538461538464 0.07211538461538461 0.07692307692307693
0 0.12740384615384615 0.10697115384615384 0.06490384615384616 0.04807692307692308
0 0.10697115384615384 0.07091346153846154 0.0673076923076923 0.08653846153846154
0 0.12139423076923077 0.016826923076923076 0.052884615384615384 0.03365384615384615
0 0.04447115384615385 0.042067307692307696 0.0889423076923077 0.08413461538461539
0 0.06490384615384616 0.11177884615384616 0.036057692307692304 0.04807692307692308
0 0.036057692307692304 0.15865384615384615 0.06490384615384616 0.0673076923076923
0 0.08173076923076923 0.15264423076923078 0.052884615384615384 0.052884615384615384