0 0.45913461538461536 0.33653846153846156 0.3605769230769231 0.23557692307692307
0 0.20192307692307693 0.4014423076923077 0.2620192307692308 0.17067307692307693
0 0.23798076923076922 0.5168269230769231 0.19230769230769232 0.11538461538461539
0 0.16346153846153846 0.6177884615384616 0.21875 0.16826923076923078
0 0.18028846153846154 0.7451923076923077 0.1201923076923077 0.11057692307692307
0 0.33653846153846156 0.7836538461538461 0.24519230769230768 0.16346153846153846
0 0.3173076923076923 0.6418269230769231 0.1875 0.1346153846153846
0 0.44591346153846156 0.5949519230769231 0.32211538461538464 0.20673076923076922
0 0.7103365384615384 0.5168269230769231 0.3076923076923077 0.20192307692307693
0 0.6442307692307693 0.4651442307692308 0.3389423076923077 0.13942307692307693
0 0.671875 0.6911057692307693 0.2403846153846154 0.15384615384615385
0 0.8028846153846154 0.6105769230769231 0.08653846153846154 0.05048076923076923
0 0.5492788461538461 0.7632211538461539 0.19230769230769232 0.15384615384615385