0 0.8449519230769231 0.3641826923076923 0.30288461538461536 0.49759615384615385
0 0.8485576923076923 0.06490384615384616 0.25721153846153844 0.1201923076923077
0 0.6045673076923077 0.07572115384615384 0.25721153846153844 0.14182692307692307
0 0.6802884615384616 0.2956730769230769 0.2668269230769231 0.3245192307692308
0 0.5108173076923077 0.2536057692307692 0.1346153846153846 0.15144230769230768
0 0.44471153846153844 0.33052884615384615 0.15865384615384615 0.16346153846153846
0 0.5048076923076923 0.40865384615384615 0.08413461538461539 0.11538461538461539
0 0.5600961538461539 0.38461538461538464 0.0889423076923077 0.0673076923076923
0 0.5757211538461539 0.5108173076923077 0.17307692307692307 0.22115384615384615
0 0.4110576923076923 0.5492788461538461 0.19230769230769232 0.23557692307692307
0 0.3449519230769231 0.375 0.2548076923076923 0.18269230769230768
0 0.3137019230769231 0.23076923076923078 0.19951923076923078 0.1778846153846154
0 0.2800480769230769 0.10697115384615384 0.3125 0.20432692307692307
0 0.0625 0.021634615384615384 0.125 0.036057692307692304
0 0.06971153846153846 0.11298076923076923 0.13942307692307693 0.16826923076923078
0 0.12620192307692307 0.21754807692307693 0.15384615384615385 0.15865384615384615
0 0.010817307692307692 0.2776442307692308 0.021634615384615384 0.15384615384615385
0 0.06971153846153846 0.43028846153846156 0.13942307692307693 0.15384615384615385
0 0.17307692307692307 0.5709134615384616 0.1875 0.24519230769230768
0 0.8605769230769231 0.6959134615384616 0.27163461538461536 0.21634615384615385
0 0.12259615384615384 0.44711538461538464 0.24519230769230768 0.24519230769230768
0 0.2247596153846154 0.6286057692307693 0.27163461538461536 0.3076923076923077
0 0.4735576923076923 0.7283653846153846 0.3076923076923077 0.4182692307692308
0 0.6838942307692307 0.5961538461538461 0.14182692307692307 0.20432692307692307
0 0.9026442307692307 0.8665865384615384 0.1875 0.16826923076923078
0 0.6418269230769231 0.7572115384615384 0.18269230769230768 0.11057692307692307
0 0.6670673076923077 0.8737980769230769 0.11538461538461539 0.13942307692307693
0 0.5805288461538461 0.8894230769230769 0.11057692307692307 0.125
0 0.7307692307692307 0.9735576923076923 0.1201923076923077 0.04807692307692308
0 0.8245192307692307 0.9543269230769231 0.09615384615384616 0.08653846153846154
0 0.9375 0.96875 0.11538461538461539 0.052884615384615384
0 0.7824519230769231 0.8798076923076923 0.09615384615384616 0.125
0 0.5108173076923077 0.9627403846153846 0.0985576923076923 0.06971153846153846
0 0.6165865384615384 0.9675480769230769 0.11298076923076923 0.06009615384615385
0 0.453125 0.8557692307692307 0.1778846153846154 0.1466346153846154
0 0.3641826923076923 0.9423076923076923 0.052884615384615384 0.07211538461538461
0 0.44591346153846156 0.9675480769230769 0.06490384615384616 0.06009615384615385
0 0.4266826923076923 0.9891826923076923 0.0889423076923077 0.016826923076923076
0 0.3293269230769231 0.9831730769230769 0.08173076923076923 0.028846153846153848
0 0.28846153846153844 0.9579326923076923 0.0625 0.0673076923076923
0 0.16466346153846154 0.8641826923076923 0.10576923076923077 0.09375
0 0.23557692307692307 0.8004807692307693 0.1346153846153846 0.08173076923076923
0 0.33052884615384615 0.7728365384615384 0.0673076923076923 0.08173076923076923
0 0.055288461538461536 0.7487980769230769 0.10096153846153846 0.09375
0 0.046875 0.6442307692307693 0.09375 0.125
0 0.046875 0.8689903846153846 0.09375 0.09375
0 0.08653846153846154 0.9314903846153846 0.11057692307692307 0.09375
0 0.14543269230769232 0.9807692307692307 0.11298076923076923 0.03365384615384615
0 0.04927884615384615 0.9855769230769231 0.0985576923076923 0.02403846153846154
0 0.4987980769230769 0.5012019230769231 0.9975961538461539 0.9927884615384616