0 0.5709134615384616 0.2764423076923077 0.8461538461538461 0.5456730769230769
0 0.23918269230769232 0.3076923076923077 0.4735576923076923 0.36538461538461536
0 0.38822115384615385 0.6706730769230769 0.7716346153846154 0.5
0 0.8125 0.5673076923076923 0.0889423076923077 0.0625
0 0.8100961538461539 0.6502403846153846 0.12980769230769232 0.10336538461538461
0 0.9110576923076923 0.5889423076923077 0.16826923076923078 0.09375
0 0.9435096153846154 0.5456730769230769 0.10096153846153846 0.08653846153846154
0 0.9350961538461539 0.6706730769230769 0.1201923076923077 0.07692307692307693
0 0.875 0.7235576923076923 0.15384615384615385 0.08413461538461539
0 0.7800480769230769 0.7776442307692307 0.16826923076923078 0.10336538461538461
0 0.7475961538461539 0.8497596153846154 0.13701923076923078 0.07451923076923077
0 0.9014423076923077 0.8365384615384616 0.18509615384615385 0.1466346153846154
0 0.9699519230769231 0.7487980769230769 0.04807692307692308 0.08653846153846154