0 0.7608173076923077 0.6334134615384616 0.11538461538461539 0.1875
0 0.7776442307692307 0.5060096153846154 0.0625 0.125
0 0.6995192307692307 0.38822115384615385 0.10817307692307693 0.1201923076923077
0 0.6778846153846154 0.5024038461538461 0.14423076923076922 0.23076923076923078
0 0.6382211538461539 0.6971153846153846 0.13942307692307693 0.19230769230769232
0 0.5456730769230769 0.5540865384615384 0.12740384615384615 0.21153846153846154
0 0.6045673076923077 0.45913461538461536 0.05048076923076923 0.052884615384615384
0 0.5889423076923077 0.33653846153846156 0.11057692307692307 0.19230769230769232
0 0.6382211538461539 0.3004807692307692 0.057692307692307696 0.11057692307692307
0 0.5168269230769231 0.21033653846153846 0.1346153846153846 0.22355769230769232
0 0.3713942307692308 0.2704326923076923 0.15625 0.21153846153846154
0 0.46875 0.41225961538461536 0.1346153846153846 0.18028846153846154
0 0.42427884615384615 0.5817307692307693 0.10817307692307693 0.19230769230769232
0 0.4831730769230769 0.734375 0.12740384615384615 0.22355769230769232
0 0.3389423076923077 0.6778846153846154 0.1346153846153846 0.20673076923076922
0 0.3581730769230769 0.4807692307692308 0.08653846153846154 0.1971153846153846
0 0.25721153846153844 0.41225961538461536 0.15865384615384615 0.21153846153846154
0 0.2848557692307692 0.5925480769230769 0.0673076923076923 0.125