0 0.7475961538461539 0.6370192307692307 0.17307692307692307 0.24278846153846154
0 0.5288461538461539 0.5697115384615384 0.4855769230769231 0.34615384615384615
0 0.45913461538461536 0.5024038461538461 0.27884615384615385 0.18028846153846154
0 0.1778846153846154 0.6262019230769231 0.3076923076923077 0.3557692307692308
0 0.30649038461538464 0.6346153846153846 0.057692307692307696 0.16346153846153846
0 0.3401442307692308 0.6213942307692307 0.06971153846153846 0.15865384615384615
0 0.36658653846153844 0.5492788461538461 0.08653846153846154 0.09615384615384616
0 0.38461538461538464 0.6189903846153846 0.04326923076923077 0.08173076923076923
0 0.2932692307692308 0.4951923076923077 0.0625 0.07211538461538461
0 0.42908653846153844 0.5697115384615384 0.038461538461538464 0.057692307692307696
0 0.515625 0.7427884615384616 0.25961538461538464 0.3076923076923077
0 0.4483173076923077 0.8533653846153846 0.125 0.17067307692307693
0 0.7836538461538461 0.7860576923076923 0.27884615384615385 0.4182692307692308
0 0.5 0.8882211538461539 0.2932692307692308 0.21875
0 0.34134615384615385 0.7884615384615384 0.07211538461538461 0.14423076923076922