0 0.44350961538461536 0.19110576923076922 0.2403846153846154 0.1875
0 0.4387019230769231 0.27403846153846156 0.2620192307692308 0.125
0 0.5637019230769231 0.5901442307692307 0.16346153846153846 0.3942307692307692
0 0.5516826923076923 0.4110576923076923 0.2403846153846154 0.1971153846153846
0 0.38461538461538464 0.5096153846153846 0.09134615384615384 0.24759615384615385
0 0.4387019230769231 0.46153846153846156 0.09615384615384616 0.0889423076923077
0 0.4723557692307692 0.36899038461538464 0.09134615384615384 0.09615384615384616
0 0.33052884615384615 0.4338942307692308 0.036057692307692304 0.08173076923076923
0 0.4338942307692308 0.5576923076923077 0.09615384615384616 0.1201923076923077
0 0.4411057692307692 0.6526442307692307 0.08173076923076923 0.10817307692307693
0 0.359375 0.6694711538461539 0.08173076923076923 0.1346153846153846
0 0.48677884615384615 0.8149038461538461 0.16346153846153846 0.20673076923076922
0 0.34615384615384615 0.7704326923076923 0.09615384615384616 0.14423076923076922
5 0.23798076923076922 0.36538461538461536 0.38461538461538464 0.07211538461538461
5 0.5408653846153846 0.5228365384615384 0.5480769230769231 0.8701923076923077