0 0.9098557692307693 0.7512019230769231 0.057692307692307696 0.10336538461538461
0 0.8569711538461539 0.828125 0.0625 0.08173076923076923
0 0.828125 0.78125 0.0673076923076923 0.0985576923076923
0 0.7596153846153846 0.7572115384615384 0.12740384615384615 0.14903846153846154
0 0.71875 0.7704326923076923 0.0673076923076923 0.0985576923076923
0 0.7668269230769231 0.8858173076923077 0.11057692307692307 0.16346153846153846
0 0.8076923076923077 0.9074519230769231 0.07211538461538461 0.0985576923076923
0 0.8713942307692307 0.8497596153846154 0.0673076923076923 0.15865384615384615
0 0.7932692307692307 0.9591346153846154 0.08653846153846154 0.07211538461538461
0 0.7331730769230769 0.9375 0.0625 0.11538461538461539
0 0.671875 0.8713942307692307 0.08173076923076923 0.24519230769230768
0 0.6454326923076923 0.9314903846153846 0.057692307692307696 0.07211538461538461
0 0.5829326923076923 0.9290865384615384 0.1875 0.12980769230769232
0 0.5504807692307693 0.8858173076923077 0.14423076923076922 0.15384615384615385
0 0.5564903846153846 0.7920673076923077 0.11057692307692307 0.12980769230769232
0 0.5324519230769231 0.6802884615384616 0.10817307692307693 0.09134615384615384
0 0.5492788461538461 0.6370192307692307 0.07692307692307693 0.06009615384615385
0 0.47475961538461536 0.6117788461538461 0.12259615384615384 0.0673076923076923
0 0.37259615384615385 0.5817307692307693 0.14423076923076922 0.07211538461538461
0 0.26802884615384615 0.5901442307692307 0.13942307692307693 0.1201923076923077
0 0.22115384615384615 0.7127403846153846 0.10817307692307693 0.16826923076923078
0 0.17427884615384615 0.6778846153846154 0.07211538461538461 0.08653846153846154
0 0.19230769230769232 0.8473557692307693 0.16826923076923078 0.2956730769230769
0 0.057692307692307696 0.7572115384615384 0.10817307692307693 0.08173076923076923
0 0.06009615384615385 0.8882211538461539 0.11057692307692307 0.18028846153846154
0 0.546875 0.8028846153846154 0.10096153846153846 0.14182692307692307
0 0.43509615384615385 0.7680288461538461 0.13942307692307693 0.14903846153846154
0 0.3389423076923077 0.8497596153846154 0.21394230769230768 0.28846153846153844
0 0.7067307692307693 0.6177884615384616 0.14423076923076922 0.1201923076923077
0 0.8004807692307693 0.6694711538461539 0.15384615384615385 0.125
0 0.6274038461538461 0.6442307692307693 0.14423076923076922 0.12980769230769232
0 0.6526442307692307 0.546875 0.07211538461538461 0.08653846153846154
0 0.5180288461538461 0.47836538461538464 0.057692307692307696 0.06009615384615385
0 0.49399038461538464 0.5300480769230769 0.1346153846153846 0.08653846153846154
0 0.3858173076923077 0.5240384615384616 0.19230769230769232 0.04326923076923077
0 0.5036057692307693 0.14783653846153846 0.15384615384615385 0.1875
0 0.2932692307692308 0.18629807692307693 0.3125 0.3076923076923077
0 0.30288461538461536 0.4182692307692308 0.19230769230769232 0.3125
0 0.42427884615384615 0.27283653846153844 0.1971153846153846 0.20673076923076922
0 0.48197115384615385 0.3581730769230769 0.1971153846153846 0.34375
0 0.5745192307692307 0.3137019230769231 0.07692307692307693 0.06009615384615385
0 0.6117788461538461 0.28125 0.07211538461538461 0.08173076923076923
0 0.5817307692307693 0.18028846153846154 0.08173076923076923 0.04326923076923077
0 0.5540865384615384 0.3737980769230769 0.06490384615384616 0.04807692307692308
0 0.7752403846153846 0.07932692307692307 0.10817307692307693 0.15865384615384615
0 0.6887019230769231 0.08774038461538461 0.07211538461538461 0.17307692307692307
0 0.6177884615384616 0.08533653846153846 0.10096153846153846 0.17067307692307693
0 0.05048076923076923 0.15384615384615385 0.09615384615384616 0.3076923076923077
0 0.1466346153846154 0.12860576923076922 0.14903846153846154 0.25721153846153844
0 0.2932692307692308 0.036057692307692304 0.20192307692307693 0.07211538461538461