0 0.13822115384615385 0.8521634615384616 0.15384615384615385 0.20673076923076922
0 0.03485576923076923 0.8629807692307693 0.0625 0.2620192307692308
0 0.1141826923076923 0.9723557692307693 0.09134615384615384 0.04326923076923077
0 0.09615384615384616 0.6310096153846154 0.14903846153846154 0.23317307692307693
0 0.028846153846153848 0.6935096153846154 0.05048076923076923 0.0985576923076923
0 0.09975961538461539 0.71875 0.10576923076923077 0.09134615384615384
0 0.038461538461538464 0.3713942307692308 0.0673076923076923 0.21875
0 0.038461538461538464 0.5192307692307693 0.0673076923076923 0.1875
0 0.13822115384615385 0.4423076923076923 0.125 0.21875
0 0.25841346153846156 0.5084134615384616 0.13942307692307693 0.21875
0 0.21995192307692307 0.6286057692307693 0.11298076923076923 0.1971153846153846
0 0.2764423076923077 0.8197115384615384 0.13942307692307693 0.25240384615384615
0 0.33413461538461536 0.9483173076923077 0.14423076923076922 0.09375
0 0.2127403846153846 0.9459134615384616 0.10576923076923077 0.0985576923076923
0 0.29447115384615385 0.25721153846153844 0.18269230769230768 0.2403846153846154
0 0.12740384615384615 0.21033653846153846 0.15384615384615385 0.21153846153846154
0 0.2692307692307692 0.07451923076923077 0.14903846153846154 0.14903846153846154
0 0.40865384615384615 0.08173076923076923 0.15625 0.16346153846153846
0 0.4651442307692308 0.24879807692307693 0.16826923076923078 0.19230769230769232
0 0.40384615384615385 0.4483173076923077 0.17307692307692307 0.27403846153846156
0 0.5360576923076923 0.609375 0.1778846153846154 0.2692307692307692
0 0.46153846153846156 0.8858173076923077 0.11538461538461539 0.21875
0 0.36538461538461536 0.734375 0.15625 0.2692307692307692
0 0.4362980769230769 0.6334134615384616 0.125 0.21875
0 0.6069711538461539 0.8858173076923077 0.18269230769230768 0.21875
0 0.6742788461538461 0.9375 0.03365384615384615 0.11538461538461539
0 0.6802884615384616 0.7403846153846154 0.14423076923076922 0.24519230769230768
0 0.7980769230769231 0.8774038461538461 0.1778846153846154 0.23557692307692307
0 0.9387019230769231 0.8978365384615384 0.11778846153846154 0.19951923076923078
0 0.8052884615384616 0.7295673076923077 0.10576923076923077 0.19230769230769232
0 0.7728365384615384 0.5192307692307693 0.15625 0.2403846153846154
0 0.6947115384615384 0.5324519230769231 0.08173076923076923 0.21153846153846154
0 0.5961538461538461 0.5276442307692307 0.125 0.20192307692307693
0 0.6286057692307693 0.3004807692307692 0.14423076923076922 0.2620192307692308
0 0.5600961538461539 0.18870192307692307 0.12980769230769232 0.18028846153846154
0 0.5853365384615384 0.08533653846153846 0.17548076923076922 0.17067307692307693
0 0.6959134615384616 0.1201923076923077 0.15625 0.2403846153846154
0 0.7475961538461539 0.30649038461538464 0.15625 0.27403846153846156
0 0.8521634615384616 0.15264423076923078 0.16346153846153846 0.21875
0 0.9086538461538461 0.34134615384615385 0.14423076923076922 0.25721153846153844
0 0.9507211538461539 0.5216346153846154 0.09375 0.20192307692307693
0 0.9290865384615384 0.6706730769230769 0.13701923076923078 0.27403846153846156
0 0.9615384615384616 0.2091346153846154 0.07211538461538461 0.21153846153846154
0 0.9423076923076923 0.055288461538461536 0.10576923076923077 0.11057692307692307
0 0.7776442307692307 0.057692307692307696 0.14423076923076922 0.11538461538461539
0 0.5 0.4987980769230769 0.9951923076923077 0.9975961538461539