0 0.3088942307692308 0.8365384615384616 0.06971153846153846 0.11298076923076923
0 0.2704326923076923 0.8990384615384616 0.0673076923076923 0.10576923076923077
0 0.15504807692307693 0.9254807692307693 0.30288461538461536 0.13701923076923078
0 0.04326923076923077 0.8834134615384616 0.0673076923076923 0.125
0 0.19471153846153846 0.8834134615384616 0.05048076923076923 0.07692307692307693
0 0.27163461538461536 0.6430288461538461 0.14423076923076922 0.15384615384615385
0 0.09134615384615384 0.5769230769230769 0.1778846153846154 0.23798076923076922
0 0.09615384615384616 0.6694711538461539 0.1875 0.20673076923076922
0 0.15865384615384615 0.6694711538461539 0.057692307692307696 0.06490384615384616
0 0.21033653846153846 0.3125 0.2283653846153846 0.30528846153846156
0 0.36538461538461536 0.1935096153846154 0.15144230769230768 0.2932692307692308
0 0.28846153846153844 0.25600961538461536 0.05048076923076923 0.15384615384615385
0 0.4375 0.16466346153846154 0.13942307692307693 0.3245192307692308
0 0.47836538461538464 0.31009615384615385 0.07692307692307693 0.08173076923076923
0 0.49158653846153844 0.12620192307692307 0.0985576923076923 0.24759615384615385
0 0.6021634615384616 0.14903846153846154 0.13701923076923078 0.22596153846153846
0 0.5961538461538461 0.2980769230769231 0.15384615384615385 0.1778846153846154
0 0.4014423076923077 0.7055288461538461 0.12980769230769232 0.18509615384615385
0 0.453125 0.8449519230769231 0.19471153846153846 0.21394230769230768
0 0.375 0.8040865384615384 0.07692307692307693 0.09615384615384616
0 0.41346153846153844 0.9519230769230769 0.09375 0.08173076923076923
0 0.5288461538461539 0.9615384615384616 0.11057692307692307 0.06490384615384616
0 0.6538461538461539 0.8774038461538461 0.3798076923076923 0.23076923076923078
0 0.671875 0.7439903846153846 0.23557692307692307 0.2620192307692308
0 0.6983173076923077 0.6574519230769231 0.28846153846153844 0.18509615384615385
0 0.8786057692307693 0.6009615384615384 0.038461538461538464 0.07211538461538461
0 0.9002403846153846 0.6550480769230769 0.03365384615384615 0.06009615384615385
0 0.8605769230769231 0.6670673076923077 0.03365384615384615 0.06009615384615385
0 0.8894230769230769 0.7355769230769231 0.026442307692307692 0.07692307692307693
0 0.921875 0.7259615384615384 0.028846153846153848 0.07211538461538461
0 0.9483173076923077 0.6814903846153846 0.038461538461538464 0.07692307692307693
0 0.9254807692307693 0.6550480769230769 0.02403846153846154 0.06009615384615385
0 0.9819711538461539 0.7295673076923077 0.028846153846153848 0.0889423076923077
0 0.9519230769230769 0.7740384615384616 0.028846153846153848 0.07211538461538461
0 0.9122596153846154 0.7980769230769231 0.04326923076923077 0.08173076923076923
0 0.9507211538461539 0.8569711538461539 0.09375 0.13221153846153846
0 0.9735576923076923 0.9242788461538461 0.04807692307692308 0.12259615384615384
0 0.9723557692307693 0.6141826923076923 0.05048076923076923 0.1466346153846154
0 0.9254807692307693 0.5985576923076923 0.028846153846153848 0.07692307692307693
0 0.7632211538461539 0.10817307692307693 0.0889423076923077 0.21153846153846154
0 0.7944711538461539 0.21995192307692307 0.13701923076923078 0.32211538461538464
0 0.6911057692307693 0.17307692307692307 0.0625 0.2980769230769231
2 0.2536057692307692 0.5805288461538461 0.1875 0.2932692307692308
2 0.8269230769230769 0.35096153846153844 0.1201923076923077 0.5600961538461539
2 0.9014423076923077 0.3125 0.09134615384615384 0.4951923076923077