0 0.7620192307692307 0.9675480769230769 0.04326923076923077 0.06009615384615385
0 0.7680288461538461 0.9675480769230769 0.055288461538461536 0.06009615384615385
0 0.8557692307692307 0.9855769230769231 0.04326923076923077 0.02403846153846154
0 0.2620192307692308 0.125 0.31971153846153844 0.11538461538461539
0 0.18389423076923078 0.19951923076923078 0.17307692307692307 0.10576923076923077
0 0.3401442307692308 0.07091346153846154 0.17307692307692307 0.036057692307692304
0 0.3161057692307692 0.2091346153846154 0.38221153846153844 0.3293269230769231
0 0.40384615384615385 0.1778846153846154 0.28365384615384615 0.1778846153846154
0 0.2668269230769231 0.39302884615384615 0.43509615384615385 0.41346153846153844
0 0.15985576923076922 0.3786057692307692 0.31490384615384615 0.19951923076923078
0 0.39783653846153844 0.6262019230769231 0.40384615384615385 0.3557692307692308
0 0.5997596153846154 0.6418269230769231 0.5144230769230769 0.47596153846153844
0 0.8221153846153846 0.4483173076923077 0.1875 0.30288461538461536
0 0.7872596153846154 0.2620192307692308 0.1875 0.30288461538461536
0 0.6442307692307693 0.3004807692307692 0.25 0.2980769230769231
0 0.5973557692307693 0.13581730769230768 0.27884615384615385 0.2620192307692308
0 0.4951923076923077 0.3641826923076923 0.4326923076923077 0.46153846153846156
0 0.45552884615384615 0.45552884615384615 0.9038461538461539 0.9038461538461539
3 0.8533653846153846 0.7463942307692307 0.08173076923076923 0.09615384615384616