0 0.8293269230769231 0.8822115384615384 0.3293269230769231 0.1778846153846154
0 0.8942307692307693 0.9819711538461539 0.20192307692307693 0.028846153846153848
0 0.6394230769230769 0.9435096153846154 0.2956730769230769 0.10817307692307693
0 0.36538461538461536 0.9194711538461539 0.3293269230769231 0.15384615384615385
0 0.11177884615384616 0.8930288461538461 0.22355769230769232 0.20673076923076922
0 0.2536057692307692 0.7620192307692307 0.3293269230769231 0.16346153846153846
0 0.5841346153846154 0.7548076923076923 0.3173076923076923 0.21394230769230768
0 0.8569711538461539 0.7067307692307693 0.27403846153846156 0.17307692307692307
0 0.06129807692307692 0.7067307692307693 0.12259615384615384 0.20432692307692307
0 0.24278846153846154 0.5805288461538461 0.3293269230769231 0.19951923076923078
0 0.5588942307692307 0.5432692307692307 0.3557692307692308 0.1971153846153846
0 0.8569711538461539 0.5360576923076923 0.27403846153846156 0.16826923076923078
0 0.9807692307692307 0.4675480769230769 0.028846153846153848 0.02403846153846154
0 0.8100961538461539 0.359375 0.3245192307692308 0.1778846153846154
0 0.9663461538461539 0.3713942307692308 0.055288461538461536 0.14423076923076922
0 0.5060096153846154 0.3557692307692308 0.3076923076923077 0.1778846153846154
0 0.22596153846153846 0.38461538461538464 0.3173076923076923 0.1778846153846154
0 0.06490384615384616 0.47716346153846156 0.12980769230769232 0.19471153846153846
0 0.06129807692307692 0.2956730769230769 0.12259615384615384 0.14903846153846154
0 0.042067307692307696 0.11778846153846154 0.08413461538461539 0.18509615384615385
0 0.22355769230769232 0.21033653846153846 0.3125 0.18509615384615385
0 0.49399038461538464 0.18990384615384615 0.28365384615384615 0.16826923076923078
0 0.765625 0.20793269230769232 0.29086538461538464 0.15865384615384615
0 0.9471153846153846 0.21394230769230768 0.09615384615384616 0.16346153846153846
0 0.921875 0.06971153846153846 0.14423076923076922 0.13942307692307693
0 0.7319711538461539 0.06971153846153846 0.30288461538461536 0.13942307692307693
0 0.46033653846153844 0.06370192307692307 0.2764423076923077 0.12259615384615384
0 0.16826923076923078 0.06370192307692307 0.3269230769230769 0.12259615384615384