0 0.25721153846153844 0.9050480769230769 0.27884615384615385 0.15865384615384615
0 0.41466346153846156 0.8413461538461539 0.31490384615384615 0.10096153846153846
0 0.055288461538461536 0.9651442307692307 0.10096153846153846 0.06490384615384616
0 0.046875 0.8161057692307693 0.08413461538461539 0.22115384615384615
0 0.27884615384615385 0.6057692307692307 0.38221153846153844 0.5480769230769231
0 0.44591346153846156 0.5216346153846154 0.3245192307692308 0.5336538461538461
0 0.7572115384615384 0.671875 0.24759615384615385 0.6394230769230769
0 0.5721153846153846 0.2932692307692308 0.41346153846153844 0.47836538461538464
0 0.7896634615384616 0.39302884615384615 0.41586538461538464 0.49278846153846156
0 0.8173076923076923 0.28725961538461536 0.2932692307692308 0.5673076923076923
0 0.6346153846153846 0.17427884615384615 0.10336538461538461 0.34134615384615385
0 0.4567307692307692 0.35697115384615385 0.22115384615384615 0.7067307692307693