0 0.5829326923076923 0.47475961538461536 0.3293269230769231 0.2548076923076923
0 0.75 0.6394230769230769 0.23076923076923078 0.17307692307692307
0 0.9050480769230769 0.6622596153846154 0.18028846153846154 0.25721153846153844
0 0.8581730769230769 0.8257211538461539 0.27403846153846156 0.23076923076923078
0 0.38100961538461536 0.7127403846153846 0.14423076923076922 0.08173076923076923
0 0.36538461538461536 0.8353365384615384 0.15384615384615385 0.1201923076923077
0 0.29927884615384615 0.9206730769230769 0.1346153846153846 0.1201923076923077
0 0.18509615384615385 0.7512019230769231 0.3605769230769231 0.33653846153846156
0 0.1778846153846154 0.9387019230769231 0.3557692307692308 0.11538461538461539
0 0.3473557692307692 0.5348557692307693 0.30288461538461536 0.2283653846153846
0 0.6983173076923077 0.296875 0.3245192307692308 0.16346153846153846
0 0.8533653846153846 0.4170673076923077 0.28365384615384615 0.2692307692307692
0 0.8846153846153846 0.1502403846153846 0.22115384615384615 0.2403846153846154
0 0.9098557692307693 0.01201923076923077 0.15865384615384615 0.02403846153846154
0 0.7908653846153846 0.9098557692307693 0.12980769230769232 0.09615384615384616
0 0.6466346153846154 0.8509615384615384 0.15865384615384615 0.1201923076923077
0 0.6754807692307693 0.9747596153846154 0.16346153846153846 0.04326923076923077
0 0.5516826923076923 0.9134615384615384 0.11298076923076923 0.0889423076923077
0 0.6213942307692307 0.7355769230769231 0.14903846153846154 0.09615384615384616
0 0.5 0.6694711538461539 0.11298076923076923 0.08173076923076923
0 0.43028846153846156 0.9134615384615384 0.12980769230769232 0.0889423076923077
0 0.5252403846153846 0.9807692307692307 0.11298076923076923 0.03125
0 0.5048076923076923 0.7716346153846154 0.11298076923076923 0.10096153846153846
0 0.3269230769230769 0.3473557692307692 0.13942307692307693 0.09134615384615384
0 0.22716346153846154 0.4170673076923077 0.125 0.08653846153846154
0 0.21153846153846154 0.328125 0.11298076923076923 0.09134615384615384
0 0.234375 0.20673076923076922 0.10817307692307693 0.08173076923076923
0 0.32211538461538464 0.1466346153846154 0.09615384615384616 0.10096153846153846
0 0.35336538461538464 0.24519230769230768 0.13942307692307693 0.09615384615384616
0 0.45072115384615385 0.2668269230769231 0.12980769230769232 0.125
0 0.5288461538461539 0.29927884615384615 0.07692307692307693 0.07211538461538461
0 0.4567307692307692 0.36538461538461536 0.08653846153846154 0.0673076923076923
0 0.5048076923076923 0.1622596153846154 0.10336538461538461 0.08653846153846154
0 0.4254807692307692 0.140625 0.1201923076923077 0.09615384615384616
0 0.4050480769230769 0.06370192307692307 0.09615384615384616 0.0673076923076923
0 0.4987980769230769 0.04927884615384615 0.15144230769230768 0.09375
0 0.6346153846153846 0.04807692307692308 0.14423076923076922 0.08173076923076923
0 0.6466346153846154 0.12379807692307693 0.14903846153846154 0.10817307692307693
0 0.71875 0.05048076923076923 0.08653846153846154 0.06971153846153846
0 0.75 0.13341346153846154 0.1201923076923077 0.11057692307692307
0 0.6670673076923077 0.19831730769230768 0.1201923076923077 0.05048076923076923
0 0.14783653846153846 0.15384615384615385 0.2956730769230769 0.30288461538461536
0 0.10576923076923077 0.4579326923076923 0.21153846153846154 0.2668269230769231