0 0.34615384615384615 0.10576923076923077 0.2283653846153846 0.20192307692307693
0 0.2512019230769231 0.3449519230769231 0.1778846153846154 0.28846153846153844
0 0.453125 0.33533653846153844 0.23557692307692307 0.2980769230769231
0 0.5168269230769231 0.11057692307692307 0.12980769230769232 0.21153846153846154
0 0.6201923076923077 0.22115384615384615 0.15865384615384615 0.21634615384615385
0 0.5889423076923077 0.4098557692307692 0.0889423076923077 0.14903846153846154
0 0.6790865384615384 0.36538461538461536 0.10096153846153846 0.1346153846153846
0 0.7355769230769231 0.36538461538461536 0.04326923076923077 0.11298076923076923
0 0.7920673076923077 0.29927884615384615 0.13942307692307693 0.3798076923076923
0 0.5036057692307693 0.5745192307692307 0.12740384615384615 0.15865384615384615
0 0.3473557692307692 0.5877403846153846 0.1778846153846154 0.25721153846153844
0 0.4651442307692308 0.7451923076923077 0.14903846153846154 0.19230769230769232
0 0.34375 0.8197115384615384 0.18509615384615385 0.20673076923076922
0 0.5348557692307693 0.6454326923076923 0.5456730769230769 0.7043269230769231
0 0.6658653846153846 0.4891826923076923 0.11057692307692307 0.11298076923076923
0 0.6310096153846154 0.6033653846153846 0.08173076923076923 0.10336538461538461
0 0.7427884615384616 0.6370192307692307 0.07211538461538461 0.09615384615384616
0 0.7584134615384616 0.5228365384615384 0.04326923076923077 0.1201923076923077
0 0.8028846153846154 0.6346153846153846 0.052884615384615384 0.1346153846153846
0 0.7043269230769231 0.7319711538461539 0.09615384615384616 0.125
0 0.671875 0.8269230769230769 0.10096153846153846 0.13942307692307693
0 0.7391826923076923 0.8533653846153846 0.04326923076923077 0.08653846153846154
0 0.6598557692307693 0.9338942307692307 0.18990384615384615 0.12740384615384615
0 0.7632211538461539 0.9831730769230769 0.021634615384615384 0.028846153846153848
0 0.5661057692307693 0.6706730769230769 0.18269230769230768 0.40384615384615385
4 0.1346153846153846 0.7728365384615384 0.2620192307692308 0.4519230769230769
4 0.10576923076923077 0.5288461538461539 0.20432692307692307 0.13942307692307693
4 0.0673076923076923 0.23918269230769232 0.12740384615384615 0.46875
4 0.16826923076923078 0.11057692307692307 0.11057692307692307 0.21153846153846154
4 0.24759615384615385 0.17548076923076922 0.0625 0.0625
4 0.32211538461538464 0.234375 0.05048076923076923 0.057692307692307696
4 0.9302884615384616 0.5 0.13942307692307693 0.9951923076923077
4 0.5168269230769231 0.9651442307692307 0.12980769230769232 0.06490384615384616