0 0.8389423076923077 0.038461538461538464 0.11538461538461539 0.0673076923076923
0 0.5913461538461539 0.171875 0.4639423076923077 0.33653846153846156
0 0.3329326923076923 0.07091346153846154 0.4375 0.1346153846153846
0 0.06009615384615385 0.04927884615384615 0.1201923076923077 0.09134615384615384
0 0.21394230769230768 0.28966346153846156 0.42788461538461536 0.38221153846153844
0 0.49278846153846156 0.5204326923076923 0.4951923076923077 0.37740384615384615
0 0.7992788461538461 0.5673076923076923 0.19230769230769232 0.3557692307692308
0 0.8016826923076923 0.33413461538461536 0.1875 0.19471153846153846
0 0.8677884615384616 0.15865384615384615 0.0673076923076923 0.15625
0 0.7764423076923077 0.7295673076923077 0.25 0.17548076923076922
0 0.8161057692307693 0.8930288461538461 0.1658653846153846 0.2091346153846154
0 0.4026442307692308 0.8461538461538461 0.6802884615384616 0.30288461538461536
0 0.13581730769230768 0.6237980769230769 0.2692307692307692 0.3076923076923077
0 0.12259615384615384 0.8016826923076923 0.0889423076923077 0.10576923076923077
0 0.05889423076923077 0.8954326923076923 0.11778846153846154 0.20432692307692307
0 0.453125 0.5 0.90625 0.9951923076923077