0 0.47836538461538464 0.42908653846153844 0.07211538461538461 0.05048076923076923
0 0.7319711538461539 0.2764423076923077 0.17307692307692307 0.08653846153846154
0 0.734375 0.4050480769230769 0.22355769230769232 0.18509615384615385
0 0.5709134615384616 0.4362980769230769 0.20192307692307693 0.16826923076923078
0 0.5817307692307693 0.5745192307692307 0.13701923076923078 0.10096153846153846
0 0.6310096153846154 0.7487980769230769 0.37740384615384615 0.40865384615384615
0 0.49399038461538464 0.7199519230769231 0.08173076923076923 0.05048076923076923
0 0.4699519230769231 0.6598557692307693 0.0673076923076923 0.052884615384615384
0 0.4423076923076923 0.6105769230769231 0.0673076923076923 0.028846153846153848
0 0.4338942307692308 0.6526442307692307 0.125 0.12740384615384615
0 0.28966346153846156 0.5961538461538461 0.11057692307692307 0.04326923076923077
0 0.3173076923076923 0.6454326923076923 0.07692307692307693 0.052884615384615384
0 0.28966346153846156 0.5420673076923077 0.08653846153846154 0.05048076923076923
0 0.390625 0.5612980769230769 0.16826923076923078 0.052884615384615384
0 0.45913461538461536 0.5072115384615384 0.11057692307692307 0.052884615384615384
0 0.4074519230769231 0.3605769230769231 0.08173076923076923 0.06490384615384616
0 0.3137019230769231 0.36538461538461536 0.09134615384615384 0.04807692307692308
0 0.28365384615384615 0.33052884615384615 0.07692307692307693 0.036057692307692304
0 0.19951923076923078 0.41466346153846156 0.09134615384615384 0.057692307692307696
0 0.12259615384615384 0.35096153846153844 0.10336538461538461 0.07692307692307693
0 0.07932692307692307 0.5528846153846154 0.08173076923076923 0.07211538461538461
0 0.1141826923076923 0.44711538461538464 0.0673076923076923 0.057692307692307696
0 0.13701923076923078 0.6923076923076923 0.1201923076923077 0.0985576923076923
0 0.2704326923076923 0.23677884615384615 0.10336538461538461 0.08173076923076923
0 0.2956730769230769 0.17307692307692307 0.0985576923076923 0.08413461538461539
0 0.4807692307692308 0.265625 0.0673076923076923 0.05048076923076923
0 0.5625 0.234375 0.08653846153846154 0.0625
0 0.5841346153846154 0.13942307692307693 0.08653846153846154 0.0625
0 0.8365384615384616 0.18389423076923078 0.07692307692307693 0.052884615384615384
0 0.8689903846153846 0.33413461538461536 0.1201923076923077 0.05048076923076923
0 0.8798076923076923 0.40384615384615385 0.12980769230769232 0.09615384615384616
0 0.8713942307692307 0.578125 0.14903846153846154 0.31971153846153844
0 0.84375 0.7259615384615384 0.06009615384615385 0.17067307692307693
0 0.9182692307692307 0.6550480769230769 0.0985576923076923 0.15384615384615385
0 0.9651442307692307 0.8425480769230769 0.06490384615384616 0.23317307692307693
0 0.14783653846153846 0.921875 0.28365384615384615 0.14903846153846154
0 0.21634615384615385 0.65625 0.11538461538461539 0.16346153846153846
0 0.19951923076923078 0.08413461538461539 0.08173076923076923 0.05048076923076923
0 0.16947115384615385 0.02403846153846154 0.08653846153846154 0.04807692307692308
0 0.27884615384615385 0.04567307692307692 0.0985576923076923 0.07692307692307693
0 0.921875 0.09495192307692307 0.15144230769230768 0.17548076923076922
0 0.9242788461538461 0.1935096153846154 0.1466346153846154 0.14182692307692307
0 0.9495192307692307 0.26322115384615385 0.09615384615384616 0.07932692307692307
0 0.9735576923076923 0.3112980769230769 0.04807692307692308 0.06971153846153846
0 0.5012019230769231 0.5 0.9927884615384616 1