0 0.14903846153846154 0.8040865384615384 0.2932692307692308 0.38221153846153844
0 0.22115384615384615 0.59375 0.15625 0.23557692307692307
0 0.15865384615384615 0.49759615384615385 0.18990384615384615 0.18990384615384615
0 0.0889423076923077 0.5444711538461539 0.057692307692307696 0.19951923076923078
0 0.04927884615384615 0.5204326923076923 0.09134615384615384 0.2548076923076923
0 0.10096153846153846 0.40024038461538464 0.11778846153846154 0.10096153846153846
0 0.10096153846153846 0.3137019230769231 0.09615384615384616 0.10576923076923077
0 0.203125 0.3401442307692308 0.07932692307692307 0.15865384615384615
0 0.24278846153846154 0.29086538461538464 0.052884615384615384 0.18269230769230768
0 0.18389423076923078 0.21995192307692307 0.06490384615384616 0.08413461538461539
0 0.25600961538461536 0.1201923076923077 0.10817307692307693 0.052884615384615384
0 0.19110576923076922 0.23076923076923078 0.13221153846153846 0.1778846153846154
0 0.11538461538461539 0.24879807692307693 0.18509615384615385 0.3076923076923077
0 0.036057692307692304 0.32211538461538464 0.06490384615384616 0.21634615384615385
0 0.30649038461538464 0.08173076923076923 0.38461538461538464 0.16346153846153846
0 0.44471153846153844 0.0889423076923077 0.16346153846153846 0.1466346153846154
0 0.43028846153846156 0.1935096153846154 0.08653846153846154 0.08413461538461539
0 0.4375 0.22716346153846154 0.16346153846153846 0.14182692307692307
0 0.42427884615384615 0.5240384615384616 0.31971153846153844 0.8894230769230769
0 0.3942307692307692 0.8689903846153846 0.15865384615384615 0.25
0 0.27884615384615385 0.8485576923076923 0.14182692307692307 0.2932692307692308
0 0.15384615384615385 0.8040865384615384 0.3004807692307692 0.38221153846153844
0 0.890625 0.8918269230769231 0.21394230769230768 0.21153846153846154
0 0.9182692307692307 0.8064903846153846 0.04807692307692308 0.19951923076923078
0 0.8353365384615384 0.7776442307692307 0.18509615384615385 0.15144230769230768
0 0.8485576923076923 0.6959134615384616 0.052884615384615384 0.08413461538461539
0 0.7788461538461539 0.6778846153846154 0.04326923076923077 0.0889423076923077
0 0.890625 0.3173076923076923 0.18269230769230768 0.34134615384615385
0 0.7560096153846154 0.39783653846153844 0.04807692307692308 0.23076923076923078
0 0.7403846153846154 0.17307692307692307 0.07211538461538461 0.34615384615384615
0 0.8485576923076923 0.12620192307692307 0.15144230769230768 0.10576923076923077
0 0.8088942307692307 0.1935096153846154 0.08653846153846154 0.08413461538461539
0 0.6634615384615384 0.16105769230769232 0.40384615384615385 0.3173076923076923
0 0.546875 0.15144230769230768 0.07211538461538461 0.125
0 0.6646634615384616 0.4026442307692308 0.11057692307692307 0.2091346153846154
0 0.921875 0.23076923076923078 0.15384615384615385 0.46153846153846156
0 0.9146634615384616 0.5829326923076923 0.1658653846153846 0.3293269230769231
0 0.8088942307692307 0.5685096153846154 0.34615384615384615 0.5192307692307693
0 0.7524038461538461 0.921875 0.07932692307692307 0.1466346153846154
0 0.5625 0.8641826923076923 0.20192307692307693 0.2620192307692308
0 0.6081730769230769 0.6802884615384616 0.33653846153846156 0.6298076923076923
0 0.5552884615384616 0.38461538461538464 0.13221153846153846 0.14182692307692307
0 0.4807692307692308 0.3245192307692308 0.15865384615384615 0.1346153846153846
0 0.8365384615384616 0.3245192307692308 0.11538461538461539 0.10576923076923077
0 0.4987980769230769 0.5012019230769231 0.9975961538461539 0.9975961538461539