0 0.17548076923076922 0.14783653846153846 0.3076923076923077 0.19951923076923078
0 0.15504807692307693 0.037259615384615384 0.30528846153846156 0.06490384615384616
0 0.4182692307692308 0.1141826923076923 0.22115384615384615 0.18269230769230768
0 0.5144230769230769 0.25961538461538464 0.2860576923076923 0.16826923076923078
0 0.3004807692307692 0.32572115384615385 0.3269230769230769 0.1875
0 0.0733173076923077 0.2824519230769231 0.14182692307692307 0.17548076923076922
0 0.03245192307692308 0.11899038461538461 0.0625 0.14423076923076922
0 0.13701923076923078 0.4375 0.2692307692307692 0.22115384615384615
0 0.4182692307692308 0.4831730769230769 0.3076923076923077 0.21394230769230768
0 0.6394230769230769 0.421875 0.2644230769230769 0.13942307692307693
0 0.6574519230769231 0.5805288461538461 0.3004807692307692 0.19951923076923078
0 0.453125 0.7019230769230769 0.32211538461538464 0.23317307692307693
0 0.16105769230769232 0.6502403846153846 0.32211538461538464 0.21394230769230768
0 0.7644230769230769 0.6334134615384616 0.27163461538461536 0.18990384615384615
0 0.5925480769230769 0.7980769230769231 0.2860576923076923 0.20432692307692307
0 0.25 0.7932692307692307 0.2860576923076923 0.15865384615384615
0 0.12620192307692307 0.8581730769230769 0.24759615384615385 0.22115384615384615