0 0.26802884615384615 0.7055288461538461 0.5240384615384616 0.2764423076923077
0 0.03245192307692308 0.8834134615384616 0.052884615384615384 0.052884615384615384
0 0.05048076923076923 0.9615384615384616 0.0889423076923077 0.057692307692307696
0 0.6069711538461539 0.6670673076923077 0.25 0.34615384615384615
0 0.4254807692307692 0.8545673076923077 0.4807692307692308 0.20192307692307693
0 0.5300480769230769 0.9230769230769231 0.23798076923076922 0.10096153846153846
0 0.7800480769230769 0.8617788461538461 0.25 0.18990384615384615
0 0.8100961538461539 0.75 0.1201923076923077 0.06009615384615385
0 0.7560096153846154 0.6286057692307693 0.16826923076923078 0.21634615384615385
0 0.9627403846153846 0.4699519230769231 0.06971153846153846 0.3485576923076923
0 0.8822115384615384 0.171875 0.23076923076923078 0.3389423076923077
0 0.2620192307692308 0.3401442307692308 0.5120192307692307 0.5673076923076923
0 0.5709134615384616 0.3798076923076923 0.3317307692307692 0.3798076923076923
0 0.49399038461538464 0.1310096153846154 0.6802884615384616 0.25721153846153844
3 0.054086538461538464 0.40384615384615385 0.09615384615384616 0.03365384615384615