0 0.039663461538461536 0.08533653846153846 0.04326923076923077 0.07211538461538461
0 0.10336538461538461 0.07091346153846154 0.04807692307692308 0.07692307692307693
0 0.10096153846153846 0.14783653846153846 0.05048076923076923 0.07692307692307693
0 0.06129807692307692 0.11298076923076923 0.04326923076923077 0.04807692307692308
0 0.046875 0.17548076923076922 0.06490384615384616 0.0985576923076923
0 0.016826923076923076 0.12620192307692307 0.026442307692307692 0.0985576923076923
0 0.09375 0.19831730769230768 0.06490384615384616 0.055288461538461536
0 0.09014423076923077 0.26322115384615385 0.07211538461538461 0.0985576923076923
0 0.020432692307692308 0.21394230769230768 0.03365384615384615 0.04326923076923077
0 0.042067307692307696 0.23076923076923078 0.03365384615384615 0.03365384615384615
0 0.02403846153846154 0.2800480769230769 0.040865384615384616 0.08653846153846154
0 0.016826923076923076 0.3545673076923077 0.026442307692307692 0.09375
0 0.06850961538461539 0.3245192307692308 0.06490384615384616 0.04326923076923077
0 0.0673076923076923 0.3762019230769231 0.07692307692307693 0.06009615384615385
0 0.06370192307692307 0.43990384615384615 0.07692307692307693 0.1201923076923077
0 0.013221153846153846 0.45552884615384615 0.019230769230769232 0.0985576923076923
0 0.046875 0.546875 0.08653846153846154 0.11538461538461539
0 0.014423076923076924 0.6153846153846154 0.021634615384615384 0.07692307692307693
0 0.038461538461538464 0.7007211538461539 0.06971153846153846 0.11538461538461539
0 0.021634615384615384 0.7776442307692307 0.036057692307692304 0.09375
0 0.03245192307692308 0.8762019230769231 0.057692307692307696 0.125
0 0.03245192307692308 0.9591346153846154 0.057692307692307696 0.07211538461538461
0 0.1045673076923077 0.9675480769230769 0.08653846153846154 0.055288461538461536
0 0.12139423076923077 0.8786057692307693 0.10576923076923077 0.14423076923076922
0 0.078125 0.7716346153846154 0.07692307692307693 0.11538461538461539
0 0.14302884615384615 0.8016826923076923 0.04807692307692308 0.055288461538461536
0 0.20072115384615385 0.9447115384615384 0.07692307692307693 0.0985576923076923
0 0.22235576923076922 0.8353365384615384 0.09134615384615384 0.15384615384615385
0 0.28125 0.8930288461538461 0.07932692307692307 0.125
0 0.29927884615384615 0.9615384615384616 0.07211538461538461 0.0673076923076923
0 0.35216346153846156 0.9146634615384616 0.07692307692307693 0.14903846153846154
0 0.41346153846153844 0.9639423076923077 0.08173076923076923 0.06009615384615385
0 0.3918269230769231 0.8629807692307693 0.0625 0.14423076923076922
0 0.3317307692307692 0.7824519230769231 0.07211538461538461 0.125
0 0.2980769230769231 0.7223557692307693 0.06971153846153846 0.11538461538461539
0 0.234375 0.7175480769230769 0.06490384615384616 0.11538461538461539
0 0.171875 0.7391826923076923 0.055288461538461536 0.125
0 0.11177884615384616 0.7283653846153846 0.07211538461538461 0.11538461538461539
0 0.0829326923076923 0.6237980769230769 0.07932692307692307 0.125
0 0.16105769230769232 0.6322115384615384 0.0625 0.08653846153846154
0 0.3713942307692308 0.75 0.057692307692307696 0.08173076923076923
0 0.44711538461538464 0.7632211538461539 0.09375 0.14423076923076922
0 0.4110576923076923 0.6899038461538461 0.07932692307692307 0.13701923076923078
0 0.35216346153846156 0.6478365384615384 0.0625 0.11057692307692307
0 0.29447115384615385 0.5637019230769231 0.0673076923076923 0.13701923076923078
0 0.2548076923076923 0.6045673076923077 0.08413461538461539 0.13221153846153846
0 0.20552884615384615 0.5576923076923077 0.07211538461538461 0.09375
0 0.13701923076923078 0.5324519230769231 0.057692307692307696 0.1201923076923077
0 0.35697115384615385 0.5408653846153846 0.07932692307692307 0.11538461538461539
0 0.41346153846153844 0.5793269230769231 0.07692307692307693 0.11538461538461539
0 0.4891826923076923 0.609375 0.07692307692307693 0.11057692307692307
0 0.4567307692307692 0.45913461538461536 0.0625 0.09375
0 0.39663461538461536 0.4639423076923077 0.07211538461538461 0.10576923076923077
0 0.32091346153846156 0.4675480769230769 0.06490384615384616 0.0985576923076923
0 0.30528846153846156 0.40625 0.08413461538461539 0.0985576923076923
0 0.25240384615384615 0.4675480769230769 0.057692307692307696 0.0985576923076923
0 0.23677884615384615 0.3954326923076923 0.0625 0.0673076923076923
0 0.1875 0.45072115384615385 0.07211538461538461 0.12259615384615384
0 0.12620192307692307 0.41225961538461536 0.057692307692307696 0.0673076923076923
0 0.12860576923076922 0.3545673076923077 0.038461538461538464 0.08173076923076923
0 0.18389423076923078 0.3545673076923077 0.06490384615384616 0.07211538461538461
0 0.40024038461538464 0.38221153846153844 0.07211538461538461 0.07211538461538461
0 0.45072115384615385 0.39302884615384615 0.04326923076923077 0.07211538461538461
0 0.45072115384615385 0.33774038461538464 0.07211538461538461 0.08173076923076923
0 0.42427884615384615 0.2608173076923077 0.040865384615384616 0.10576923076923077
0 0.15865384615384615 0.21394230769230768 0.05048076923076923 0.08653846153846154
0 0.15745192307692307 0.2860576923076923 0.04807692307692308 0.07692307692307693
0 0.18028846153846154 0.35216346153846156 0.05048076923076923 0.0673076923076923
0 0.4675480769230769 0.2608173076923077 0.055288461538461536 0.09375
0 0.44350961538461536 0.1814903846153846 0.06490384615384616 0.0673076923076923
0 0.38100961538461536 0.12860576923076922 0.0625 0.08173076923076923
0 0.31971153846153844 0.11298076923076923 0.052884615384615384 0.08173076923076923
0 0.24879807692307693 0.109375 0.07211538461538461 0.055288461538461536
0 0.26322115384615385 0.0829326923076923 0.04326923076923077 0.03365384615384615
0 0.2956730769230769 0.051682692307692304 0.06490384615384616 0.06009615384615385
0 0.36778846153846156 0.06850961538461539 0.07211538461538461 0.06009615384615385
0 0.4182692307692308 0.0985576923076923 0.07932692307692307 0.08653846153846154
0 0.4639423076923077 0.13221153846153846 0.038461538461538464 0.0673076923076923
0 0.5925480769230769 0.04326923076923077 0.07451923076923077 0.08173076923076923
0 0.6225961538461539 0.07451923076923077 0.0625 0.08173076923076923
0 0.6550480769230769 0.055288461538461536 0.03365384615384615 0.055288461538461536
0 0.7007211538461539 0.057692307692307696 0.057692307692307696 0.06009615384615385
0 0.7223557692307693 0.12860576923076922 0.06490384615384616 0.10576923076923077
0 0.7524038461538461 0.039663461538461536 0.0625 0.07451923076923077
0 0.7848557692307693 0.04927884615384615 0.0673076923076923 0.07692307692307693
0 0.78125 0.12620192307692307 0.04807692307692308 0.04567307692307692
0 0.7764423076923077 0.18990384615384615 0.06490384615384616 0.08413461538461539
0 0.7439903846153846 0.25841346153846156 0.07211538461538461 0.07692307692307693
0 0.6802884615384616 0.2439903846153846 0.052884615384615384 0.06009615384615385
0 0.7127403846153846 0.22235576923076922 0.0625 0.06009615384615385
0 0.8137019230769231 0.27524038461538464 0.07692307692307693 0.0889423076923077
0 0.7884615384615384 0.3016826923076923 0.03365384615384615 0.021634615384615384
0 0.6550480769230769 0.13221153846153846 0.0673076923076923 0.08653846153846154
0 0.6983173076923077 0.055288461538461536 0.052884615384615384 0.055288461538461536
0 0.5685096153846154 0.12860576923076922 0.0625 0.09375
0 0.6105769230769231 0.15384615384615385 0.036057692307692304 0.07692307692307693
0 0.6466346153846154 0.21394230769230768 0.06490384615384616 0.055288461538461536
0 0.5793269230769231 0.21394230769230768 0.0625 0.08653846153846154
0 0.5168269230769231 0.22235576923076922 0.06490384615384616 0.08173076923076923
0 0.6009615384615384 0.25841346153846156 0.0625 0.07692307692307693
0 0.5324519230769231 0.28846153846153844 0.0625 0.08173076923076923
0 0.5721153846153846 0.34615384615384615 0.04807692307692308 0.13221153846153846
0 0.5180288461538461 0.3401442307692308 0.0625 0.055288461538461536
0 0.5072115384615384 0.3954326923076923 0.0625 0.08653846153846154
0 0.5348557692307693 0.44471153846153844 0.07211538461538461 0.11057692307692307
0 0.8425480769230769 0.39302884615384615 0.052884615384615384 0.10576923076923077
0 0.4963942307692308 0.5360576923076923 0.07692307692307693 0.10576923076923077
0 0.5709134615384616 0.6177884615384616 0.08653846153846154 0.125
0 0.5540865384615384 0.5132211538461539 0.038461538461538464 0.09375
0 0.6141826923076923 0.5216346153846154 0.08653846153846154 0.13221153846153846
0 0.6646634615384616 0.6262019230769231 0.08653846153846154 0.1201923076923077
0 0.6009615384615384 0.7055288461538461 0.08173076923076923 0.13701923076923078
0 0.5540865384615384 0.7692307692307693 0.08413461538461539 0.13221153846153846
0 0.49038461538461536 0.7175480769230769 0.07211538461538461 0.09375
0 0.6947115384615384 0.5192307692307693 0.07692307692307693 0.10576923076923077
0 0.7451923076923077 0.5985576923076923 0.09134615384615384 0.0985576923076923
0 0.7512019230769231 0.5384615384615384 0.05048076923076923 0.03365384615384615
0 0.4675480769230769 0.8978365384615384 0.09134615384615384 0.13701923076923078
0 0.48197115384615385 0.9747596153846154 0.04807692307692308 0.038461538461538464
0 0.5576923076923077 0.9639423076923077 0.09134615384615384 0.06009615384615385
0 0.5637019230769231 0.8870192307692307 0.08653846153846154 0.14903846153846154
0 0.6478365384615384 0.8569711538461539 0.09615384615384616 0.14423076923076922
0 0.6177884615384616 0.7944711538461539 0.05048076923076923 0.06009615384615385
0 0.6514423076923077 0.9555288461538461 0.09615384615384616 0.07692307692307693
0 0.7007211538461539 0.9098557692307693 0.06490384615384616 0.09375
0 0.7403846153846154 0.9555288461538461 0.10096153846153846 0.07692307692307693
0 0.7944711538461539 0.8978365384615384 0.10096153846153846 0.13701923076923078
0 0.8701923076923077 0.953125 0.09375 0.08173076923076923
0 0.8966346153846154 0.9206730769230769 0.09134615384615384 0.14903846153846154
0 0.8137019230769231 0.8076923076923077 0.09134615384615384 0.1201923076923077
0 0.8930288461538461 0.7944711538461539 0.08173076923076923 0.125
0 0.7271634615384616 0.7992788461538461 0.09615384615384616 0.14903846153846154
0 0.6802884615384616 0.7247596153846154 0.08173076923076923 0.1201923076923077
0 0.7584134615384616 0.703125 0.08653846153846154 0.1201923076923077
0 0.8317307692307693 0.45072115384615385 0.04807692307692308 0.021634615384615384
0 0.8353365384615384 0.5024038461538461 0.08173076923076923 0.10576923076923077
0 0.8341346153846154 0.5877403846153846 0.09375 0.0985576923076923
0 0.8353365384615384 0.6899038461538461 0.09134615384615384 0.125
0 0.8786057692307693 0.6069711538461539 0.02403846153846154 0.08413461538461539
0 0.8918269230769231 0.6947115384615384 0.036057692307692304 0.08173076923076923
0 0.9699519230769231 0.9819711538461539 0.055288461538461536 0.03125
0 0.9735576923076923 0.9110576923076923 0.04807692307692308 0.13942307692307693
0 0.9675480769230769 0.7944711538461539 0.06009615384615385 0.11778846153846154
0 0.9519230769230769 0.703125 0.09134615384615384 0.1466346153846154
0 0.9326923076923077 0.609375 0.09134615384615384 0.11057692307692307
0 0.9795673076923077 0.5769230769230769 0.038461538461538464 0.11057692307692307
0 0.9098557692307693 0.5252403846153846 0.07932692307692307 0.10576923076923077
0 0.9819711538461539 0.4795673076923077 0.03125 0.0889423076923077
0 0.9675480769230769 0.45552884615384615 0.057692307692307696 0.11057692307692307
0 0.9074519230769231 0.4230769230769231 0.07692307692307693 0.11057692307692307
0 0.9326923076923077 0.3786057692307692 0.0625 0.07692307692307693
0 0.8822115384615384 0.3293269230769231 0.07692307692307693 0.11057692307692307
0 0.8810096153846154 0.23918269230769232 0.07932692307692307 0.07211538461538461
0 0.8341346153846154 0.20072115384615385 0.057692307692307696 0.07211538461538461
0 0.9495192307692307 0.2692307692307692 0.06490384615384616 0.0673076923076923
0 0.9471153846153846 0.34375 0.0625 0.08173076923076923
0 0.9807692307692307 0.38221153846153844 0.03365384615384615 0.09615384615384616
0 0.9567307692307693 0.19230769230769232 0.07211538461538461 0.08653846153846154
0 0.8930288461538461 0.16706730769230768 0.0625 0.07211538461538461
0 0.9867788461538461 0.23317307692307693 0.02403846153846154 0.15865384615384615
0 0.9567307692307693 0.11778846153846154 0.06490384615384616 0.08173076923076923
0 0.9939903846153846 0.1045673076923077 0.009615384615384616 0.07692307692307693
0 0.9723557692307693 0.055288461538461536 0.052884615384615384 0.03365384615384615
0 0.9831730769230769 0.030048076923076924 0.028846153846153848 0.055288461538461536