0 0.052884615384615384 0.10817307692307693 0.09615384615384616 0.12259615384615384
0 0.12379807692307693 0.17908653846153846 0.10576923076923077 0.10336538461538461
0 0.04807692307692308 0.23557692307692307 0.08653846153846154 0.12259615384615384
0 0.078125 0.2668269230769231 0.08653846153846154 0.09134615384615384
0 0.1346153846153846 0.24519230769230768 0.03365384615384615 0.04807692307692308
0 0.17668269230769232 0.06850961538461539 0.19230769230769232 0.12740384615384615
0 0.23557692307692307 0.026442307692307692 0.057692307692307696 0.04326923076923077
0 0.24759615384615385 0.06610576923076923 0.04326923076923077 0.04807692307692308
0 0.23918269230769232 0.10336538461538461 0.04326923076923077 0.038461538461538464
0 0.109375 0.3557692307692308 0.0673076923076923 0.07211538461538461
0 0.1971153846153846 0.36778846153846156 0.0673076923076923 0.057692307692307696
0 0.20192307692307693 0.44350961538461536 0.057692307692307696 0.0673076923076923
0 0.20192307692307693 0.5168269230769231 0.05048076923076923 0.0625
0 0.17908653846153846 0.47115384615384615 0.04567307692307692 0.057692307692307696
0 0.15504807692307693 0.5096153846153846 0.05048076923076923 0.0673076923076923
0 0.12139423076923077 0.4735576923076923 0.05048076923076923 0.08173076923076923
0 0.11298076923076923 0.4098557692307692 0.03365384615384615 0.038461538461538464
0 0.06490384615384616 0.40384615384615385 0.052884615384615384 0.07211538461538461
0 0.028846153846153848 0.36538461538461536 0.05048076923076923 0.07211538461538461
0 0.0625 0.3401442307692308 0.03365384615384615 0.04807692307692308
0 0.15384615384615385 0.3918269230769231 0.052884615384615384 0.08653846153846154
0 0.08413461538461539 0.47596153846153844 0.0673076923076923 0.07692307692307693
0 0.036057692307692304 0.5072115384615384 0.0625 0.08173076923076923
0 0.03365384615384615 0.42908653846153844 0.04326923076923077 0.057692307692307696
0 0.07932692307692307 0.5492788461538461 0.0673076923076923 0.08173076923076923
0 0.10697115384615384 0.5685096153846154 0.052884615384615384 0.09134615384615384
0 0.14302884615384615 0.5805288461538461 0.04326923076923077 0.0673076923076923
0 0.171875 0.59375 0.03365384615384615 0.057692307692307696
0 0.19591346153846154 0.6105769230769231 0.01201923076923077 0.03365384615384615
0 0.18028846153846154 0.6514423076923077 0.04326923076923077 0.0673076923076923
0 0.15144230769230768 0.6574519230769231 0.04326923076923077 0.0625
0 0.140625 0.6418269230769231 0.038461538461538464 0.057692307692307696
0 0.10336538461538461 0.6442307692307693 0.052884615384615384 0.07211538461538461
0 0.07572115384615384 0.6370192307692307 0.04326923076923077 0.0673076923076923
0 0.039663461538461536 0.6935096153846154 0.0625 0.06490384615384616
0 0.036057692307692304 0.6201923076923077 0.0625 0.07211538461538461
0 0.027644230769230768 0.5588942307692307 0.04567307692307692 0.04326923076923077
0 0.44591346153846156 0.5961538461538461 0.11057692307692307 0.13701923076923078
0 0.5108173076923077 0.5925480769230769 0.07211538461538461 0.11778846153846154
0 0.5528846153846154 0.6418269230769231 0.0625 0.08653846153846154
0 0.4963942307692308 0.6959134615384616 0.07692307692307693 0.08173076923076923
0 0.4639423076923077 0.75 0.07932692307692307 0.12259615384615384
0 0.42908653846153844 0.7235576923076923 0.08413461538461539 0.1466346153846154
0 0.39903846153846156 0.6394230769230769 0.03365384615384615 0.07211538461538461
0 0.5252403846153846 0.7872596153846154 0.07692307692307693 0.08653846153846154
0 0.47475961538461536 0.4879807692307692 0.14423076923076922 0.0985576923076923
0 0.4855769230769231 0.453125 0.18028846153846154 0.09375
0 0.4879807692307692 0.4074519230769231 0.19230769230769232 0.08173076923076923
0 0.4855769230769231 0.328125 0.20673076923076922 0.09134615384615384
0 0.4855769230769231 0.2920673076923077 0.20673076923076922 0.0673076923076923
0 0.4879807692307692 0.23557692307692307 0.1778846153846154 0.07692307692307693
0 0.4963942307692308 0.19591346153846154 0.15865384615384615 0.09134615384615384
0 0.49399038461538464 0.11057692307692307 0.18028846153846154 0.10817307692307693
0 0.4831730769230769 0.06610576923076923 0.16826923076923078 0.057692307692307696
0 0.4855769230769231 0.03125 0.1875 0.052884615384615384
0 0.49399038461538464 0.8629807692307693 0.07211538461538461 0.10336538461538461
0 0.4519230769230769 0.9387019230769231 0.09615384615384616 0.11298076923076923
0 0.4326923076923077 0.8870192307692307 0.09134615384615384 0.09375
0 0.3942307692307692 0.953125 0.038461538461538464 0.0889423076923077
0 0.4230769230769231 0.9915865384615384 0.08653846153846154 0.01201923076923077
0 0.5012019230769231 0.9555288461538461 0.07451923076923077 0.08413461538461539
0 0.6622596153846154 0.46875 0.052884615384615384 0.07211538461538461
0 0.6875 0.4879807692307692 0.038461538461538464 0.052884615384615384
0 0.7524038461538461 0.53125 0.05048076923076923 0.0625
0 0.7776442307692307 0.5324519230769231 0.02403846153846154 0.038461538461538464
0 0.7271634615384616 0.5492788461538461 0.04326923076923077 0.0625
0 0.7223557692307693 0.6129807692307693 0.05048076923076923 0.0673076923076923
0 0.7536057692307693 0.6153846153846154 0.038461538461538464 0.07211538461538461
0 0.7860576923076923 0.5805288461538461 0.0673076923076923 0.0673076923076923
0 0.8209134615384616 0.6322115384615384 0.0625 0.07692307692307693
0 0.8485576923076923 0.6814903846153846 0.057692307692307696 0.052884615384615384
0 0.8004807692307693 0.7103365384615384 0.07211538461538461 0.0625
0 0.7475961538461539 0.7283653846153846 0.05048076923076923 0.07211538461538461
0 0.7247596153846154 0.6862980769230769 0.052884615384615384 0.08173076923076923
0 0.7295673076923077 0.8377403846153846 0.07211538461538461 0.0985576923076923
0 0.7620192307692307 0.8161057692307693 0.0625 0.08653846153846154
0 0.78125 0.8605769230769231 0.04326923076923077 0.0625
0 0.7728365384615384 0.8918269230769231 0.0673076923076923 0.13221153846153846
0 0.7163461538461539 0.9471153846153846 0.057692307692307696 0.10096153846153846
0 0.6995192307692307 0.8894230769230769 0.028846153846153848 0.0625
0 0.7439903846153846 0.9819711538461539 0.06009615384615385 0.03125
0 0.75 0.34615384615384615 0.10576923076923077 0.2403846153846154
0 0.7415865384615384 0.34375 0.052884615384615384 0.038461538461538464
0 0.9435096153846154 0.5661057692307693 0.0625 0.057692307692307696
0 0.9435096153846154 0.6201923076923077 0.052884615384615384 0.0625
0 0.9182692307692307 0.6418269230769231 0.028846153846153848 0.04807692307692308
0 0.9435096153846154 0.6911057692307693 0.052884615384615384 0.07211538461538461
0 0.9735576923076923 0.671875 0.04807692307692308 0.07451923076923077
0 0.9939903846153846 0.6213942307692307 0.007211538461538462 0.04567307692307692
0 0.9891826923076923 0.5709134615384616 0.019230769230769232 0.057692307692307696
0 0.9759615384615384 0.5396634615384616 0.04326923076923077 0.055288461538461536
0 0.9603365384615384 0.8509615384615384 0.0625 0.08173076923076923
0 0.984375 0.8040865384615384 0.026442307692307692 0.07451923076923077
0 0.9627403846153846 0.9146634615384616 0.0673076923076923 0.057692307692307696
0 0.9903846153846154 0.8786057692307693 0.014423076923076924 0.06971153846153846
0 0.9507211538461539 0.3641826923076923 0.09375 0.2091346153846154
0 0.9290865384615384 0.3701923076923077 0.02403846153846154 0.0985576923076923
0 0.9375 0.32091346153846156 0.04326923076923077 0.0673076923076923
0 0.96875 0.4254807692307692 0.057692307692307696 0.02403846153846154
0 0.9795673076923077 0.3581730769230769 0.02403846153846154 0.057692307692307696
0 0.984375 0.29447115384615385 0.026442307692307692 0.08413461538461539
0 0.9771634615384616 0.21754807692307693 0.028846153846153848 0.028846153846153848
0 0.9903846153846154 0.18870192307692307 0.014423076923076924 0.03125
0 0.9519230769230769 0.1466346153846154 0.038461538461538464 0.028846153846153848
0 0.9495192307692307 0.11778846153846154 0.03365384615384615 0.028846153846153848
0 0.9579326923076923 0.08533653846153846 0.02403846153846154 0.028846153846153848
0 0.9290865384615384 0.10096153846153846 0.02403846153846154 0.03365384615384615
0 0.9266826923076923 0.1466346153846154 0.028846153846153848 0.038461538461538464
0 0.9495192307692307 0.051682692307692304 0.02403846153846154 0.038461538461538464
0 0.9795673076923077 0.03485576923076923 0.02403846153846154 0.03365384615384615
0 0.9807692307692307 0.13221153846153846 0.028846153846153848 0.038461538461538464
0 0.9723557692307693 0.16947115384615385 0.038461538461538464 0.028846153846153848
0 0.9387019230769231 0.17427884615384615 0.038461538461538464 0.038461538461538464
0 0.9927884615384616 0.054086538461538464 0.009615384615384616 0.036057692307692304
0 0.9927884615384616 0.1045673076923077 0.009615384615384616 0.040865384615384616
0 0.7295673076923077 0.06850961538461539 0.028846153846153848 0.03365384615384615
0 0.7355769230769231 0.037259615384615384 0.03365384615384615 0.028846153846153848
0 0.7439903846153846 0.016826923076923076 0.02403846153846154 0.02403846153846154
0 0.7331730769230769 0.09615384615384616 0.028846153846153848 0.03365384615384615
0 0.7139423076923077 0.10817307692307693 0.009615384615384616 0.028846153846153848
0 0.7211538461538461 0.14903846153846154 0.019230769230769232 0.04326923076923077
0 0.75 0.12980769230769232 0.01201923076923077 0.02403846153846154
0 0.7692307692307693 0.11057692307692307 0.03365384615384615 0.04326923076923077
0 0.7692307692307693 0.06850961538461539 0.04326923076923077 0.04326923076923077
0 0.7788461538461539 0.026442307692307692 0.028846153846153848 0.03365384615384615
0 0.7944711538461539 0.07572115384615384 0.016826923076923076 0.028846153846153848
0 0.7980769230769231 0.1201923076923077 0.016826923076923076 0.03365384615384615
0 0.7920673076923077 0.15745192307692307 0.028846153846153848 0.03365384615384615
0 0.7776442307692307 0.14182692307692307 0.03365384615384615 0.038461538461538464
0 0.7752403846153846 0.18870192307692307 0.01201923076923077 0.019230769230769232
0 0.7608173076923077 0.19591346153846154 0.02403846153846154 0.03365384615384615
0 0.7391826923076923 0.19110576923076922 0.03365384615384615 0.04326923076923077
0 0.7271634615384616 0.06850961538461539 0.02403846153846154 0.03365384615384615
0 0.2127403846153846 0.7644230769230769 0.052884615384615384 0.038461538461538464
0 0.18509615384615385 0.7331730769230769 0.04326923076923077 0.04326923076923077
0 0.17668269230769232 0.7007211538461539 0.016826923076923076 0.02403846153846154
0 0.20432692307692307 0.7992788461538461 0.04567307692307692 0.04326923076923077
0 0.19110576923076922 0.8209134615384616 0.038461538461538464 0.038461538461538464
0 0.1971153846153846 0.8653846153846154 0.05048076923076923 0.04326923076923077
0 0.1875 0.9098557692307693 0.04567307692307692 0.04807692307692308
0 0.1875 0.96875 0.038461538461538464 0.052884615384615384
0 0.12980769230769232 0.7451923076923077 0.05048076923076923 0.038461538461538464
0 0.15504807692307693 0.7235576923076923 0.04326923076923077 0.04326923076923077
0 0.1658653846153846 0.7740384615384616 0.04567307692307692 0.04807692307692308
0 0.1466346153846154 0.8209134615384616 0.05048076923076923 0.04807692307692308
0 0.12139423076923077 0.7848557692307693 0.05048076923076923 0.04326923076923077
0 0.15985576923076922 0.8605769230769231 0.04326923076923077 0.052884615384615384
0 0.12980769230769232 0.8966346153846154 0.0673076923076923 0.0673076923076923
0 0.140625 0.9483173076923077 0.04567307692307692 0.04807692307692308
0 0.12139423076923077 0.9819711538461539 0.055288461538461536 0.03125
0 0.15745192307692307 0.984375 0.040865384615384616 0.026442307692307692
0 0.06129807692307692 0.7403846153846154 0.0625 0.057692307692307696
0 0.08173076923076923 0.7848557692307693 0.038461538461538464 0.052884615384615384
0 0.10096153846153846 0.7283653846153846 0.05048076923076923 0.052884615384615384
0 0.09615384615384616 0.8353365384615384 0.05048076923076923 0.04807692307692308
0 0.12980769230769232 0.8581730769230769 0.03365384615384615 0.038461538461538464
0 0.1346153846153846 0.8966346153846154 0.057692307692307696 0.057692307692307696
0 0.10336538461538461 0.9242788461538461 0.04567307692307692 0.057692307692307696
0 0.09495192307692307 0.9711538461538461 0.038461538461538464 0.038461538461538464
0 0.06490384615384616 0.9411057692307693 0.038461538461538464 0.0625
0 0.04807692307692308 0.8846153846153846 0.04567307692307692 0.04326923076923077
0 0.025240384615384616 0.8581730769230769 0.04326923076923077 0.04807692307692308
0 0.028846153846153848 0.8088942307692307 0.05048076923076923 0.052884615384615384
0 0.016826923076923076 0.7524038461538461 0.02403846153846154 0.04326923076923077
0 0.04567307692307692 0.7788461538461539 0.03365384615384615 0.038461538461538464
0 0.06129807692307692 0.8305288461538461 0.038461538461538464 0.04807692307692308
0 0.028846153846153848 0.9146634615384616 0.05048076923076923 0.04807692307692308
0 0.025240384615384616 0.9675480769230769 0.04567307692307692 0.06009615384615385
0 0.05889423076923077 0.9819711538461539 0.036057692307692304 0.03125