0 0.13701923076923078 0.5913461538461539 0.2620192307692308 0.23798076923076922
0 0.2403846153846154 0.7475961538461539 0.3269230769230769 0.22355769230769232
0 0.3605769230769231 0.8822115384615384 0.3076923076923077 0.21634615384615385
0 0.38822115384615385 0.9831730769230769 0.20673076923076922 0.026442307692307692
0 0.5661057692307693 0.9194711538461539 0.23557692307692307 0.15384615384615385
0 0.8004807692307693 0.9747596153846154 0.21153846153846154 0.04326923076923077
0 0.8028846153846154 0.8509615384615384 0.3076923076923077 0.1971153846153846
0 0.9350961538461539 0.921875 0.125 0.15144230769230768
0 0.5576923076923077 0.7596153846153846 0.2620192307692308 0.15865384615384615
0 0.45913461538461536 0.6358173076923077 0.2956730769230769 0.1971153846153846
0 0.5576923076923077 0.5060096153846154 0.2403846153846154 0.15865384615384615
0 0.3605769230769231 0.4423076923076923 0.2620192307692308 0.19230769230769232
0 0.15865384615384615 0.3473557692307692 0.3076923076923077 0.21634615384615385
0 0.016826923076923076 0.4579326923076923 0.021634615384615384 0.08173076923076923
0 0.02403846153846154 0.24519230769230768 0.038461538461538464 0.1346153846153846
0 0.14423076923076922 0.12379807692307693 0.27884615384615385 0.21875
0 0.32572115384615385 0.23677884615384615 0.28846153846153844 0.18269230769230768
0 0.28725961538461536 0.06850961538461539 0.29086538461538464 0.13221153846153846
0 0.5817307692307693 0.08653846153846154 0.2932692307692308 0.16826923076923078
0 0.7043269230769231 0.19230769230769232 0.2403846153846154 0.15865384615384615
0 0.8016826923076923 0.054086538461538464 0.20432692307692307 0.10336538461538461
0 0.7896634615384616 0.32211538461538464 0.27884615384615385 0.1778846153846154
0 0.5240384615384616 0.3161057692307692 0.27403846153846156 0.1875
0 0.7235576923076923 0.44711538461538464 0.22355769230769232 0.125
0 0.6971153846153846 0.5877403846153846 0.21153846153846154 0.16346153846153846
0 0.8365384615384616 0.5841346153846154 0.1875 0.1778846153846154
0 0.8257211538461539 0.7560096153846154 0.25 0.15384615384615385
0 0.9543269230769231 0.8076923076923077 0.08653846153846154 0.16826923076923078
0 0.9387019230769231 0.6490384615384616 0.11778846153846154 0.17307692307692307
0 0.9194711538461539 0.48677884615384615 0.15625 0.15625
0 0.953125 0.3401442307692308 0.09134615384615384 0.14182692307692307