0 0.40625 0.7800480769230769 0.5793269230769231 0.3317307692307692
0 0.16346153846153846 0.921875 0.3173076923076923 0.15144230769230768
0 0.07572115384615384 0.6875 0.13942307692307693 0.30528846153846156
0 0.6730769230769231 0.9290865384615384 0.49038461538461536 0.13701923076923078
0 0.8377403846153846 0.8185096153846154 0.31971153846153844 0.3389423076923077
0 0.7247596153846154 0.5456730769230769 0.5264423076923077 0.33653846153846156
0 0.3389423076923077 0.4387019230769231 0.5721153846153846 0.34615384615384615
0 0.11057692307692307 0.31971153846153844 0.21153846153846154 0.375
0 0.3425480769230769 0.1310096153846154 0.5673076923076923 0.2620192307692308
0 0.7439903846153846 0.21514423076923078 0.5072115384615384 0.3293269230769231
0 0.9146634615384616 0.43149038461538464 0.16826923076923078 0.27884615384615385