0 0.546875 0.1814903846153846 0.1346153846153846 0.17307692307692307
0 0.4326923076923077 0.24519230769230768 0.17307692307692307 0.15625
0 0.5625 0.35336538461538464 0.11778846153846154 0.10096153846153846
0 0.5673076923076923 0.4723557692307692 0.14903846153846154 0.1875
0 0.6766826923076923 0.42427884615384615 0.10096153846153846 0.14182692307692307
0 0.7163461538461539 0.5528846153846154 0.125 0.16826923076923078
0 0.6177884615384616 0.5685096153846154 0.07932692307692307 0.10576923076923077
0 0.4807692307692308 0.40865384615384615 0.11057692307692307 0.20192307692307693
0 0.4014423076923077 0.4362980769230769 0.10096153846153846 0.1971153846153846
0 0.5432692307692307 0.6490384615384616 0.14182692307692307 0.16826923076923078
0 0.6298076923076923 0.7019230769230769 0.10096153846153846 0.16105769230769232
0 0.5084134615384616 0.8605769230769231 0.1346153846153846 0.1346153846153846
0 0.40384615384615385 0.7956730769230769 0.0985576923076923 0.09615384615384616
0 0.48197115384615385 0.7752403846153846 0.09134615384615384 0.10576923076923077
0 0.41947115384615385 0.6466346153846154 0.12259615384615384 0.18269230769230768
0 0.36177884615384615 0.5348557692307693 0.07211538461538461 0.10096153846153846
0 0.3329326923076923 0.6814903846153846 0.08173076923076923 0.14182692307692307
0 0.26322115384615385 0.5637019230769231 0.11778846153846154 0.16826923076923078
0 0.27403846153846156 0.7067307692307693 0.11538461538461539 0.15144230769230768
0 0.3762019230769231 0.8389423076923077 0.10576923076923077 0.12980769230769232