0 0.49399038461538464 0.3004807692307692 0.6442307692307693 0.5625
0 0.37259615384615385 0.42788461538461536 0.31490384615384615 0.6225961538461539
0 0.43990384615384615 0.24639423076923078 0.34615384615384615 0.3125
0 0.4879807692307692 0.055288461538461536 0.22596153846153846 0.08413461538461539
0 0.8185096153846154 0.35096153846153844 0.35096153846153844 0.34615384615384615
0 0.7524038461538461 0.24879807692307693 0.39903846153846156 0.2692307692307692
0 0.6165865384615384 0.5288461538461539 0.4110576923076923 0.28125
0 0.8149038461538461 0.5889423076923077 0.16826923076923078 0.1201923076923077
0 0.8629807692307693 0.6586538461538461 0.16826923076923078 0.0985576923076923
0 0.9014423076923077 0.7427884615384616 0.16105769230769232 0.08653846153846154
0 0.9615384615384616 0.6670673076923077 0.06490384615384616 0.10336538461538461
0 0.9579326923076923 0.5973557692307693 0.07211538461538461 0.08413461538461539
0 0.7944711538461539 0.6838942307692307 0.125 0.0625
0 0.7644230769230769 0.7728365384615384 0.1971153846153846 0.1201923076923077
0 0.8930288461538461 0.828125 0.14423076923076922 0.09134615384615384
0 0.8040865384615384 0.90625 0.18990384615384615 0.14182692307692307
0 0.6790865384615384 0.8257211538461539 0.12980769230769232 0.10096153846153846
0 0.6730769230769231 0.7079326923076923 0.1201923076923077 0.07692307692307693
0 0.6274038461538461 0.7475961538461539 0.0889423076923077 0.06971153846153846
0 0.6009615384615384 0.6887019230769231 0.07211538461538461 0.06009615384615385
0 0.5769230769230769 0.8149038461538461 0.15384615384615385 0.11057692307692307
0 0.6610576923076923 0.8978365384615384 0.1201923076923077 0.06971153846153846
0 0.6490384615384616 0.9735576923076923 0.23798076923076922 0.04807692307692308
0 0.5564903846153846 0.9098557692307693 0.17307692307692307 0.07451923076923077
0 0.49759615384615385 0.9711538461538461 0.10096153846153846 0.05048076923076923
0 0.5324519230769231 0.7680288461538461 0.052884615384615384 0.057692307692307696