0 0.6887019230769231 0.7091346153846154 0.6057692307692307 0.5721153846153846
0 0.8293269230769231 0.3737980769230769 0.2980769230769231 0.3125
0 0.9795673076923077 0.31971153846153844 0.03125 0.1971153846153846
0 0.8365384615384616 0.14182692307692307 0.23557692307692307 0.27884615384615385
0 0.9314903846153846 0.14302884615384615 0.13221153846153846 0.28125
0 0.7379807692307693 0.09735576923076923 0.15144230769230768 0.1875
0 0.6706730769230769 0.31971153846153844 0.1971153846153846 0.28365384615384615
0 0.5336538461538461 0.2247596153846154 0.25 0.2620192307692308
0 0.578125 0.09615384615384616 0.27403846153846156 0.19230769230769232
0 0.33533653846153844 0.10096153846153846 0.24759615384615385 0.1971153846153846
0 0.3641826923076923 0.27163461538461536 0.25721153846153844 0.27403846153846156
0 0.24639423076923078 0.2932692307692308 0.3245192307692308 0.39903846153846156
0 0.27283653846153844 0.6538461538461539 0.34134615384615385 0.36538461538461536
0 0.23076923076923078 0.8894230769230769 0.3894230769230769 0.21394230769230768
0 0.0733173076923077 0.8161057692307693 0.1466346153846154 0.3605769230769231
0 0.13341346153846154 0.5072115384615384 0.2668269230769231 0.3894230769230769
0 0.2403846153846154 0.08052884615384616 0.25 0.15865384615384615