0 0.7764423076923077 0.08052884615384616 0.15384615384615385 0.15384615384615385
0 0.7139423076923077 0.22596153846153846 0.10817307692307693 0.14903846153846154
0 0.6057692307692307 0.10336538461538461 0.10817307692307693 0.14423076923076922
0 0.6009615384615384 0.020432692307692308 0.11538461538461539 0.03365384615384615
0 0.5564903846153846 0.12259615384615384 0.12980769230769232 0.10576923076923077
0 0.5384615384615384 0.04807692307692308 0.08653846153846154 0.08653846153846154
0 0.5264423076923077 0.3016826923076923 0.1466346153846154 0.125
0 0.6826923076923077 0.49759615384615385 0.14182692307692307 0.17548076923076922
0 0.8870192307692307 0.9266826923076923 0.09134615384615384 0.14182692307692307
0 0.625 0.7992788461538461 0.07692307692307693 0.10576923076923077
0 0.5709134615384616 0.9759615384615384 0.08413461538461539 0.04326923076923077
0 0.36177884615384615 0.6634615384615384 0.09615384615384616 0.15625
0 0.2860576923076923 0.7788461538461539 0.11538461538461539 0.13701923076923078
0 0.23918269230769232 0.6502403846153846 0.10817307692307693 0.13942307692307693
0 0.26322115384615385 0.5072115384615384 0.09615384615384616 0.14903846153846154
0 0.171875 0.3641826923076923 0.08653846153846154 0.1201923076923077
0 0.2800480769230769 0.14543269230769232 0.10336538461538461 0.1346153846153846
0 0.3076923076923077 0.025240384615384616 0.11538461538461539 0.04326923076923077
0 0.21514423076923078 0.039663461538461536 0.08653846153846154 0.06971153846153846
0 0.171875 0.12259615384615384 0.09615384615384616 0.125
0 0.07572115384615384 0.32211538461538464 0.10817307692307693 0.15625
0 0.1141826923076923 0.43509615384615385 0.09134615384615384 0.11538461538461539
0 0.1658653846153846 0.5120192307692307 0.0985576923076923 0.12980769230769232
0 0.07091346153846154 0.5456730769230769 0.09134615384615384 0.1346153846153846
0 0.042067307692307696 0.46033653846153844 0.07932692307692307 0.12259615384615384
0 0.015625 0.33653846153846156 0.028846153846153848 0.07211538461538461
0 0.015625 0.11538461538461539 0.028846153846153848 0.10096153846153846
0 0.051682692307692304 0.12259615384615384 0.052884615384615384 0.125
0 0.16105769230769232 0.6129807692307693 0.06490384615384616 0.11057692307692307
0 0.0673076923076923 0.6610576923076923 0.08173076923076923 0.13221153846153846
0 0.14423076923076922 0.7608173076923077 0.0985576923076923 0.12980769230769232
0 0.15985576923076922 0.8966346153846154 0.07692307692307693 0.125
0 0.09254807692307693 0.8341346153846154 0.08173076923076923 0.10096153846153846
0 0.02403846153846154 0.7836538461538461 0.04807692307692308 0.13942307692307693