0 0.6814903846153846 0.20793269230769232 0.21634615384615385 0.40384615384615385
0 0.9050480769230769 0.21033653846153846 0.18269230769230768 0.40865384615384615
0 0.8040865384615384 0.040865384615384616 0.15384615384615385 0.07211538461538461
0 0.4230769230769231 0.12860576923076922 0.19230769230769232 0.24519230769230768
0 0.5673076923076923 0.04927884615384615 0.1466346153846154 0.08653846153846154
0 0.4675480769230769 0.5 0.25961538461538464 0.4423076923076923
0 0.7908653846153846 0.5492788461538461 0.2644230769230769 0.37740384615384615
0 0.8810096153846154 0.8341346153846154 0.23798076923076922 0.3269230769230769
0 0.9507211538461539 0.5625 0.09134615384615384 0.3605769230769231
0 0.28966346153846156 0.23798076923076922 0.25240384615384615 0.33413461538461536
0 0.09375 0.1201923076923077 0.18269230769230768 0.23076923076923078
0 0.11778846153846154 0.39903846153846156 0.23076923076923078 0.34134615384615385
0 0.24158653846153846 0.6177884615384616 0.30288461538461536 0.3389423076923077
0 0.10697115384615384 0.8028846153846154 0.20673076923076922 0.3701923076923077
0 0.2980769230769231 0.859375 0.2548076923076923 0.2764423076923077
0 0.5612980769230769 0.8293269230769231 0.24759615384615385 0.33653846153846156
0 0.7199519230769231 0.9603365384615384 0.20432692307692307 0.07451923076923077
0 0.71875 0.7920673076923077 0.14182692307692307 0.2403846153846154
0 0.0673076923076923 0.5817307692307693 0.12980769230769232 0.125