0 0.7259615384615384 0.90625 0.08173076923076923 0.16346153846153846
0 0.9146634615384616 0.7451923076923077 0.07692307692307693 0.1201923076923077
0 0.9266826923076923 0.8846153846153846 0.10096153846153846 0.1201923076923077
0 0.9591346153846154 0.6237980769230769 0.0625 0.11057692307692307
0 0.875 0.609375 0.057692307692307696 0.055288461538461536
0 0.8858173076923077 0.24278846153846154 0.0673076923076923 0.09615384615384616
0 0.9627403846153846 0.3581730769230769 0.0673076923076923 0.20673076923076922
0 0.7836538461538461 0.23076923076923078 0.04567307692307692 0.08653846153846154
0 0.8509615384615384 0.3125 0.04807692307692308 0.07932692307692307
0 0.8737980769230769 0.38822115384615385 0.0625 0.07211538461538461
0 0.7956730769230769 0.44591346153846156 0.055288461538461536 0.10336538461538461
0 0.7524038461538461 0.38221153846153844 0.04326923076923077 0.07211538461538461
0 0.7067307692307693 0.37259615384615385 0.0625 0.07932692307692307
0 0.5588942307692307 0.42427884615384615 0.055288461538461536 0.07211538461538461
0 0.6129807692307693 0.43990384615384615 0.07692307692307693 0.052884615384615384
0 0.6141826923076923 0.390625 0.07692307692307693 0.052884615384615384
0 0.4362980769230769 0.6117788461538461 0.057692307692307696 0.09615384615384616
0 0.5420673076923077 0.26322115384615385 0.055288461538461536 0.09134615384615384
0 0.4675480769230769 0.22115384615384615 0.0625 0.09134615384615384
0 0.38341346153846156 0.2247596153846154 0.0673076923076923 0.06009615384615385
0 0.34615384615384615 0.27884615384615385 0.0673076923076923 0.09615384615384616
0 0.040865384615384616 0.5817307692307693 0.0625 0.08413461538461539
0 0.06370192307692307 0.7055288461538461 0.08173076923076923 0.10336538461538461
0 0.32572115384615385 0.8966346153846154 0.10336538461538461 0.14423076923076922
0 0.35096153846153844 0.41225961538461536 0.07692307692307693 0.15865384615384615
0 0.6574519230769231 0.1201923076923077 0.20432692307692307 0.23557692307692307
0 0.8810096153846154 0.04447115384615385 0.04567307692307692 0.08413461538461539
0 0.8161057692307693 0.07932692307692307 0.125 0.08653846153846154
0 0.8245192307692307 0.14543269230769232 0.1201923076923077 0.12259615384615384
0 0.6225961538461539 0.30649038461538464 0.10576923076923077 0.11538461538461539
0 0.6947115384615384 0.3125 0.07211538461538461 0.052884615384615384
0 0.7980769230769231 0.3329326923076923 0.0625 0.12259615384615384
0 0.7524038461538461 0.31490384615384615 0.036057692307692304 0.07211538461538461
0 0.8365384615384616 0.390625 0.04567307692307692 0.11538461538461539
0 0.8605769230769231 0.47596153846153844 0.07692307692307693 0.11538461538461539
0 0.6526442307692307 0.6358173076923077 0.375 0.35096153846153844
0 0.8521634615384616 0.5360576923076923 0.07211538461538461 0.07932692307692307
0 0.8329326923076923 0.6274038461538461 0.04567307692307692 0.10336538461538461
0 0.9014423076923077 0.6694711538461539 0.0673076923076923 0.052884615384615384
0 0.9182692307692307 0.6298076923076923 0.019230769230769232 0.06009615384615385
0 0.8882211538461539 0.7331730769230769 0.03365384615384615 0.16826923076923078
0 0.8473557692307693 0.6911057692307693 0.036057692307692304 0.06009615384615385
0 0.8197115384615384 0.8149038461538461 0.10576923076923077 0.16346153846153846
0 0.8701923076923077 0.8725961538461539 0.08173076923076923 0.19230769230769232
0 0.6622596153846154 0.90625 0.11778846153846154 0.17548076923076922
0 0.5637019230769231 0.90625 0.11057692307692307 0.17548076923076922
0 0.42427884615384615 0.9362980769230769 0.17307692307692307 0.11538461538461539
0 0.4423076923076923 0.7692307692307693 0.13221153846153846 0.23076923076923078
0 0.17908653846153846 0.3581730769230769 0.07692307692307693 0.02403846153846154
0 0.19230769230769232 0.28125 0.036057692307692304 0.052884615384615384
0 0.23798076923076922 0.2548076923076923 0.04807692307692308 0.04807692307692308
0 0.12740384615384615 0.37259615384615385 0.038461538461538464 0.0673076923076923
0 0.15625 0.9399038461538461 0.1346153846153846 0.11057692307692307
0 0.1045673076923077 0.41225961538461536 0 0.01201923076923077
0 0.25240384615384615 0.6730769230769231 0.2956730769230769 0.5456730769230769
0 0.4651442307692308 0.4182692307692308 0.18990384615384615 0.31490384615384615
0 0.2848557692307692 0.3425480769230769 0.052884615384615384 0.07932692307692307
0 0.41947115384615385 0.15144230769230768 0.0673076923076923 0.06009615384615385
0 0.016826923076923076 0.7151442307692307 0.028846153846153848 0.22355769230769232
0 0.06370192307692307 0.8004807692307693 0.07692307692307693 0.06009615384615385
0 0.2668269230769231 0.7367788461538461 0.0625 0.11538461538461539
0 0.2848557692307692 0.6694711538461539 0.11057692307692307 0.0673076923076923
0 0.13942307692307693 0.7247596153846154 0.02403846153846154 0.09134615384615384
0 0.234375 0.8641826923076923 0.0673076923076923 0.07932692307692307