0 0.328125 0.16826923076923078 0.25961538461538464 0.13701923076923078
0 0.27403846153846156 0.09014423076923077 0.07692307692307693 0.026442307692307692
0 0.3701923076923077 0.09375 0.21875 0.125
0 0.28125 0.3076923076923077 0.2403846153846154 0.1778846153846154
0 0.42427884615384615 0.2620192307692308 0.07692307692307693 0.09615384615384616
0 0.4795673076923077 0.23076923076923078 0.10576923076923077 0.13942307692307693
0 0.4795673076923077 0.33052884615384615 0.052884615384615384 0.057692307692307696
0 0.5132211538461539 0.3088942307692308 0.026442307692307692 0.028846153846153848
0 0.5240384615384616 0.3798076923076923 0.0889423076923077 0.06490384615384616
0 0.4014423076923077 0.3701923076923077 0.15625 0.13701923076923078
0 0.2548076923076923 0.4807692307692308 0.21875 0.16826923076923078
0 0.24278846153846154 0.40865384615384615 0.11057692307692307 0.038461538461538464
0 0.3485576923076923 0.4543269230769231 0.052884615384615384 0.04567307692307692
0 0.421875 0.4699519230769231 0.09375 0.0625
0 0.49278846153846156 0.43149038461538464 0.0889423076923077 0.08413461538461539
0 0.49278846153846156 0.4963942307692308 0.07692307692307693 0.0625
0 0.3858173076923077 0.5360576923076923 0.11538461538461539 0.07211538461538461
0 0.5180288461538461 0.5901442307692307 0.0985576923076923 0.14903846153846154
0 0.6225961538461539 0.5132211538461539 0.18269230769230768 0.30288461538461536
0 0.4483173076923077 0.640625 0.25 0.18269230769230768
0 0.24759615384615385 0.5973557692307693 0.19230769230769232 0.13942307692307693
0 0.26322115384615385 0.7463942307692307 0.21394230769230768 0.19471153846153846
0 0.375 0.7980769230769231 0.1346153846153846 0.11538461538461539
0 0.41466346153846156 0.7247596153846154 0.11057692307692307 0.0625
0 0.4951923076923077 0.7788461538461539 0.125 0.12259615384615384
0 0.5673076923076923 0.7151442307692307 0.125 0.08653846153846154
0 0.43028846153846156 0.8677884615384616 0.0673076923076923 0.07211538461538461
0 0.3125 0.9230769230769231 0.14423076923076922 0.0625
0 0.296875 0.8725961538461539 0.16826923076923078 0.11057692307692307