0 0.6622596153846154 0.4230769230769231 0.35096153846153844 0.7692307692307693
0 0.9134615384615384 0.2439903846153846 0.16826923076923078 0.36538461538461536
0 0.9158653846153846 0.39903846153846156 0.16346153846153846 0.22596153846153846
0 0.96875 0.2824519230769231 0.057692307692307696 0.2403846153846154
0 0.7884615384615384 0.6622596153846154 0.34134615384615385 0.42788461538461536
0 0.7980769230769231 0.8100961538461539 0.2644230769230769 0.36538461538461536
0 0.9290865384615384 0.890625 0.13701923076923078 0.21875
0 0.9002403846153846 0.7824519230769231 0.1971153846153846 0.4326923076923077
0 0.6141826923076923 0.9447115384615384 0.12740384615384615 0.10576923076923077
0 0.5348557692307693 0.8413461538461539 0.14903846153846154 0.28846153846153844
0 0.3954326923076923 0.5889423076923077 0.20673076923076922 0.6057692307692307
0 0.3894230769230769 0.9182692307692307 0.125 0.14903846153846154
0 0.234375 0.8088942307692307 0.17067307692307693 0.37740384615384615
0 0.2512019230769231 0.3954326923076923 0.1346153846153846 0.4807692307692308
0 0.12860576923076922 0.32572115384615385 0.16826923076923078 0.5721153846153846
0 0.0733173076923077 0.5661057692307693 0.1466346153846154 0.5721153846153846
0 0.0625 0.9122596153846154 0.125 0.17067307692307693