0 0.16466346153846154 0.6274038461538461 0.21394230769230768 0.49038461538461536
0 0.375 0.5949519230769231 0.22115384615384615 0.5
0 0.5637019230769231 0.7752403846153846 0.2283653846153846 0.20673076923076922
0 0.6358173076923077 0.7716346153846154 0.24278846153846154 0.22115384615384615
0 0.7584134615384616 0.7644230769230769 0.23076923076923078 0.2283653846153846
0 0.8822115384615384 0.7439903846153846 0.2283653846153846 0.2668269230769231
0 0.6622596153846154 0.5336538461538461 0.36778846153846156 0.3125
0 0.10216346153846154 0.453125 0.20192307692307693 0.14903846153846154
0 0.10576923076923077 0.2800480769230769 0.21153846153846154 0.27163461538461536
0 0.12860576923076922 0.16947115384615385 0.25721153846153844 0.3389423076923077
0 0.20552884615384615 0.15625 0.18509615384615385 0.3125
0 0.3088942307692308 0.13942307692307693 0.11057692307692307 0.27884615384615385
0 0.39783653846153844 0.13942307692307693 0.13942307692307693 0.27884615384615385
0 0.41466346153846156 0.43028846153846156 0.27163461538461536 0.2932692307692308
0 0.4675480769230769 0.2439903846153846 0.27884615384615385 0.21153846153846154
0 0.47836538461538464 0.1141826923076923 0.17307692307692307 0.2283653846153846
0 0.5576923076923077 0.16105769230769232 0.19230769230769232 0.32211538461538464
0 0.6370192307692307 0.4411057692307692 0.24519230769230768 0.2283653846153846
0 0.6610576923076923 0.20793269230769232 0.10096153846153846 0.3942307692307692
0 0.8966346153846154 0.3161057692307692 0.036057692307692304 0.0673076923076923
0 0.9086538461538461 0.39663461538461536 0.03365384615384615 0.038461538461538464
0 0.7608173076923077 0.16105769230769232 0.05048076923076923 0.19951923076923078