0 0.9675480769230769 0.7115384615384616 0.057692307692307696 0.16105769230769232
0 0.8473557692307693 0.7788461538461539 0.12980769230769232 0.17307692307692307
0 0.8533653846153846 0.8774038461538461 0.11778846153846154 0.04807692307692308
0 0.8317307692307693 0.5985576923076923 0.17548076923076922 0.1875
0 0.8149038461538461 0.6538461538461539 0.11057692307692307 0.13942307692307693
0 0.9543269230769231 0.546875 0.08413461538461539 0.10576923076923077
0 0.9579326923076923 0.5961538461538461 0.07692307692307693 0.0985576923076923
0 0.9651442307692307 0.46153846153846156 0.0625 0.07692307692307693
0 0.8774038461538461 0.44471153846153844 0.12259615384615384 0.0889423076923077
0 0.8473557692307693 0.5132211538461539 0.12980769230769232 0.12980769230769232
0 0.7007211538461539 0.6201923076923077 0.11778846153846154 0.16826923076923078
0 0.6262019230769231 0.5420673076923077 0.10576923076923077 0.1346153846153846
0 0.6875 0.48677884615384615 0.09134615384615384 0.11057692307692307
0 0.7175480769230769 0.44471153846153844 0.08413461538461539 0.12980769230769232
0 0.5649038461538461 0.48677884615384615 0.11538461538461539 0.13942307692307693
0 0.49759615384615385 0.6430288461538461 0.1346153846153846 0.17307692307692307
0 0.609375 0.7391826923076923 0.1346153846153846 0.1778846153846154
0 0.5120192307692307 0.8173076923076923 0.15384615384615385 0.14423076923076922
0 0.38221153846153844 0.8389423076923077 0.10576923076923077 0.10576923076923077
0 0.42908653846153844 0.7079326923076923 0.13942307692307693 0.15625
0 0.4182692307692308 0.5600961538461539 0.10336538461538461 0.15144230769230768
0 0.33533653846153844 0.6490384615384616 0.10096153846153846 0.13942307692307693
0 0.2668269230769231 0.5540865384615384 0.14423076923076922 0.18269230769230768
0 0.21153846153846154 0.7391826923076923 0.13942307692307693 0.20673076923076922
0 0.3737980769230769 0.48197115384615385 0.09134615384615384 0.12980769230769232
0 0.27283653846153844 0.43990384615384615 0.08173076923076923 0.07692307692307693
0 0.20432692307692307 0.5048076923076923 0.06490384615384616 0.10576923076923077
0 0.16466346153846154 0.6069711538461539 0.0625 0.11057692307692307
0 0.12379807692307693 0.5132211538461539 0.09615384615384616 0.15144230769230768
0 0.03485576923076923 0.5264423076923077 0.0673076923076923 0.14423076923076922
0 0.08052884615384616 0.4326923076923077 0.10576923076923077 0.09375
0 0.15504807692307693 0.39903846153846156 0.10336538461538461 0.1201923076923077
0 0.10697115384615384 0.31490384615384615 0.09134615384615384 0.11057692307692307
0 0.018028846153846152 0.40024038461538464 0.036057692307692304 0.13221153846153846
0 0.03125 0.30528846153846156 0.0625 0.10096153846153846
0 0.09375 0.25 0.07211538461538461 0.07211538461538461
0 0.09134615384615384 0.20072115384615385 0.07692307692307693 0.057692307692307696
0 0.18870192307692307 0.1875 0.06490384615384616 0.0625
0 0.19230769230769232 0.23918269230769232 0.06490384615384616 0.08173076923076923
0 0.15865384615384615 0.15144230769230768 0.04807692307692308 0.052884615384615384
0 0.1971153846153846 0.09615384615384616 0.057692307692307696 0.057692307692307696
0 0.27283653846153844 0.10697115384615384 0.057692307692307696 0.07692307692307693
0 0.34975961538461536 0.125 0.04807692307692308 0.03125
0 0.33774038461538464 0.16947115384615385 0.06490384615384616 0.036057692307692304
0 0.3737980769230769 0.19831730769230768 0.038461538461538464 0.03125
0 0.39302884615384615 0.25 0.07692307692307693 0.09375
0 0.4326923076923077 0.25721153846153844 0.08173076923076923 0.12980769230769232
0 0.5480769230769231 0.2704326923076923 0.07211538461538461 0.08173076923076923
0 0.5769230769230769 0.16105769230769232 0.0625 0.08173076923076923
0 0.5721153846153846 0.09134615384615384 0.04567307692307692 0.057692307692307696
0 0.5096153846153846 0.10697115384615384 0.06490384615384616 0.057692307692307696
0 0.515625 0.16706730769230768 0.07692307692307693 0.08173076923076923
0 0.42788461538461536 0.13822115384615385 0.0673076923076923 0.057692307692307696
0 0.7211538461538461 0.12980769230769232 0.0673076923076923 0.08173076923076923
0 0.7956730769230769 0.14543269230769232 0.07211538461538461 0.052884615384615384
0 0.7632211538461539 0.18028846153846154 0.052884615384615384 0.036057692307692304
0 0.7019230769230769 0.19831730769230768 0.052884615384615384 0.052884615384615384
0 0.8052884615384616 0.20552884615384615 0.052884615384615384 0.04807692307692308
0 0.9411057692307693 0.18990384615384615 0.06490384615384616 0.07692307692307693
0 0.6466346153846154 0.3125 0.06490384615384616 0.09375
0 0.7944711538461539 0.31490384615384615 0.0625 0.057692307692307696
0 0.8677884615384616 0.33052884615384615 0.08173076923076923 0.11057692307692307