0 0.984375 0.7848557692307693 0.026442307692307692 0.09375
0 0.9567307692307693 0.7175480769230769 0.08173076923076923 0.11778846153846154
0 0.9867788461538461 0.6105769230769231 0.021634615384615384 0.07211538461538461
0 0.9723557692307693 0.46274038461538464 0.05048076923076923 0.21875
0 0.9278846153846154 0.34975961538461536 0.04807692307692308 0.08173076923076923
0 0.9627403846153846 0.3173076923076923 0.06009615384615385 0.08653846153846154
0 0.9543269230769231 0.25 0.028846153846153848 0.06009615384615385
0 0.9399038461538461 0.20552884615384615 0.03365384615384615 0.028846153846153848
0 0.9567307692307693 0.15745192307692307 0.038461538461538464 0.08653846153846154
0 0.9266826923076923 0.13942307692307693 0.0673076923076923 0.08173076923076923
0 0.8966346153846154 0.18990384615384615 0.038461538461538464 0.06009615384615385
0 0.8966346153846154 0.14302884615384615 0.038461538461538464 0.04326923076923077
0 0.8641826923076923 0.11298076923076923 0.04807692307692308 0.06490384615384616
0 0.8725961538461539 0.18028846153846154 0.02403846153846154 0.06009615384615385
0 0.9098557692307693 0.23557692307692307 0.06009615384615385 0.05048076923076923
0 0.9206730769230769 0.27524038461538464 0.03365384615384615 0.06009615384615385
0 0.8942307692307693 0.32211538461538464 0.04326923076923077 0.04326923076923077
0 0.8786057692307693 0.2704326923076923 0.036057692307692304 0.08173076923076923
0 0.8461538461538461 0.25 0.04326923076923077 0.08173076923076923
0 0.8209134615384616 0.16466346153846154 0.0625 0.06971153846153846
0 0.8341346153846154 0.12740384615384615 0.04326923076923077 0.055288461538461536
0 0.8052884615384616 0.24759615384615385 0.04807692307692308 0.07451923076923077
0 0.8461538461538461 0.32211538461538464 0.052884615384615384 0.06490384615384616
0 0.7944711538461539 0.31009615384615385 0.052884615384615384 0.09134615384615384
0 0.8185096153846154 0.39302884615384615 0.0673076923076923 0.06490384615384616
0 0.7644230769230769 0.3425480769230769 0.055288461538461536 0.09615384615384616
0 0.7487980769230769 0.2644230769230769 0.055288461538461536 0.06971153846153846
0 0.7692307692307693 0.1875 0.04807692307692308 0.07451923076923077
0 0.7067307692307693 0.15504807692307693 0.10096153846153846 0.08173076923076923
0 0.7427884615384616 0.11538461538461539 0.052884615384615384 0.05048076923076923
0 0.7884615384615384 0.11778846153846154 0.038461538461538464 0.04326923076923077
0 0.6670673076923077 0.11538461538461539 0.04326923076923077 0.05048076923076923
0 0.5600961538461539 0.15985576923076922 0.23557692307692307 0.09134615384615384
0 0.5793269230769231 0.28966346153846156 0.3076923076923077 0.25
0 0.6454326923076923 0.2980769230769231 0.07932692307692307 0.06490384615384616
0 0.6935096153846154 0.2980769230769231 0.04807692307692308 0.055288461538461536
0 0.671875 0.40024038461538464 0.125 0.13942307692307693
0 0.7367788461538461 0.39302884615384615 0.055288461538461536 0.08653846153846154
0 0.7848557692307693 0.4699519230769231 0.19230769230769232 0.1201923076923077
0 0.9098557692307693 0.42788461538461536 0.11538461538461539 0.20673076923076922
0 0.9026442307692307 0.5925480769230769 0.12980769230769232 0.23557692307692307
0 0.8064903846153846 0.6021634615384616 0.21153846153846154 0.18509615384615385
0 0.6754807692307693 0.5396634615384616 0.16346153846153846 0.08173076923076923
0 0.6430288461538461 0.6478365384615384 0.11538461538461539 0.15384615384615385
0 0.7295673076923077 0.7644230769230769 0.1201923076923077 0.16826923076923078
0 0.8269230769230769 0.7103365384615384 0.10096153846153846 0.11057692307692307
0 0.8221153846153846 0.6298076923076923 0.019230769230769232 0.038461538461538464
0 0.9002403846153846 0.7728365384615384 0.08653846153846154 0.125
0 0.8209134615384616 0.8329326923076923 0.10336538461538461 0.125
0 0.5961538461538461 0.8052884615384616 0.14903846153846154 0.18990384615384615
0 0.45072115384615385 0.7596153846153846 0.12740384615384615 0.18028846153846154
0 0.38822115384615385 0.6598557692307693 0.10096153846153846 0.13942307692307693
0 0.44591346153846156 0.6574519230769231 0.014423076923076924 0.02403846153846154
0 0.5336538461538461 0.6550480769230769 0.12740384615384615 0.16826923076923078
0 0.4639423076923077 0.5853365384615384 0.07692307692307693 0.11057692307692307
0 0.5456730769230769 0.4795673076923077 0.14423076923076922 0.18028846153846154
0 0.5036057692307693 0.38461538461538464 0.07692307692307693 0.08173076923076923
0 0.5793269230769231 0.3425480769230769 0.09134615384615384 0.125
0 0.41466346153846156 0.27283653846153844 0.12740384615384615 0.14423076923076922
0 0.40865384615384615 0.1622596153846154 0.0673076923076923 0.07451923076923077
0 0.39302884615384615 0.3629807692307692 0.08413461538461539 0.07451923076923077
0 0.3870192307692308 0.48197115384615385 0.12740384615384615 0.16346153846153846
0 0.39663461538461536 0.1502403846153846 0.10096153846153846 0.11057692307692307
0 0.33052884615384615 0.7800480769230769 0.10336538461538461 0.1201923076923077
0 0.3125 0.7079326923076923 0.08413461538461539 0.10576923076923077
0 0.296875 0.5901442307692307 0.10576923076923077 0.13942307692307693
0 0.2668269230769231 0.4519230769230769 0.1201923076923077 0.16346153846153846
0 0.23677884615384615 0.7451923076923077 0.09134615384615384 0.10096153846153846
0 0.24278846153846154 0.6574519230769231 0.055288461538461536 0.08653846153846154
0 0.14543269230769232 0.7055288461538461 0.14903846153846154 0.17067307692307693
0 0.18269230769230768 0.5552884615384616 0.11057692307692307 0.1201923076923077
0 0.2091346153846154 0.37740384615384615 0.08413461538461539 0.18509615384615385
0 0.2247596153846154 0.22956730769230768 0.31490384615384615 0.3605769230769231
0 0.1310096153846154 0.5444711538461539 0.21634615384615385 0.46153846153846156
0 0.030048076923076924 0.5072115384615384 0.052884615384615384 0.20673076923076922
0 0.06129807692307692 0.3473557692307692 0.11538461538461539 0.1346153846153846
0 0.030048076923076924 0.6923076923076923 0.052884615384615384 0.08653846153846154
0 0.020432692307692308 0.6201923076923077 0.03365384615384615 0.05048076923076923
0 0.03365384615384615 0.7572115384615384 0.06009615384615385 0.08653846153846154
0 0.09134615384615384 0.8449519230769231 0.03365384615384615 0.06971153846153846
0 0.04807692307692308 0.8449519230769231 0.04807692307692308 0.09134615384615384
0 0.020432692307692308 0.8004807692307693 0.03365384615384615 0.06009615384615385
0 0.21153846153846154 0.8028846153846154 0.30288461538461536 0.2860576923076923
0 0.23557692307692307 0.7776442307692307 0.18269230769230768 0.17548076923076922