0 0.14783653846153846 0.1971153846153846 0.23557692307692307 0.38221153846153844
0 0.08533653846153846 0.39302884615384615 0.16346153846153846 0.45913461538461536
0 0.25600961538461536 0.45072115384615385 0.19951923076923078 0.36538461538461536
0 0.203125 0.8016826923076923 0.25721153846153844 0.3918269230769231
0 0.07451923076923077 0.7379807692307693 0.14182692307692307 0.25
0 0.027644230769230768 0.5985576923076923 0.04807692307692308 0.10336538461538461
0 0.042067307692307696 0.8665865384615384 0.07692307692307693 0.07211538461538461
0 0.046875 0.9314903846153846 0.08653846153846154 0.10336538461538461
0 0.42908653846153844 0.5024038461538461 0.21875 0.4807692307692308
0 0.34134615384615385 0.7980769230769231 0.125 0.28365384615384615
0 0.30528846153846156 0.9579326923076923 0.15865384615384615 0.07932692307692307
0 0.45072115384615385 0.859375 0.11298076923076923 0.2764423076923077
0 0.6141826923076923 0.7019230769230769 0.30528846153846156 0.23557692307692307
0 0.5745192307692307 0.9002403846153846 0.15865384615384615 0.19471153846153846
0 0.7163461538461539 0.8629807692307693 0.15865384615384615 0.21875
0 0.8641826923076923 0.6610576923076923 0.20673076923076922 0.3389423076923077
0 0.7163461538461539 0.4831730769230769 0.2980769230769231 0.4326923076923077
0 0.33653846153846156 0.0733173076923077 0.10576923076923077 0.13701923076923078
0 0.021634615384615384 0.10697115384615384 0.036057692307692304 0.13701923076923078
0 0.054086538461538464 0.17427884615384615 0.05048076923076923 0.08653846153846154
0 0.020432692307692308 0.02403846153846154 0.02403846153846154 0.038461538461538464
0 0.33413461538461536 0.22355769230769232 0.10096153846153846 0.14182692307692307
0 0.41586538461538464 0.28966346153846156 0.0985576923076923 0.16346153846153846
0 0.4831730769230769 0.16706730769230768 0.08653846153846154 0.16826923076923078
0 0.421875 0.12860576923076922 0.07211538461538461 0.13701923076923078
0 0.4423076923076923 0.038461538461538464 0.0985576923076923 0.0673076923076923
0 0.5180288461538461 0.0625 0.052884615384615384 0.09134615384615384
0 0.5745192307692307 0.11778846153846154 0.09615384615384616 0.21153846153846154
0 0.5348557692307693 0.265625 0.08653846153846154 0.10336538461538461
0 0.6274038461538461 0.25721153846153844 0.08413461538461539 0.15384615384615385
0 0.5841346153846154 0.37740384615384615 0.09134615384615384 0.15384615384615385
0 0.5492788461538461 0.5240384615384616 0.05048076923076923 0.1201923076923077
0 0.5108173076923077 0.6117788461538461 0.04807692307692308 0.0673076923076923
0 0.6766826923076923 0.07091346153846154 0.13942307692307693 0.12980769230769232
0 0.6947115384615384 0.15865384615384615 0.10096153846153846 0.12980769230769232
0 0.7271634615384616 0.2403846153846154 0.11057692307692307 0.14182692307692307
0 0.8016826923076923 0.12620192307692307 0.10576923076923077 0.16346153846153846
0 0.8004807692307693 0.027644230769230768 0.11057692307692307 0.04326923076923077
0 0.9194711538461539 0.06850961538461539 0.13942307692307693 0.125
0 0.8725961538461539 0.1935096153846154 0.07211538461538461 0.13701923076923078
0 0.8341346153846154 0.25961538461538464 0.09134615384615384 0.125
0 0.9507211538461539 0.19230769230769232 0.09375 0.1778846153846154
0 0.984375 0.06850961538461539 0.026442307692307692 0.11778846153846154
0 0.9110576923076923 0.32211538461538464 0.08413461538461539 0.12980769230769232
0 0.8689903846153846 0.4182692307692308 0.08653846153846154 0.15865384615384615
0 0.9579326923076923 0.42788461538461536 0.07932692307692307 0.19230769230769232
0 0.9807692307692307 0.3004807692307692 0.03365384615384615 0.09134615384615384
0 0.9639423076923077 0.5540865384615384 0.05048076923076923 0.125
0 0.9795673076923077 0.5709134615384616 0.038461538461538464 0.11538461538461539
0 0.9711538461538461 0.6610576923076923 0.028846153846153848 0.08653846153846154
0 0.9879807692307693 0.6694711538461539 0.019230769230769232 0.11778846153846154
0 0.9807692307692307 0.7620192307692307 0.03365384615384615 0.09615384615384616
0 0.9350961538461539 0.7704326923076923 0.057692307692307696 0.11057692307692307
0 0.8677884615384616 0.8305288461538461 0.08413461538461539 0.08653846153846154
0 0.8149038461538461 0.8713942307692307 0.04326923076923077 0.09134615384615384
0 0.7596153846153846 0.9615384615384616 0.05048076923076923 0.0673076923076923
0 0.6947115384615384 0.9591346153846154 0.05048076923076923 0.06009615384615385
0 0.6586538461538461 0.9615384615384616 0.014423076923076924 0.0673076923076923
0 0.6850961538461539 0.9903846153846154 0.0625 0.014423076923076924
0 0.7560096153846154 0.9879807692307693 0.07451923076923077 0.019230769230769232
0 0.8221153846153846 0.9603365384615384 0.07692307692307693 0.07451923076923077
0 0.8725961538461539 0.8930288461538461 0.06490384615384616 0.04807692307692308
0 0.8930288461538461 0.9290865384615384 0.0673076923076923 0.08653846153846154
0 0.8786057692307693 0.9819711538461539 0.055288461538461536 0.03125
0 0.9543269230769231 0.9567307692307693 0.08653846153846154 0.08173076923076923
0 0.9350961538461539 0.8882211538461539 0.036057692307692304 0.04807692307692308
0 0.9639423076923077 0.8413461538461539 0.06490384615384616 0.0673076923076923
0 0.9182692307692307 0.8473557692307693 0.052884615384615384 0.052884615384615384