0 0.7271634615384616 0.5985576923076923 0.34134615384615385 0.7043269230769231
0 0.8112980769230769 0.9122596153846154 0.3701923076923077 0.16346153846153846
0 0.7331730769230769 0.8882211538461539 0.39663461538461536 0.16826923076923078
0 0.9146634615384616 0.6586538461538461 0.16346153846153846 0.3125
0 0.921875 0.5492788461538461 0.1346153846153846 0.13701923076923078
0 0.9194711538461539 0.39302884615384615 0.15384615384615385 0.23076923076923078
0 0.9495192307692307 0.328125 0.09615384615384616 0.3605769230769231
0 0.9086538461538461 0.234375 0.17307692307692307 0.45913461538461536
0 0.9254807692307693 0.20432692307692307 0.14182692307692307 0.3004807692307692
0 0.7908653846153846 0.20793269230769232 0.1778846153846154 0.3076923076923077
0 0.8521634615384616 0.036057692307692304 0.09134615384615384 0.07211538461538461
0 0.7223557692307693 0.1346153846153846 0.07932692307692307 0.2692307692307692
0 0.6730769230769231 0.09615384615384616 0.21153846153846154 0.19230769230769232
0 0.6237980769230769 0.20192307692307693 0.11298076923076923 0.1971153846153846
0 0.5685096153846154 0.3858173076923077 0.0985576923076923 0.16826923076923078
0 0.5961538461538461 0.5733173076923077 0.15384615384615385 0.1875
0 0.6165865384615384 0.7788461538461539 0.19230769230769232 0.25721153846153844
0 0.453125 0.6069711538461539 0.14903846153846154 0.23076923076923078
0 0.5204326923076923 0.4891826923076923 0.057692307692307696 0.125
0 0.39783653846153844 0.4014423076923077 0.17067307692307693 0.23557692307692307
0 0.4014423076923077 0.16346153846153846 0.16346153846153846 0.2403846153846154
0 0.4543269230769231 0.18870192307692307 0.22596153846153846 0.37740384615384615
0 0.24879807692307693 0.28125 0.15625 0.22355769230769232
0 0.2668269230769231 0.09014423076923077 0.14182692307692307 0.18028846153846154
0 0.25961538461538464 0.546875 0.16346153846153846 0.21875
0 0.37259615384615385 0.7728365384615384 0.30288461538461536 0.28846153846153844
0 0.33052884615384615 0.8028846153846154 0.13942307692307693 0.21875
0 0.23317307692307693 0.828125 0.09615384615384616 0.13701923076923078
0 0.19951923076923078 0.8473557692307693 0.08173076923076923 0.14182692307692307
0 0.11658653846153846 0.6802884615384616 0.21875 0.3317307692307692
0 0.10216346153846154 0.4723557692307692 0.20192307692307693 0.4423076923076923
0 0.037259615384615384 0.28365384615384615 0.07451923076923077 0.4182692307692308
0 0.11298076923076923 0.16105769230769232 0.22596153846153846 0.32211538461538464