0 0.03245192307692308 0.046875 0.057692307692307696 0.08173076923076923
0 0.11057692307692307 0.0733173076923077 0.06971153846153846 0.09134615384615384
0 0.15985576923076922 0.036057692307692304 0.057692307692307696 0.06009615384615385
0 0.22235576923076922 0.04326923076923077 0.057692307692307696 0.07692307692307693
0 0.24158653846153846 0.171875 0.0673076923076923 0.10336538461538461
0 0.3545673076923077 0.11177884615384616 0.1201923076923077 0.18028846153846154
0 0.46875 0.18269230769230768 0.11778846153846154 0.18028846153846154
0 0.42908653846153844 0.030048076923076924 0.04326923076923077 0.04807692307692308
0 0.8834134615384616 0.8233173076923077 0.2283653846153846 0.3485576923076923
0 0.7764423076923077 0.6394230769230769 0.12740384615384615 0.1875
0 0.8617788461538461 0.3173076923076923 0.11057692307692307 0.15384615384615385
0 0.8052884615384616 0.20793269230769232 0.1201923076923077 0.2091346153846154
0 0.7307692307692307 0.09254807692307693 0.14423076923076922 0.17548076923076922
0 0.6394230769230769 0.040865384615384616 0.06490384615384616 0.07211538461538461
0 0.5733173076923077 0.030048076923076924 0.0673076923076923 0.04807692307692308
0 0.9507211538461539 0.1141826923076923 0.09375 0.22355769230769232
0 0.9735576923076923 0.06370192307692307 0.04807692307692308 0.11778846153846154
0 0.9278846153846154 0.19471153846153846 0.13942307692307693 0.3798076923076923
0 0.8305288461538461 0.09014423076923077 0.0673076923076923 0.16826923076923078
0 0.8617788461538461 0.5444711538461539 0.27163461538461536 0.30528846153846156
0 0.7271634615384616 0.5300480769230769 0.17307692307692307 0.3293269230769231
0 0.71875 0.5084134615384616 0.19230769230769232 0.3076923076923077
0 0.6947115384615384 0.5084134615384616 0.21153846153846154 0.3076923076923077
0 0.6947115384615384 0.49399038461538464 0.24759615384615385 0.27884615384615385
0 0.6923076923076923 0.45913461538461536 0.24519230769230768 0.23076923076923078
0 0.5060096153846154 0.036057692307692304 0.028846153846153848 0.038461538461538464
0 0.5132211538461539 0.07932692307692307 0.04326923076923077 0.07211538461538461
0 0.49038461538461536 0.08774038461538461 0.014423076923076924 0.03365384615384615
0 0.5360576923076923 0.0625 0.02403846153846154 0.06009615384615385
0 0.5649038461538461 0.08173076923076923 0.03365384615384615 0.0673076923076923
0 0.5528846153846154 0.1502403846153846 0.036057692307692304 0.07211538461538461
0 0.5420673076923077 0.19110576923076922 0.014423076923076924 0.04326923076923077
0 0.5564903846153846 0.20432692307692307 0.021634615384615384 0.038461538461538464
0 0.5709134615384616 0.23798076923076922 0.028846153846153848 0.06009615384615385
0 0.5841346153846154 0.28125 0.02403846153846154 0.04807692307692308
0 0.609375 0.31971153846153844 0.038461538461538464 0.038461538461538464
0 0.6382211538461539 0.33653846153846156 0.02403846153846154 0.038461538461538464
0 0.6730769230769231 0.32211538461538464 0.036057692307692304 0.052884615384615384
0 0.6478365384615384 0.2980769230769231 0.036057692307692304 0.04807692307692308
0 0.6394230769230769 0.2512019230769231 0.04326923076923077 0.052884615384615384
0 0.6129807692307693 0.27884615384615385 0.03365384615384615 0.052884615384615384
0 0.5985576923076923 0.24278846153846154 0.03365384615384615 0.06009615384615385
0 0.5805288461538461 0.19110576923076922 0.038461538461538464 0.04326923076923077
0 0.6141826923076923 0.1971153846153846 0.036057692307692304 0.0673076923076923
0 0.5877403846153846 0.14423076923076922 0.038461538461538464 0.06009615384615385
0 0.5997596153846154 0.08413461538461539 0.036057692307692304 0.07211538461538461
0 0.6418269230769231 0.11177884615384616 0.03365384615384615 0.04807692307692308
0 0.6213942307692307 0.14423076923076922 0.028846153846153848 0.04807692307692308
0 0.6622596153846154 0.1310096153846154 0.028846153846153848 0.04326923076923077
0 0.6514423076923077 0.1778846153846154 0.036057692307692304 0.07211538461538461
0 0.6911057692307693 0.16346153846153846 0.04326923076923077 0.07692307692307693
0 0.6658653846153846 0.2403846153846154 0.04326923076923077 0.0673076923076923
0 0.6995192307692307 0.23197115384615385 0.02403846153846154 0.06009615384615385
0 0.6923076923076923 0.27884615384615385 0.04807692307692308 0.052884615384615384
0 0.6923076923076923 0.34375 0.052884615384615384 0.08653846153846154
0 0.734375 0.3004807692307692 0.04326923076923077 0.052884615384615384
0 0.7307692307692307 0.22716346153846154 0.04326923076923077 0.09134615384615384
0 0.7379807692307693 0.35216346153846156 0.05048076923076923 0.06009615384615385
0 0.7151442307692307 0.4206730769230769 0.038461538461538464 0.0673076923076923
0 0.6850961538461539 0.4375 0.038461538461538464 0.0673076923076923
0 0.6490384615384616 0.390625 0.03365384615384615 0.04807692307692308
0 0.6237980769230769 0.390625 0.02403846153846154 0.028846153846153848
0 0.6057692307692307 0.3557692307692308 0.03365384615384615 0.052884615384615384
0 0.5685096153846154 0.3557692307692308 0.038461538461538464 0.0673076923076923
0 0.5673076923076923 0.40384615384615385 0.036057692307692304 0.04326923076923077
0 0.5540865384615384 0.4375 0.03365384615384615 0.04326923076923077
0 0.578125 0.46153846153846156 0.028846153846153848 0.04807692307692308
0 0.5985576923076923 0.42908653846153844 0.04807692307692308 0.06009615384615385
0 0.6165865384615384 0.47836538461538464 0.038461538461538464 0.038461538461538464
0 0.6490384615384616 0.4675480769230769 0.038461538461538464 0.06009615384615385