0 0.8858173076923077 0.15625 0.22115384615384615 0.30288461538461536
0 0.8497596153846154 0.42908653846153844 0.2932692307692308 0.3293269230769231
0 0.7560096153846154 0.3329326923076923 0.1201923076923077 0.15865384615384615
0 0.6634615384615384 0.19831730769230768 0.25240384615384615 0.3870192307692308
0 0.6502403846153846 0.5504807692307693 0.2860576923076923 0.40384615384615385
0 0.9543269230769231 0.6850961538461539 0.08173076923076923 0.21634615384615385
0 0.8774038461538461 0.859375 0.23557692307692307 0.27884615384615385
0 0.8858173076923077 0.671875 0.18269230769230768 0.18990384615384615
0 0.6237980769230769 0.8341346153846154 0.3629807692307692 0.3269230769230769
0 0.3762019230769231 0.5841346153846154 0.3004807692307692 0.5240384615384616
0 0.40625 0.3786057692307692 0.2860576923076923 0.29086538461538464
0 0.45913461538461536 0.17668269230769232 0.15144230769230768 0.13221153846153846
0 0.5336538461538461 0.10817307692307693 0.052884615384615384 0.10096153846153846
0 0.4338942307692308 0.052884615384615384 0.22115384615384615 0.09615384615384616
0 0.19591346153846154 0.22235576923076922 0.3918269230769231 0.40384615384615385
0 0.07091346153846154 0.6334134615384616 0.13701923076923078 0.5841346153846154
0 0.20192307692307693 0.7872596153846154 0.2548076923076923 0.4206730769230769
0 0.18629807692307693 0.5108173076923077 0.11778846153846154 0.1971153846153846
0 0.027644230769230768 0.0673076923076923 0.05048076923076923 0.12980769230769232
0 0.4026442307692308 0.9350961538461539 0.16105769230769232 0.125
0 0.04447115384615385 0.9567307692307693 0.08413461538461539 0.08173076923076923
0 0.5012019230769231 0.4987980769230769 0.9975961538461539 0.9975961538461539