0 0.19591346153846154 0.9771634615384616 0.09134615384615384 0.038461538461538464
0 0.2956730769230769 0.9771634615384616 0.11057692307692307 0.038461538461538464
0 0.27884615384615385 0.9447115384615384 0.09615384615384616 0.055288461538461536
0 0.27283653846153844 0.8978365384615384 0.1201923076923077 0.07211538461538461
0 0.19591346153846154 0.9362980769230769 0.057692307692307696 0.057692307692307696
0 0.17548076923076922 0.8942307692307693 0.038461538461538464 0.0673076923076923
0 0.21033653846153846 0.8185096153846154 0.09615384615384616 0.09375
0 0.3137019230769231 0.8221153846153846 0.14423076923076922 0.07932692307692307
0 0.328125 0.8653846153846154 0.04567307692307692 0.028846153846153848
0 0.36778846153846156 0.9002403846153846 0.125 0.07692307692307693
0 0.4338942307692308 0.8737980769230769 0.20192307692307693 0.24519230769230768
0 0.6237980769230769 0.9206730769230769 0.24759615384615385 0.07692307692307693
0 0.4651442307692308 0.7487980769230769 0.10336538461538461 0.08173076923076923
0 0.4170673076923077 0.8004807692307693 0.07451923076923077 0.0625
0 0.3701923076923077 0.7572115384615384 0.08653846153846154 0.07932692307692307
0 0.2848557692307692 0.7487980769230769 0.1201923076923077 0.09615384615384616
0 0.2127403846153846 0.7139423076923077 0.10336538461538461 0.10336538461538461
0 0.359375 0.6742788461538461 0.11057692307692307 0.0673076923076923
0 0.28125 0.6947115384615384 0.057692307692307696 0.052884615384615384
0 0.23798076923076922 0.6586538461538461 0.07451923076923077 0.04807692307692308
0 0.20673076923076922 0.6262019230769231 0.10336538461538461 0.10096153846153846
0 0.2956730769230769 0.6105769230769231 0.07451923076923077 0.04807692307692308
0 0.31009615384615385 0.6382211538461539 0.09134615384615384 0.03365384615384615
0 0.43990384615384615 0.6394230769230769 0.1201923076923077 0.07211538461538461
0 0.47716346153846156 0.6971153846153846 0.09134615384615384 0.055288461538461536
0 0.4026442307692308 0.7115384615384616 0.09134615384615384 0.052884615384615384
0 0.390625 0.5949519230769231 0.09134615384615384 0.057692307692307696
0 0.53125 0.5901442307692307 0.08653846153846154 0.07692307692307693
0 0.4855769230769231 0.5721153846153846 0.08653846153846154 0.055288461538461536
0 0.5348557692307693 0.6670673076923077 0.08173076923076923 0.10096153846153846
0 0.609375 0.5685096153846154 0.13942307692307693 0.1875
0 0.46875 0.5204326923076923 0.09615384615384616 0.0625
0 0.5348557692307693 0.5360576923076923 0.057692307692307696 0.04326923076923077
0 0.5661057692307693 0.5528846153846154 0.052884615384615384 0.038461538461538464
0 0.5540865384615384 0.4795673076923077 0.11057692307692307 0.0673076923076923
0 0.2620192307692308 0.5108173076923077 0.21153846153846154 0.13942307692307693
0 0.20673076923076922 0.3605769230769231 0.10336538461538461 0.14903846153846154
0 0.390625 0.4963942307692308 0.09134615384615384 0.0673076923076923
0 0.31009615384615385 0.4651442307692308 0.0673076923076923 0.055288461538461536
0 0.2668269230769231 0.421875 0.09615384615384616 0.08653846153846154
0 0.36177884615384615 0.40024038461538464 0.11538461538461539 0.0673076923076923
0 0.44591346153846156 0.42788461538461536 0.1201923076923077 0.08173076923076923
0 0.4735576923076923 0.46875 0.08653846153846154 0.055288461538461536
0 0.5348557692307693 0.4074519230769231 0.13942307692307693 0.08173076923076923
0 0.609375 0.3942307692307692 0.057692307692307696 0.0673076923076923
0 0.6634615384615384 0.3581730769230769 0.08653846153846154 0.0625
0 0.6694711538461539 0.42788461538461536 0.09615384615384616 0.0673076923076923
0 0.6670673076923077 0.32572115384615385 0.09134615384615384 0.04326923076923077
0 0.6201923076923077 0.3293269230769231 0.03365384615384615 0.04326923076923077
0 0.5432692307692307 0.35697115384615385 0.14423076923076922 0.07932692307692307
0 0.43149038461538464 0.3581730769230769 0.0673076923076923 0.07692307692307693
0 0.46033653846153844 0.28846153846153844 0.13942307692307693 0.08653846153846154
0 0.38461538461538464 0.32211538461538464 0.04567307692307692 0.04326923076923077
0 0.328125 0.3293269230769231 0.0673076923076923 0.0673076923076923
0 0.28125 0.35697115384615385 0.03365384615384615 0.038461538461538464
0 0.25841346153846156 0.3016826923076923 0.10336538461538461 0.07211538461538461
0 0.21033653846153846 0.25 0.0625 0.052884615384615384
0 0.16947115384615385 0.25 0.028846153846153848 0.038461538461538464
0 0.3137019230769231 0.2608173076923077 0.13221153846153846 0.0673076923076923
0 0.38822115384615385 0.22235576923076922 0.09615384615384616 0.10096153846153846
0 0.28725961538461536 0.19471153846153846 0.11538461538461539 0.0673076923076923
0 0.19831730769230768 0.1875 0.0625 0.0673076923076923
0 0.17548076923076922 0.1346153846153846 0.028846153846153848 0.04807692307692308
0 0.18389423076923078 0.07932692307692307 0.04567307692307692 0.0673076923076923
0 0.2127403846153846 0.03485576923076923 0.09134615384615384 0.0673076923076923
0 0.21875 0.09615384615384616 0.08173076923076923 0.055288461538461536
0 0.28125 0.12620192307692307 0.08173076923076923 0.057692307692307696
0 0.23798076923076922 0.1466346153846154 0.1201923076923077 0.038461538461538464
0 0.2932692307692308 0.05048076923076923 0.125 0.07932692307692307
0 0.36538461538461536 0.06370192307692307 0.1201923076923077 0.09134615384615384
0 0.390625 0.14182692307692307 0.125 0.0673076923076923
0 0.46875 0.17548076923076922 0.09615384615384616 0.08173076923076923
0 0.43990384615384615 0.24519230769230768 0.038461538461538464 0.055288461538461536
0 0.49759615384615385 0.2548076923076923 0.07451923076923077 0.055288461538461536
0 0.5805288461538461 0.27403846153846156 0.09134615384615384 0.07211538461538461
0 0.5372596153846154 0.21153846153846154 0.07451923076923077 0.057692307692307696
0 0.4879807692307692 0.10697115384615384 0.10336538461538461 0.0673076923076923
0 0.4254807692307692 0.04326923076923077 0.11538461538461539 0.052884615384615384
0 0.4050480769230769 0.010817307692307692 0.08653846153846154 0.019230769230769232
0 0.5180288461538461 0.03125 0.0985576923076923 0.057692307692307696
0 0.6153846153846154 0.037259615384615384 0.10576923076923077 0.06971153846153846
0 0.5721153846153846 0.08052884615384616 0.09615384615384616 0.052884615384615384
0 0.6382211538461539 0.09134615384615384 0.057692307692307696 0.0673076923076923
0 0.6983173076923077 0.09615384615384616 0.09615384615384616 0.0673076923076923
0 0.6959134615384616 0.046875 0.057692307692307696 0.04326923076923077
0 0.7043269230769231 0.013221153846153846 0.0673076923076923 0.021634615384615384
0 0.7355769230769231 0.12980769230769232 0.057692307692307696 0.04326923076923077
0 0.71875 0.17427884615384615 0.0673076923076923 0.038461538461538464
0 0.7475961538461539 0.1935096153846154 0.0673076923076923 0.040865384615384616
0 0.7295673076923077 0.23677884615384615 0.0673076923076923 0.057692307692307696
0 0.6754807692307693 0.23918269230769232 0.052884615384615384 0.03125
0 0.6466346153846154 0.27283653846153844 0.0625 0.04807692307692308
0 0.6814903846153846 0.24519230769230768 0.038461538461538464 0.03365384615384615
0 0.6610576923076923 0.21514423076923078 0.08173076923076923 0.052884615384615384
0 0.6838942307692307 0.1875 0.057692307692307696 0.04326923076923077
0 0.6298076923076923 0.17427884615384615 0.0625 0.052884615384615384
0 0.6466346153846154 0.14423076923076922 0.052884615384615384 0.04807692307692308
0 0.5925480769230769 0.12740384615384615 0.03365384615384615 0.040865384615384616
0 0.5348557692307693 0.12259615384615384 0.09134615384615384 0.0673076923076923
0 0.5600961538461539 0.17548076923076922 0.0625 0.055288461538461536
0 0.47115384615384615 0.1778846153846154 0.10336538461538461 0.07211538461538461
0 0.6177884615384616 0.23918269230769232 0.0625 0.04326923076923077
0 0.4651442307692308 0.28846153846153844 0.125 0.07211538461538461
0 0.32211538461538464 0.25841346153846156 0.11538461538461539 0.055288461538461536
0 0.3762019230769231 0.23798076923076922 0.07451923076923077 0.0625
0 0.3737980769230769 0.1875 0.0673076923076923 0.03125
3 0.7548076923076923 0.71875 0.4855769230769231 0.3701923076923077