0 0.9411057692307693 0.6009615384615384 0.11057692307692307 0.7884615384615384
0 0.8990384615384616 0.39663461538461536 0.10576923076923077 0.34615384615384615
0 0.7956730769230769 0.7007211538461539 0.10096153846153846 0.5865384615384616
0 0.7079326923076923 0.7115384615384616 0.11538461538461539 0.5649038461538461
0 0.6225961538461539 0.6081730769230769 0.15865384615384615 0.7716346153846154
0 0.4795673076923077 0.6274038461538461 0.19471153846153846 0.7331730769230769
0 0.5 0.8100961538461539 0.08173076923076923 0.3701923076923077
0 0.3629807692307692 0.6706730769230769 0.23798076923076922 0.6466346153846154
0 0.35096153846153844 0.6466346153846154 0.3076923076923077 0.6971153846153846
0 0.28846153846153844 0.5793269230769231 0.3076923076923077 0.8317307692307693
0 0.140625 0.6298076923076923 0.2764423076923077 0.625
0 0.14182692307692307 0.7716346153846154 0.057692307692307696 0.10817307692307693
0 0.16346153846153846 0.4182692307692308 0.32211538461538464 0.47115384615384615
0 0.14903846153846154 0.2403846153846154 0.2932692307692308 0.47596153846153844
0 0.05048076923076923 0.23076923076923078 0.09615384615384616 0.15865384615384615
0 0.0889423076923077 0.08533653846153846 0.17307692307692307 0.1658653846153846
0 0.27403846153846156 0.027644230769230768 0.1971153846153846 0.055288461538461536
0 0.4567307692307692 0.09615384615384616 0.3269230769230769 0.1875
0 0.6286057692307693 0.15144230769230768 0.3581730769230769 0.2980769230769231
0 0.8449519230769231 0.2247596153846154 0.30528846153846156 0.44471153846153844