0 0.46274038461538464 0.2536057692307692 0.3894230769230769 0.25
0 0.16947115384615385 0.3245192307692308 0.27403846153846156 0.1875
0 0.7560096153846154 0.2980769230769231 0.22115384615384615 0.1971153846153846
0 0.9158653846153846 0.3701923076923077 0.16346153846153846 0.17307692307692307
0 0.6286057692307693 0.46274038461538464 0.10096153846153846 0.08173076923076923
0 0.6382211538461539 0.40625 0.04807692307692308 0.03125
0 0.6598557692307693 0.38221153846153844 0.04807692307692308 0.026442307692307692
0 0.7091346153846154 0.38461538461538464 0.038461538461538464 0.03125
0 0.6862980769230769 0.41346153846153844 0.038461538461538464 0.036057692307692304
0 0.7019230769230769 0.45072115384615385 0.04326923076923077 0.03125
0 0.7355769230769231 0.4735576923076923 0.04807692307692308 0.038461538461538464
0 0.7403846153846154 0.43509615384615385 0.04807692307692308 0.036057692307692304
0 0.7620192307692307 0.40865384615384615 0.04807692307692308 0.036057692307692304
0 0.8016826923076923 0.44471153846153844 0.08413461538461539 0.11538461538461539
0 0.8822115384615384 0.45072115384615385 0.0673076923076923 0.057692307692307696
0 0.5132211538461539 0.421875 0.19230769230769232 0.08173076923076923
0 0.3581730769230769 0.47596153846153844 0.16346153846153846 0.15865384615384615
0 0.31971153846153844 0.4579326923076923 0.1875 0.1346153846153846
0 0.2848557692307692 0.40625 0.15144230769230768 0.11057692307692307
0 0.2536057692307692 0.38221153846153844 0.15865384615384615 0.125
0 0.20432692307692307 0.38461538461538464 0.15144230769230768 0.0673076923076923
0 0.13942307692307693 0.4891826923076923 0.16346153846153846 0.1346153846153846
0 0.2512019230769231 0.5336538461538461 0.10096153846153846 0.036057692307692304
0 0.27283653846153844 0.5649038461538461 0.11057692307692307 0.04326923076923077
0 0.29086538461538464 0.5961538461538461 0.11057692307692307 0.052884615384615384
0 0.2283653846153846 0.6129807692307693 0.07692307692307693 0.026442307692307692
0 0.12620192307692307 0.5961538461538461 0.10096153846153846 0.04326923076923077
0 0.20432692307692307 0.5889423076923077 0.0625 0.03125
0 0.38221153846153844 0.5913461538461539 0.125 0.0625
0 0.46875 0.578125 0.16346153846153846 0.0889423076923077
0 0.5132211538461539 0.5216346153846154 0.15384615384615385 0.13942307692307693
0 0.6310096153846154 0.5516826923076923 0.14182692307692307 0.14182692307692307
0 0.7728365384615384 0.6021634615384616 0.125 0.038461538461538464
0 0.890625 0.59375 0.11057692307692307 0.057692307692307696
0 0.7848557692307693 0.5420673076923077 0.28846153846153844 0.15144230769230768
1 0.5024038461538461 0.6935096153846154 0.9230769230769231 0.25