0 0.10697115384615384 0.11177884615384616 0.14903846153846154 0.21153846153846154
0 0.014423076923076924 0.10336538461538461 0.021634615384615384 0.17307692307692307
0 0.054086538461538464 0.25961538461538464 0.10096153846153846 0.21153846153846154
0 0.15745192307692307 0.1310096153846154 0.09134615384615384 0.21875
0 0.21153846153846154 0.027644230769230768 0.0673076923076923 0.04326923076923077
0 0.35697115384615385 0.04927884615384615 0.08173076923076923 0.08653846153846154
0 0.27403846153846156 0.1201923076923077 0.14903846153846154 0.23076923076923078
0 0.21875 0.234375 0.1201923076923077 0.21875
0 0.17548076923076922 0.33653846153846156 0.14903846153846154 0.22355769230769232
0 0.07211538461538461 0.4675480769230769 0.13942307692307693 0.22355769230769232
0 0.018028846153846152 0.5769230769230769 0.028846153846153848 0.18028846153846154
0 0.03125 0.7427884615384616 0.052884615384615384 0.20673076923076922
0 0.021634615384615384 0.921875 0.038461538461538464 0.15144230769230768
0 0.03125 0.8858173076923077 0.038461538461538464 0.0985576923076923
0 0.0985576923076923 0.9603365384615384 0.125 0.07451923076923077
0 0.13581730769230768 0.8088942307692307 0.16346153846153846 0.23076923076923078
0 0.0829326923076923 0.6442307692307693 0.08653846153846154 0.12980769230769232
0 0.1935096153846154 0.5985576923076923 0.14903846153846154 0.21153846153846154
0 0.15985576923076922 0.4675480769230769 0.04326923076923077 0.06009615384615385
0 0.24759615384615385 0.4266826923076923 0.12740384615384615 0.15384615384615385
0 0.3473557692307692 0.30288461538461536 0.15384615384615385 0.22355769230769232
0 0.43149038461538464 0.13701923076923078 0.15384615384615385 0.21875
0 0.4891826923076923 0.021634615384615384 0.10096153846153846 0.03365384615384615
0 0.47115384615384615 0.057692307692307696 0.12980769230769232 0.10336538461538461
0 0.5865384615384616 0.15625 0.14423076923076922 0.21153846153846154
0 0.6682692307692307 0.036057692307692304 0.14182692307692307 0.06009615384615385
0 0.5721153846153846 0.02403846153846154 0.07211538461538461 0.038461538461538464
0 0.6923076923076923 0.10697115384615384 0.12259615384615384 0.16826923076923078
0 0.7632211538461539 0.027644230769230768 0.07692307692307693 0.04326923076923077
0 0.7632211538461539 0.18629807692307693 0.14903846153846154 0.21875
0 0.6971153846153846 0.28365384615384615 0.11057692307692307 0.1971153846153846
0 0.6346153846153846 0.3605769230769231 0.15384615384615385 0.2403846153846154
0 0.5024038461538461 0.3088942307692308 0.14903846153846154 0.21153846153846154
0 0.47596153846153844 0.5132211538461539 0.15625 0.23076923076923078
0 0.328125 0.5300480769230769 0.1346153846153846 0.21875
0 0.4074519230769231 0.4723557692307692 0.07692307692307693 0.19230769230769232
0 0.33653846153846156 0.6370192307692307 0.12980769230769232 0.125
0 0.2848557692307692 0.7536057692307693 0.14182692307692307 0.21875
0 0.21875 0.9242788461538461 0.14903846153846154 0.1466346153846154
0 0.3401442307692308 0.9194711538461539 0.1466346153846154 0.15625
0 0.36899038461538464 0.7920673076923077 0.07932692307692307 0.1875
0 0.4326923076923077 0.7512019230769231 0.14903846153846154 0.22355769230769232
0 0.5144230769230769 0.6418269230769231 0.11538461538461539 0.14903846153846154
0 0.5360576923076923 0.7764423076923077 0.07211538461538461 0.12980769230769232
0 0.49399038461538464 0.9122596153846154 0.15625 0.17307692307692307
0 0.6153846153846154 0.9543269230769231 0.08653846153846154 0.08653846153846154
0 0.8846153846153846 0.08173076923076923 0.16826923076923078 0.15384615384615385
0 0.9795673076923077 0.04326923076923077 0.038461538461538464 0.0673076923076923
0 0.9507211538461539 0.1778846153846154 0.09615384615384616 0.22355769230769232
0 0.8293269230769231 0.234375 0.12980769230769232 0.1971153846153846
0 0.8353365384615384 0.4098557692307692 0.14903846153846154 0.21875
0 0.9483173076923077 0.38822115384615385 0.0985576923076923 0.25240384615384615
0 0.7211538461538461 0.5 0.10817307692307693 0.22355769230769232
0 0.828125 0.6069711538461539 0.14182692307692307 0.20673076923076922
0 0.9387019230769231 0.5384615384615384 0.11778846153846154 0.13942307692307693
0 0.9278846153846154 0.7019230769230769 0.13942307692307693 0.23557692307692307
0 0.7463942307692307 0.71875 0.14423076923076922 0.21153846153846154
0 0.6466346153846154 0.6694711538461539 0.1201923076923077 0.125
0 0.8329326923076923 0.8064903846153846 0.14423076923076922 0.18028846153846154
0 0.6959134615384616 0.8858173076923077 0.12980769230769232 0.12980769230769232
0 0.6213942307692307 0.8137019230769231 0.14182692307692307 0.21875
0 0.7223557692307693 0.953125 0.14182692307692307 0.09134615384615384
0 0.875 0.953125 0.15625 0.09134615384615384
0 0.796875 0.9182692307692307 0.08653846153846154 0.08653846153846154
0 0.9447115384615384 0.9002403846153846 0.10576923076923077 0.19471153846153846
0 0.5 0.5012019230769231 0.9951923076923077 0.9927884615384616