0 0.08052884615384616 0.06971153846153846 0.10817307692307693 0.12980769230769232
0 0.037259615384615384 0.12379807692307693 0.0673076923076923 0.17548076923076922
0 0.08533653846153846 0.24759615384615385 0.13221153846153846 0.18509615384615385
0 0.04807692307692308 0.3245192307692308 0.0889423076923077 0.1346153846153846
0 0.028846153846153848 0.4050480769230769 0.05048076923076923 0.036057692307692304
0 0.03485576923076923 0.44350961538461536 0.0625 0.0625
0 0.015625 0.48677884615384615 0.02403846153846154 0.04807692307692308
0 0.03485576923076923 0.5072115384615384 0.038461538461538464 0.04807692307692308
0 0.013221153846153846 0.5180288461538461 0.019230769230769232 0.036057692307692304
0 0.06610576923076923 0.47115384615384615 0.055288461538461536 0.057692307692307696
0 0.04807692307692308 0.5588942307692307 0.0889423076923077 0.12740384615384615
0 0.14302884615384615 0.4483173076923077 0.038461538461538464 0.040865384615384616
0 0.1658653846153846 0.4074519230769231 0.038461538461538464 0.052884615384615384
0 0.0985576923076923 0.39663461538461536 0.11298076923076923 0.125
0 0.18870192307692307 0.31490384615384615 0.1466346153846154 0.1346153846153846
0 0.2668269230769231 0.2548076923076923 0.1466346153846154 0.13942307692307693
0 0.3701923076923077 0.17307692307692307 0.125 0.15865384615384615
0 0.296875 0.10576923076923077 0.125 0.17067307692307693
0 0.1935096153846154 0.07211538461538461 0.13942307692307693 0.1346153846153846
0 0.4735576923076923 0.17067307692307693 0.07451923076923077 0.10336538461538461
0 0.5252403846153846 0.21634615384615385 0.07692307692307693 0.11298076923076923
0 0.5829326923076923 0.25 0.06971153846153846 0.08653846153846154
0 0.6213942307692307 0.265625 0.052884615384615384 0.07692307692307693
0 0.4338942307692308 0.2704326923076923 0.1971153846153846 0.09615384615384616
0 0.3918269230769231 0.3329326923076923 0.17548076923076922 0.0673076923076923
0 0.31850961538461536 0.3605769230769231 0.1201923076923077 0.07211538461538461
0 0.2548076923076923 0.4050480769230769 0.12980769230769232 0.04807692307692308
0 0.15384615384615385 0.4567307692307692 0.10096153846153846 0.08653846153846154
0 0.5444711538461539 0.10576923076923077 0.02403846153846154 0.02403846153846154
0 0.53125 0.07932692307692307 0.01201923076923077 0.036057692307692304
0 0.5120192307692307 0.07211538461538461 0.026442307692307692 0.040865384615384616
0 0.484375 0.05889423076923077 0.019230769230769232 0.02403846153846154
0 0.4519230769230769 0.036057692307692304 0.038461538461538464 0.03125
0 0.42908653846153844 0.02283653846153846 0.02403846153846154 0.02403846153846154
0 0.4579326923076923 0.013221153846153846 0.03365384615384615 0.014423076923076924
0 0.4963942307692308 0.020432692307692308 0.03365384615384615 0.03125
0 0.49399038461538464 0.03365384615384615 0.04807692307692308 0.02403846153846154
0 0.5444711538461539 0.015625 0.038461538461538464 0.019230769230769232
0 0.5504807692307693 0.040865384615384616 0.026442307692307692 0.03125
0 0.5228365384615384 0.03125 0.026442307692307692 0.040865384615384616
0 0.5540865384615384 0.0829326923076923 0.026442307692307692 0.040865384615384616
0 0.5793269230769231 0.08533653846153846 0.014423076923076924 0.036057692307692304
0 0.5793269230769231 0.040865384615384616 0.03125 0.040865384615384616
0 0.6105769230769231 0.05889423076923077 0.02403846153846154 0.036057692307692304
0 0.625 0.03365384615384615 0.014423076923076924 0.02403846153846154
0 0.6057692307692307 0.018028846153846152 0.03125 0.02403846153846154
0 0.5805288461538461 0.015625 0.03365384615384615 0.019230769230769232
0 0.640625 0.018028846153846152 0.014423076923076924 0.014423076923076924
0 0.6598557692307693 0.013221153846153846 0.02403846153846154 0.014423076923076924
0 0.9519230769230769 0.015625 0.026442307692307692 0.019230769230769232
0 0.9038461538461539 0.010817307692307692 0.014423076923076924 0.009615384615384616
0 0.8846153846153846 0.02283653846153846 0.014423076923076924 0.036057692307692304
0 0.8653846153846154 0.020432692307692308 0.02403846153846154 0.03125
0 0.8557692307692307 0.046875 0.026442307692307692 0.03125
0 0.8353365384615384 0.02283653846153846 0.026442307692307692 0.036057692307692304
0 0.8125 0.020432692307692308 0.026442307692307692 0.03125
0 0.7896634615384616 0.015625 0.04326923076923077 0.021634615384615384
0 0.7548076923076923 0.018028846153846152 0.019230769230769232 0.02403846153846154
0 0.7319711538461539 0.015625 0.019230769230769232 0.019230769230769232
0 0.7127403846153846 0.02283653846153846 0.026442307692307692 0.036057692307692304
0 0.6887019230769231 0.03365384615384615 0.026442307692307692 0.036057692307692304
0 0.6694711538461539 0.03365384615384615 0.019230769230769232 0.036057692307692304
0 0.6850961538461539 0.0673076923076923 0.026442307692307692 0.03125
0 0.6646634615384616 0.07211538461538461 0.03125 0.040865384615384616
0 0.6394230769230769 0.07692307692307693 0.03365384615384615 0.040865384615384616
0 0.6598557692307693 0.10336538461538461 0.03125 0.040865384615384616
0 0.640625 0.09735576923076923 0.014423076923076924 0.03125
0 0.6237980769230769 0.09014423076923077 0.019230769230769232 0.04807692307692308
0 0.6105769230769231 0.11538461538461539 0.038461538461538464 0.036057692307692304
0 0.6009615384615384 0.12860576923076922 0.026442307692307692 0.03125
0 0.625 0.14423076923076922 0.03125 0.019230769230769232
0 0.6586538461538461 0.1622596153846154 0.019230769230769232 0.036057692307692304
0 0.6790865384615384 0.13701923076923078 0.03125 0.036057692307692304
0 0.7079326923076923 0.15264423076923078 0.03365384615384615 0.036057692307692304
0 0.7331730769230769 0.1346153846153846 0.03125 0.040865384615384616
0 0.7548076923076923 0.10576923076923077 0.03365384615384615 0.036057692307692304
0 0.7896634615384616 0.10096153846153846 0.026442307692307692 0.036057692307692304
0 0.828125 0.07932692307692307 0.03365384615384615 0.02403846153846154
0 0.8112980769230769 0.0673076923076923 0.014423076923076924 0.019230769230769232
0 0.8016826923076923 0.04326923076923077 0.04326923076923077 0.036057692307692304
0 0.7740384615384616 0.056490384615384616 0.05048076923076923 0.052884615384615384
0 0.7391826923076923 0.0829326923076923 0.03365384615384615 0.052884615384615384
0 0.042067307692307696 0.9278846153846154 0.07692307692307693 0.052884615384615384
0 0.03485576923076923 0.8786057692307693 0.0625 0.07692307692307693
0 0.03485576923076923 0.8293269230769231 0.0625 0.040865384615384616
0 0.09615384615384616 0.8894230769230769 0.09134615384615384 0.07692307692307693
0 0.09254807692307693 0.8449519230769231 0.06971153846153846 0.052884615384615384
0 0.12139423076923077 0.9435096153846154 0.1201923076923077 0.052884615384615384
0 0.171875 0.9026442307692307 0.07451923076923077 0.09134615384615384
0 0.21995192307692307 0.9074519230769231 0.07692307692307693 0.125
0 0.2956730769230769 0.9603365384615384 0.09134615384615384 0.07451923076923077
0 0.38100961538461536 0.9627403846153846 0.0985576923076923 0.06971153846153846
0 0.4579326923076923 0.9675480769230769 0.06971153846153846 0.06009615384615385
0 0.20432692307692307 0.9831730769230769 0.09134615384615384 0.028846153846153848
0 0.11658653846153846 0.9543269230769231 0.11298076923076923 0.08653846153846154
0 0.038461538461538464 0.9567307692307693 0.07211538461538461 0.08173076923076923
0 0.9591346153846154 0.9206730769230769 0.019230769230769232 0.014423076923076924
0 0.9747596153846154 0.9122596153846154 0.026442307692307692 0.040865384615384616
0 0.9927884615384616 0.9134615384615384 0.009615384615384616 0.03365384615384615
0 0.9747596153846154 0.8894230769230769 0.026442307692307692 0.02403846153846154
0 0.9495192307692307 0.8990384615384616 0.03125 0.036057692307692304
0 0.9242788461538461 0.8894230769230769 0.026442307692307692 0.036057692307692304
0 0.8894230769230769 0.8810096153846154 0.019230769230769232 0.019230769230769232
0 0.8689903846153846 0.8713942307692307 0.03125 0.03125
0 0.8942307692307693 0.8401442307692307 0.019230769230769232 0.03125
0 0.84375 0.8605769230769231 0.019230769230769232 0.009615384615384616
0 0.9338942307692307 0.8329326923076923 0.02403846153846154 0.036057692307692304
0 0.9098557692307693 0.8377403846153846 0.026442307692307692 0.036057692307692304
0 0.96875 0.8629807692307693 0.02403846153846154 0.014423076923076924
0 0.9579326923076923 0.8509615384615384 0.02403846153846154 0.052884615384615384
0 0.953125 0.8221153846153846 0.02403846153846154 0.036057692307692304
0 0.9711538461538461 0.8064903846153846 0.026442307692307692 0.02403846153846154
0 0.9735576923076923 0.8353365384615384 0.038461538461538464 0.052884615384615384
0 0.9903846153846154 0.7944711538461539 0.014423076923076924 0.04567307692307692
0 0.9951923076923077 0.8353365384615384 0.004807692307692308 0.021634615384615384
0 0.9891826923076923 0.8665865384615384 0.016826923076923076 0.055288461538461536
0 0.3557692307692308 0.9278846153846154 0.06971153846153846 0.040865384615384616
0 0.32091346153846156 0.9146634615384616 0.09375 0.014423076923076924
0 0.34615384615384615 0.9050480769230769 0.04326923076923077 0.02403846153846154
0 0.2860576923076923 0.9026442307692307 0.055288461538461536 0.0625
0 0.28966346153846156 0.8581730769230769 0.09375 0.02403846153846154
0 0.3317307692307692 0.8810096153846154 0.04807692307692308 0.040865384615384616
0 0.3762019230769231 0.8713942307692307 0.05048076923076923 0.03125
0 0.4110576923076923 0.8425480769230769 0.09615384615384616 0.036057692307692304
0 0.42427884615384615 0.8269230769230769 0.038461538461538464 0.02403846153846154
0 0.9543269230769231 0.15264423076923078 0.08653846153846154 0.20432692307692307
0 0.8629807692307693 0.19110576923076922 0.09615384615384616 0.18509615384615385
0 0.7860576923076923 0.26322115384615385 0.10576923076923077 0.09375
0 0.8822115384615384 0.38100961538461536 0.08173076923076923 0.10336538461538461
0 0.9266826923076923 0.33774038461538464 0.09134615384615384 0.1201923076923077
0 0.9579326923076923 0.31009615384615385 0.07932692307692307 0.11538461538461539
0 0.6538461538461539 0.296875 0.04326923076923077 0.0673076923076923
0 0.5985576923076923 0.31971153846153844 0.052884615384615384 0.08173076923076923
0 0.5757211538461539 0.36899038461538464 0.0625 0.0673076923076923
0 0.5324519230769231 0.3894230769230769 0.038461538461538464 0.057692307692307696
0 0.49399038461538464 0.43509615384615385 0.052884615384615384 0.0673076923076923
0 0.47716346153846156 0.46875 0.04326923076923077 0.07211538461538461
0 0.43990384615384615 0.5180288461538461 0.04807692307692308 0.0673076923076923
0 0.4266826923076923 0.5673076923076923 0.04326923076923077 0.052884615384615384
0 0.47475961538461536 0.5697115384615384 0.052884615384615384 0.0673076923076923
0 0.4963942307692308 0.5360576923076923 0.05048076923076923 0.0625
0 0.5288461538461539 0.4795673076923077 0.052884615384615384 0.08173076923076923
0 0.5793269230769231 0.43028846153846156 0.052884615384615384 0.04807692307692308
0 0.6213942307692307 0.4050480769230769 0.052884615384615384 0.07692307692307693
0 0.6490384615384616 0.3605769230769231 0.052884615384615384 0.052884615384615384
0 0.6658653846153846 0.4050480769230769 0.026442307692307692 0.04807692307692308
0 0.6298076923076923 0.4483173076923077 0.04807692307692308 0.040865384615384616
0 0.5853365384615384 0.48677884615384615 0.05048076923076923 0.0673076923076923
0 0.546875 0.5432692307692307 0.057692307692307696 0.057692307692307696
0 0.5024038461538461 0.6189903846153846 0.0625 0.07211538461538461
0 0.6947115384615384 0.3629807692307692 0.04807692307692308 0.0673076923076923
0 0.7415865384615384 0.36538461538461536 0.07692307692307693 0.08413461538461539
0 0.7199519230769231 0.4026442307692308 0.05048076923076923 0.03125
0 0.6814903846153846 0.42788461538461536 0.04326923076923077 0.03125
0 0.6586538461538461 0.46634615384615385 0.04326923076923077 0.04807692307692308
0 0.6201923076923077 0.5024038461538461 0.05048076923076923 0.04807692307692308
0 0.6045673076923077 0.5588942307692307 0.05048076923076923 0.057692307692307696
0 0.5612980769230769 0.5925480769230769 0.0673076923076923 0.07211538461538461
0 0.5504807692307693 0.6346153846153846 0.04326923076923077 0.03125
0 0.5961538461538461 0.6213942307692307 0.057692307692307696 0.0673076923076923
0 0.6274038461538461 0.6418269230769231 0.04326923076923077 0.04807692307692308
0 0.6442307692307693 0.5853365384615384 0.038461538461538464 0.0673076923076923
0 0.6538461538461539 0.5204326923076923 0.04326923076923077 0.052884615384615384
0 0.703125 0.484375 0.052884615384615384 0.0625
0 0.7283653846153846 0.4387019230769231 0.057692307692307696 0.0625
0 0.7620192307692307 0.3942307692307692 0.04326923076923077 0.026442307692307692
0 0.7860576923076923 0.4411057692307692 0.057692307692307696 0.07692307692307693
0 0.7512019230769231 0.4891826923076923 0.05048076923076923 0.0625
0 0.6935096153846154 0.5408653846153846 0.05048076923076923 0.0625
0 0.6754807692307693 0.5973557692307693 0.038461538461538464 0.052884615384615384
0 0.6526442307692307 0.6526442307692307 0.03125 0.057692307692307696
0 0.6983173076923077 0.5973557692307693 0.038461538461538464 0.052884615384615384
0 0.7391826923076923 0.546875 0.04326923076923077 0.052884615384615384
0 0.7824519230769231 0.5252403846153846 0.04326923076923077 0.040865384615384616
0 0.8221153846153846 0.47475961538461536 0.038461538461538464 0.040865384615384616
0 0.7920673076923077 0.49759615384615385 0.04807692307692308 0.057692307692307696
0 0.38822115384615385 0.515625 0.057692307692307696 0.052884615384615384
0 0.3858173076923077 0.5516826923076923 0.038461538461538464 0.019230769230769232
0 0.34134615384615385 0.53125 0.05048076923076923 0.052884615384615384
0 0.3125 0.5516826923076923 0.04807692307692308 0.0625
0 0.28365384615384615 0.5564903846153846 0.04326923076923077 0.052884615384615384
0 0.2668269230769231 0.5673076923076923 0.038461538461538464 0.0625
0 0.24278846153846154 0.5877403846153846 0.03125 0.0625
0 0.22596153846153846 0.5877403846153846 0.026442307692307692 0.052884615384615384
0 0.20432692307692307 0.5925480769230769 0.038461538461538464 0.0625
0 0.18870192307692307 0.6213942307692307 0.038461538461538464 0.04567307692307692
0 0.22355769230769232 0.6418269230769231 0.038461538461538464 0.036057692307692304
0 0.25721153846153844 0.6670673076923077 0.05048076923076923 0.036057692307692304
0 0.2608173076923077 0.6286057692307693 0.04326923076923077 0.03125
0 0.28966346153846156 0.6105769230769231 0.038461538461538464 0.04807692307692308
0 0.28966346153846156 0.6622596153846154 0.038461538461538464 0.036057692307692304
0 0.29927884615384615 0.703125 0.05048076923076923 0.04807692307692308
0 0.32211538461538464 0.6826923076923077 0.03365384615384615 0.02403846153846154
0 0.3245192307692308 0.6574519230769231 0.038461538461538464 0.02403846153846154
0 0.328125 0.6105769230769231 0.04807692307692308 0.0673076923076923
0 0.3701923076923077 0.5673076923076923 0.052884615384615384 0.052884615384615384
0 0.07692307692307693 0.7992788461538461 0.07692307692307693 0.03125
0 0.057692307692307696 0.7728365384615384 0.10096153846153846 0.052884615384615384
0 0.03485576923076923 0.7572115384615384 0.0625 0.07211538461538461
0 0.028846153846153848 0.7271634615384616 0.05048076923076923 0.040865384615384616
0 0.026442307692307692 0.7007211538461539 0.04807692307692308 0.03125
0 0.03485576923076923 0.6646634615384616 0.0625 0.040865384615384616
0 0.046875 0.6370192307692307 0.08653846153846154 0.04567307692307692
0 0.07572115384615384 0.6550480769230769 0.0673076923076923 0.0625
0 0.11177884615384616 0.6057692307692307 0.04807692307692308 0.036057692307692304
0 0.12740384615384615 0.6286057692307693 0.04807692307692308 0.03125
0 0.0985576923076923 0.6826923076923077 0.057692307692307696 0.0673076923076923
0 0.09615384615384616 0.7091346153846154 0.0625 0.057692307692307696
0 0.1622596153846154 0.6490384615384616 0.07692307692307693 0.052884615384615384
0 0.15264423076923078 0.6959134615384616 0.057692307692307696 0.040865384615384616
0 0.12379807692307693 0.734375 0.06971153846153846 0.036057692307692304
0 0.14302884615384615 0.7680288461538461 0.06971153846153846 0.040865384615384616
0 0.1814903846153846 0.7211538461538461 0.038461538461538464 0.040865384615384616
0 0.20793269230769232 0.6935096153846154 0.038461538461538464 0.04807692307692308
0 0.23557692307692307 0.7091346153846154 0.03125 0.036057692307692304
0 0.2644230769230769 0.703125 0.019230769230769232 0.014423076923076924
0 0.36538461538461536 0.6237980769230769 0.05048076923076923 0.0625
0 0.4098557692307692 0.6081730769230769 0.04807692307692308 0.052884615384615384
0 0.39903846153846156 0.6310096153846154 0.026442307692307692 0.014423076923076924
0 0.38822115384615385 0.6598557692307693 0.03365384615384615 0.040865384615384616
0 0.3605769230769231 0.6887019230769231 0.04326923076923077 0.02403846153846154
0 0.34615384615384615 0.7091346153846154 0.026442307692307692 0.02403846153846154
0 0.3701923076923077 0.703125 0.03125 0.02403846153846154
0 0.3786057692307692 0.734375 0.03125 0.02403846153846154
0 0.40384615384615385 0.7091346153846154 0.03365384615384615 0.036057692307692304
0 0.41346153846153844 0.6778846153846154 0.038461538461538464 0.02403846153846154
0 0.4206730769230769 0.6935096153846154 0.038461538461538464 0.02403846153846154
0 0.4483173076923077 0.6706730769230769 0.02403846153846154 0.019230769230769232
0 0.43028846153846156 0.6442307692307693 0.03365384615384615 0.03125
0 0.45552884615384615 0.6262019230769231 0.038461538461538464 0.057692307692307696
0 0.46875 0.6574519230769231 0.026442307692307692 0.036057692307692304
0 0.36899038461538464 0.7752403846153846 0.08173076923076923 0.07692307692307693
0 0.3161057692307692 0.7860576923076923 0.06971153846153846 0.04807692307692308
0 0.27403846153846156 0.8269230769230769 0.09375 0.02403846153846154
0 0.23197115384615385 0.8173076923076923 0.09134615384615384 0.0673076923076923
0 0.1622596153846154 0.8269230769230769 0.07692307692307693 0.057692307692307696
0 0.21754807692307693 0.7932692307692307 0.057692307692307696 0.03125
0 0.24158653846153846 0.7451923076923077 0.0673076923076923 0.04807692307692308
0 0.2800480769230769 0.7608173076923077 0.08173076923076923 0.04807692307692308
0 0.4338942307692308 0.7271634615384616 0.03365384615384615 0.052884615384615384
0 0.45913461538461536 0.7271634615384616 0.02403846153846154 0.03125
0 0.4495192307692308 0.6983173076923077 0.03365384615384615 0.036057692307692304
0 0.47475961538461536 0.6802884615384616 0.03125 0.040865384615384616
0 0.49038461538461536 0.7091346153846154 0.03125 0.02403846153846154
0 0.5036057692307693 0.6754807692307693 0.04326923076923077 0.052884615384615384
0 0.53125 0.6778846153846154 0.019230769230769232 0.02403846153846154
0 0.5480769230769231 0.6706730769230769 0.03125 0.03125
0 0.5829326923076923 0.6754807692307693 0.02403846153846154 0.03125
0 0.46875 0.8990384615384616 0.03365384615384615 0.07692307692307693
0 0.43028846153846156 0.8870192307692307 0.057692307692307696 0.040865384615384616
0 0.5 0.8762019230769231 0.03365384615384615 0.07211538461538461
0 0.515625 0.8449519230769231 0.03365384615384615 0.03125
0 0.4963942307692308 0.8197115384615384 0.026442307692307692 0.03125
0 0.46274038461538464 0.8112980769230769 0.02403846153846154 0.02403846153846154
0 0.47716346153846156 0.796875 0.026442307692307692 0.02403846153846154
0 0.45913461538461536 0.7632211538461539 0.02403846153846154 0.03125
0 0.4423076923076923 0.78125 0.026442307692307692 0.02403846153846154
0 0.4879807692307692 0.765625 0.026442307692307692 0.02403846153846154
0 0.49278846153846156 0.7319711538461539 0.04326923076923077 0.040865384615384616
0 0.5228365384615384 0.7067307692307693 0.026442307692307692 0.019230769230769232
0 0.5576923076923077 0.7163461538461539 0.03365384615384615 0.052884615384615384
0 0.5420673076923077 0.7271634615384616 0.05048076923076923 0.019230769230769232
0 0.5216346153846154 0.7548076923076923 0.038461538461538464 0.04807692307692308
0 0.5901442307692307 0.7091346153846154 0.03125 0.02403846153846154
0 0.6117788461538461 0.6826923076923077 0.03365384615384615 0.036057692307692304
0 0.6237980769230769 0.7163461538461539 0.03365384615384615 0.03125
0 0.5889423076923077 0.7475961538461539 0.04326923076923077 0.0625
0 0.5504807692307693 0.7632211538461539 0.03365384615384615 0.03125
0 0.5612980769230769 0.7884615384615384 0.036057692307692304 0.03125
0 0.53125 0.7992788461538461 0.05048076923076923 0.040865384615384616
0 0.5949519230769231 0.7884615384615384 0.052884615384615384 0.040865384615384616
0 0.6298076923076923 0.7788461538461539 0.02403846153846154 0.03125
0 0.6201923076923077 0.75 0.03365384615384615 0.036057692307692304
0 0.6466346153846154 0.7427884615384616 0.026442307692307692 0.040865384615384616
0 0.6502403846153846 0.7091346153846154 0.04326923076923077 0.036057692307692304
0 0.6875 0.7091346153846154 0.04807692307692308 0.04807692307692308
0 0.6682692307692307 0.7427884615384616 0.03125 0.03125
0 0.7127403846153846 0.6574519230769231 0.057692307692307696 0.0673076923076923
0 0.6682692307692307 0.6754807692307693 0.04807692307692308 0.040865384615384616
0 0.7487980769230769 0.6057692307692307 0.0625 0.0673076923076923
0 0.7572115384615384 0.6574519230769231 0.04807692307692308 0.057692307692307696
0 0.796875 0.5793269230769231 0.05048076923076923 0.0673076923076923
0 0.8377403846153846 0.47475961538461536 0.052884615384615384 0.07211538461538461
0 0.8401442307692307 0.5649038461538461 0.04326923076923077 0.057692307692307696
0 0.7512019230769231 0.6574519230769231 0.026442307692307692 0.02403846153846154
0 0.7451923076923077 0.6935096153846154 0.02403846153846154 0.02403846153846154
0 0.7620192307692307 0.6826923076923077 0.026442307692307692 0.036057692307692304
0 0.7836538461538461 0.6826923076923077 0.03125 0.036057692307692304
0 0.8149038461538461 0.6850961538461539 0.03125 0.040865384615384616
0 0.8112980769230769 0.6442307692307693 0.03125 0.019230769230769232
0 0.8341346153846154 0.6262019230769231 0.038461538461538464 0.036057692307692304
0 0.8557692307692307 0.6286057692307693 0.03365384615384615 0.03125
0 0.8786057692307693 0.6057692307692307 0.03365384615384615 0.04807692307692308
0 0.8413461538461539 0.5853365384615384 0.038461538461538464 0.02403846153846154
0 0.9038461538461539 0.5853365384615384 0.02403846153846154 0.04807692307692308
0 0.9038461538461539 0.5612980769230769 0.038461538461538464 0.03125
0 0.8762019230769231 0.5612980769230769 0.03125 0.019230769230769232
0 0.8762019230769231 0.5288461538461539 0.04807692307692308 0.04807692307692308
0 0.9290865384615384 0.5204326923076923 0.03365384615384615 0.03125
0 0.9194711538461539 0.49759615384615385 0.03125 0.04807692307692308
0 0.9038461538461539 0.47475961538461536 0.052884615384615384 0.040865384615384616
0 0.9495192307692307 0.5492788461538461 0.052884615384615384 0.04807692307692308
0 0.9771634615384616 0.6286057692307693 0.040865384615384616 0.06490384615384616
0 0.9735576923076923 0.6117788461538461 0.04807692307692308 0.05048076923076923
0 0.9338942307692307 0.5949519230769231 0.07692307692307693 0.0673076923076923
0 0.8882211538461539 0.6526442307692307 0.125 0.0889423076923077
0 0.8701923076923077 0.7091346153846154 0.08173076923076923 0.07692307692307693
0 0.9807692307692307 0.7560096153846154 0.03365384615384615 0.05048076923076923
0 0.9651442307692307 0.7259615384615384 0.06490384615384616 0.07211538461538461
0 0.9483173076923077 0.7007211538461539 0.0985576923076923 0.09375
0 0.9134615384615384 0.8064903846153846 0.07211538461538461 0.02403846153846154
0 0.9302884615384616 0.7836538461538461 0.052884615384615384 0.019230769230769232
0 0.9302884615384616 0.7608173076923077 0.06971153846153846 0.04807692307692308
0 0.875 0.7704326923076923 0.0673076923076923 0.036057692307692304
0 0.8509615384615384 0.7391826923076923 0.07211538461538461 0.036057692307692304
0 0.8209134615384616 0.7295673076923077 0.0673076923076923 0.02403846153846154
0 0.7620192307692307 0.7295673076923077 0.07211538461538461 0.036057692307692304
0 0.7103365384615384 0.7572115384615384 0.038461538461538464 0.040865384615384616
0 0.6622596153846154 0.7752403846153846 0.05048076923076923 0.02403846153846154
0 0.7524038461538461 0.8918269230769231 0.038461538461538464 0.03125
0 0.7283653846153846 0.8966346153846154 0.026442307692307692 0.03125
0 0.7103365384615384 0.9122596153846154 0.03125 0.03125
0 0.6754807692307693 0.9567307692307693 0.038461538461538464 0.036057692307692304
0 0.6442307692307693 0.9507211538461539 0.02403846153846154 0.02403846153846154
0 0.7572115384615384 0.9350961538461539 0.038461538461538464 0.036057692307692304
0 0.7223557692307693 0.9591346153846154 0.03125 0.03125
0 0.7860576923076923 0.9074519230769231 0.026442307692307692 0.040865384615384616
0 0.8016826923076923 0.8990384615384616 0.004807692307692308 0.02403846153846154
0 0.7487980769230769 0.734375 0.04807692307692308 0.036057692307692304
0 0.7512019230769231 0.765625 0.05048076923076923 0.036057692307692304
0 0.7163461538461539 0.7860576923076923 0.03365384615384615 0.036057692307692304
0 0.8918269230769231 0.8040865384615384 0.0625 0.019230769230769232
0 0.8305288461538461 0.8149038461538461 0.052884615384615384 0.03125
0 0.7740384615384616 0.8173076923076923 0.057692307692307696 0.04807692307692308
0 0.7223557692307693 0.8016826923076923 0.07692307692307693 0.04807692307692308
0 0.7920673076923077 0.7752403846153846 0.0625 0.057692307692307696
0 0.8353365384615384 0.7836538461538461 0.057692307692307696 0.040865384615384616
0 0.671875 0.8064903846153846 0.038461538461538464 0.02403846153846154
0 0.6658653846153846 0.8473557692307693 0.04326923076923077 0.036057692307692304
0 0.6274038461538461 0.8629807692307693 0.040865384615384616 0.04807692307692308
0 0.6117788461538461 0.8221153846153846 0.06490384615384616 0.04807692307692308
0 0.5757211538461539 0.8581730769230769 0.038461538461538464 0.04807692307692308
0 0.5564903846153846 0.8377403846153846 0.03125 0.04807692307692308
0 0.5444711538461539 0.8786057692307693 0.038461538461538464 0.04807692307692308
0 0.5985576923076923 0.8990384615384616 0.04567307692307692 0.0673076923076923
0 0.5372596153846154 0.9326923076923077 0.0625 0.052884615384615384
0 0.5288461538461539 0.96875 0.09134615384615384 0.040865384615384616
0 0.45913461538461536 0.9591346153846154 0.07692307692307693 0.0625
0 0.3762019230769231 0.9639423076923077 0.10576923076923077 0.052884615384615384
0 0.2800480769230769 0.9567307692307693 0.10576923076923077 0.057692307692307696
0 0.6021634615384616 0.9591346153846154 0.052884615384615384 0.0625
0 0.7704326923076923 0.9567307692307693 0.04326923076923077 0.04807692307692308
0 0.7872596153846154 0.9747596153846154 0.03125 0.019230769230769232
0 0.9711538461538461 0.4579326923076923 0.052884615384615384 0.12259615384615384
0 0.9639423076923077 0.4074519230769231 0.0673076923076923 0.12740384615384615
0 0.8990384615384616 0.4254807692307692 0.038461538461538464 0.036057692307692304
0 0.9867788461538461 0.49278846153846156 0.021634615384615384 0.038461538461538464
0 0.9855769230769231 0.5444711538461539 0.02403846153846154 0.06971153846153846