0 0.7211538461538461 0.2608173076923077 0.09615384615384616 0.25
0 0.7127403846153846 0.3870192307692308 0.24759615384615385 0.24278846153846154
0 0.7560096153846154 0.6129807692307693 0.4014423076923077 0.4567307692307692
0 0.7644230769230769 0.9350961538461539 0.09615384615384616 0.11778846153846154
0 0.8713942307692307 0.9435096153846154 0.08413461538461539 0.10096153846153846
0 0.9795673076923077 0.9411057692307693 0.03365384615384615 0.10576923076923077
0 0.6526442307692307 0.8822115384615384 0.0673076923076923 0.09615384615384616
0 0.6081730769230769 0.8725961538461539 0.04567307692307692 0.11298076923076923
0 0.53125 0.8822115384615384 0.0673076923076923 0.057692307692307696
0 0.1935096153846154 0.5084134615384616 0.10817307692307693 0.21394230769230768
0 0.30649038461538464 0.5504807692307693 0.21634615384615385 0.2956730769230769
0 0.39663461538461536 0.7127403846153846 0.19230769230769232 0.21875
0 0.4411057692307692 0.8822115384615384 0.0673076923076923 0.11778846153846154
0 0.39302884615384615 0.31009615384615385 0.1971153846153846 0.23076923076923078
0 0.10576923076923077 0.3137019230769231 0.06971153846153846 0.12980769230769232
0 0.12740384615384615 0.36538461538461536 0.25 0.5625