0 0.4423076923076923 0.6286057692307693 0.21153846153846154 0.3269230769230769
0 0.47475961538461536 0.39663461538461536 0.11538461538461539 0.27884615384615385
0 0.4026442307692308 0.23798076923076922 0.07932692307692307 0.4423076923076923
0 0.34375 0.24639423076923078 0.057692307692307696 0.14182692307692307
0 0.2956730769230769 0.2956730769230769 0.0625 0.20673076923076922
0 0.2403846153846154 0.13942307692307693 0.10576923076923077 0.15865384615384615
0 0.22115384615384615 0.22956730769230768 0.09375 0.1201923076923077
0 0.22956730769230768 0.35216346153846156 0.0625 0.17067307692307693
0 0.2644230769230769 0.4675480769230769 0.07932692307692307 0.13701923076923078
0 0.22956730769230768 0.5625 0.12740384615384615 0.3076923076923077
0 0.35096153846153844 0.7956730769230769 0.21153846153846154 0.16826923076923078
0 0.5600961538461539 0.8112980769230769 0.14903846153846154 0.18028846153846154
0 0.65625 0.8329326923076923 0.12259615384615384 0.11538461538461539
0 0.6778846153846154 0.6911057692307693 0.28365384615384615 0.20192307692307693
0 0.921875 0.6045673076923077 0.15144230769230768 0.27163461538461536
0 0.7992788461538461 0.6526442307692307 0.14903846153846154 0.18028846153846154
0 0.7932692307692307 0.5360576923076923 0.09375 0.15384615384615385
0 0.7331730769230769 0.6069711538461539 0.09615384615384616 0.13221153846153846
0 0.6971153846153846 0.4338942307692308 0.19951923076923078 0.19230769230769232
0 0.6033653846153846 0.5108173076923077 0.1346153846153846 0.15865384615384615
0 0.5528846153846154 0.3629807692307692 0.09134615384615384 0.13701923076923078
0 0.6382211538461539 0.27884615384615385 0.1466346153846154 0.15384615384615385
0 0.5456730769230769 0.16346153846153846 0.23557692307692307 0.28365384615384615
0 0.4795673076923077 0.08413461538461539 0.07692307692307693 0.15865384615384615
0 0.5540865384615384 0.046875 0.08653846153846154 0.08173076923076923
0 0.7331730769230769 0.11778846153846154 0.18509615384615385 0.22355769230769232
0 0.8810096153846154 0.06610576923076923 0.11538461538461539 0.11057692307692307
0 0.9170673076923077 0.18629807692307693 0.11538461538461539 0.16346153846153846
0 0.8882211538461539 0.38822115384615385 0.18269230769230768 0.2956730769230769
0 0.9735576923076923 0.3401442307692308 0.04807692307692308 0.25240384615384615