0 0.054086538461538464 0.0985576923076923 0.0985576923076923 0.1875
0 0.0985576923076923 0.06129807692307692 0.11057692307692307 0.09615384615384616
0 0.20192307692307693 0.046875 0.1875 0.08653846153846154
0 0.10697115384615384 0.02403846153846154 0.11538461538461539 0.038461538461538464
0 0.33653846153846156 0.038461538461538464 0.20192307692307693 0.0673076923076923
0 0.5324519230769231 0.0889423076923077 0.3004807692307692 0.17067307692307693
0 0.3389423076923077 0.18389423076923078 0.5144230769230769 0.23557692307692307
0 0.71875 0.06370192307692307 0.125 0.08413461538461539
0 0.7680288461538461 0.06850961538461539 0.09134615384615384 0.09615384615384616
0 0.8365384615384616 0.04567307692307692 0.1201923076923077 0.08413461538461539
0 0.7043269230769231 0.021634615384615384 0.15384615384615385 0.036057692307692304
0 0.9471153846153846 0.027644230769230768 0.10096153846153846 0.05048076923076923
0 0.8870192307692307 0.16706730769230768 0.22115384615384615 0.23317307692307693
0 0.7319711538461539 0.13942307692307693 0.08653846153846154 0.0673076923076923
0 0.7596153846153846 0.17668269230769232 0.07692307692307693 0.04807692307692308
0 0.7127403846153846 0.21514423076923078 0.07211538461538461 0.036057692307692304
0 0.6694711538461539 0.1622596153846154 0.04807692307692308 0.08413461538461539
0 0.2764423076923077 0.31971153846153844 0.15865384615384615 0.08173076923076923
0 0.18028846153846154 0.3329326923076923 0.08653846153846154 0.11298076923076923
0 0.10336538461538461 0.25961538461538464 0.1971153846153846 0.1346153846153846
0 0.15865384615384615 0.4110576923076923 0.3076923076923077 0.29086538461538464
0 0.03245192307692308 0.578125 0.052884615384615384 0.09615384615384616
0 0.2764423076923077 0.5360576923076923 0.4639423076923077 0.27403846153846156
0 0.43990384615384615 0.3894230769230769 0.09134615384615384 0.028846153846153848
0 0.4338942307692308 0.33413461538461536 0.14903846153846154 0.11057692307692307
0 0.5961538461538461 0.36778846153846156 0.17307692307692307 0.11538461538461539
0 0.5985576923076923 0.25600961538461536 0.15865384615384615 0.11298076923076923
0 0.765625 0.2668269230769231 0.15384615384615385 0.08413461538461539
0 0.7764423076923077 0.3942307692307692 0.1201923076923077 0.15625
0 0.8581730769230769 0.35096153846153844 0.1201923076923077 0.11298076923076923
0 0.8882211538461539 0.29447115384615385 0.11538461538461539 0.028846153846153848
0 0.9579326923076923 0.4362980769230769 0.07932692307692307 0.12740384615384615
0 0.8894230769230769 0.5685096153846154 0.21634615384615385 0.18509615384615385
0 0.7872596153846154 0.6802884615384616 0.17307692307692307 0.16826923076923078
0 0.8088942307692307 0.7944711538461539 0.14182692307692307 0.09134615384615384
0 0.71875 0.8641826923076923 0.2692307692307692 0.19230769230769232
0 0.5 0.8834134615384616 0.20192307692307693 0.2283653846153846
0 0.07091346153846154 0.8954326923076923 0.13221153846153846 0.20432692307692307
0 0.1310096153846154 0.7800480769230769 0.25 0.1778846153846154
0 0.051682692307692304 0.7019230769230769 0.09134615384615384 0.07932692307692307
0 0.040865384615384616 0.6526442307692307 0.07211538461538461 0.04807692307692308
0 0.41586538461538464 0.6670673076923077 0.2403846153846154 0.10576923076923077
0 0.21033653846153846 0.6983173076923077 0.18028846153846154 0.06490384615384616
0 0.34134615384615385 0.765625 0.20192307692307693 0.1201923076923077
0 0.2692307692307692 0.8870192307692307 0.3605769230769231 0.22115384615384615
0 0.41466346153846156 0.9735576923076923 0.1658653846153846 0.04807692307692308
0 0.4014423076923077 0.9290865384615384 0.04807692307692308 0.04567307692307692
0 0.6310096153846154 0.7776442307692307 0.125 0.08173076923076923
0 0.5132211538461539 0.7524038461538461 0.1201923076923077 0.05048076923076923
0 0.546875 0.6622596153846154 0.1201923076923077 0.10096153846153846
0 0.4891826923076923 0.6129807692307693 0.13701923076923078 0.038461538461538464
0 0.4074519230769231 0.6634615384615384 0.22355769230769232 0.11298076923076923
0 0.2127403846153846 0.6995192307692307 0.15384615384615385 0.052884615384615384
0 0.14783653846153846 0.7896634615384616 0.20673076923076922 0.15384615384615385
0 0.06610576923076923 0.7103365384615384 0.11057692307692307 0.10576923076923077
0 0.5733173076923077 0.5144230769230769 0.15384615384615385 0.12740384615384615
0 0.5324519230769231 0.4182692307692308 0.11538461538461539 0.07211538461538461
0 0.6887019230769231 0.4230769230769231 0.12980769230769232 0.16346153846153846
0 0.8221153846153846 0.4543269230769231 0.07211538461538461 0.06490384615384616
0 0.7704326923076923 0.5276442307692307 0.0985576923076923 0.08653846153846154
0 0.7704326923076923 0.48677884615384615 0.11057692307692307 0.10096153846153846
0 0.6694711538461539 0.5456730769230769 0.10336538461538461 0.057692307692307696
0 0.6935096153846154 0.5144230769230769 0.08653846153846154 0.0673076923076923
0 0.6502403846153846 0.5925480769230769 0.1971153846153846 0.11538461538461539
0 0.6454326923076923 0.9639423076923077 0.17548076923076922 0.0673076923076923
0 0.8858173076923077 0.9254807692307693 0.14182692307692307 0.08413461538461539
0 0.8774038461538461 0.8581730769230769 0.06009615384615385 0.07932692307692307
0 0.8930288461538461 0.8016826923076923 0.07211538461538461 0.052884615384615384
0 0.8605769230769231 0.7271634615384616 0.09134615384615384 0.08173076923076923
0 0.828125 0.9699519230769231 0.19471153846153846 0.055288461538461536
0 0.06850961538461539 0.3004807692307692 0.125 0.19951923076923078
0 0.15264423076923078 0.5060096153846154 0.2956730769230769 0.21875
0 0.6526442307692307 0.6742788461538461 0.15865384615384615 0.18509615384615385
0 0.5 0.5012019230769231 0.9951923076923077 0.9975961538461539