0 0.9615384615384616 0.5204326923076923 0.0673076923076923 0.17307692307692307
0 0.9038461538461539 0.546875 0.18028846153846154 0.22115384615384615
0 0.8689903846153846 0.5276442307692307 0.08653846153846154 0.20192307692307693
0 0.8605769230769231 0.6358173076923077 0.22355769230769232 0.13221153846153846
0 0.9266826923076923 0.7223557692307693 0.13701923076923078 0.11298076923076923
0 0.9290865384615384 0.8185096153846154 0.12980769230769232 0.08173076923076923
0 0.9014423076923077 0.9158653846153846 0.1875 0.125
0 0.8689903846153846 0.8930288461538461 0.08653846153846154 0.06971153846153846
0 0.8365384615384616 0.8377403846153846 0.16346153846153846 0.11298076923076923
0 0.7536057692307693 0.8605769230769231 0.11057692307692307 0.14903846153846154
0 0.7596153846153846 0.9423076923076923 0.11057692307692307 0.08173076923076923
0 0.6862980769230769 0.9471153846153846 0.14903846153846154 0.08413461538461539
0 0.5600961538461539 0.9639423076923077 0.125 0.06490384615384616
0 0.5516826923076923 0.8269230769230769 0.3076923076923077 0.20673076923076922
0 0.7319711538461539 0.7403846153846154 0.11057692307692307 0.09134615384615384
0 0.65625 0.6213942307692307 0.4375 0.18990384615384615
0 0.7872596153846154 0.5348557692307693 0.15384615384615385 0.15384615384615385
0 0.6826923076923077 0.5060096153846154 0.0673076923076923 0.036057692307692304
0 0.6442307692307693 0.5384615384615384 0.23076923076923078 0.14423076923076922
0 0.6634615384615384 0.4387019230769231 0.10336538461538461 0.052884615384615384
0 0.5600961538461539 0.41947115384615385 0.06009615384615385 0.038461538461538464
0 0.5240384615384616 0.5036057692307693 0.0673076923076923 0.03365384615384615
0 0.3329326923076923 0.6141826923076923 0.27403846153846156 0.15384615384615385
0 0.4567307692307692 0.6766826923076923 0.24519230769230768 0.16826923076923078
0 0.6141826923076923 0.7055288461538461 0.13701923076923078 0.07211538461538461
0 0.3173076923076923 0.9326923076923077 0.3605769230769231 0.12740384615384615
0 0.0829326923076923 0.8834134615384616 0.16105769230769232 0.09375
0 0.026442307692307692 0.8125 0.04807692307692308 0.08653846153846154
0 0.056490384615384616 0.6526442307692307 0.10817307692307693 0.2668269230769231
0 0.08774038461538461 0.5733173076923077 0.08653846153846154 0.0625
0 0.09254807692307693 0.5240384615384616 0.14182692307692307 0.057692307692307696
0 0.20192307692307693 0.4182692307692308 0.07692307692307693 0.06490384615384616
0 0.3713942307692308 0.3894230769230769 0.11057692307692307 0.06490384615384616
0 0.4375 0.4543269230769231 0.1201923076923077 0.08653846153846154
0 0.33653846153846156 0.5072115384615384 0.09134615384615384 0.15625
0 0.19110576923076922 0.5600961538461539 0.20673076923076922 0.21875
0 0.16346153846153846 0.6838942307692307 0.0673076923076923 0.036057692307692304
0 0.13341346153846154 0.71875 0.04807692307692308 0.03365384615384615
0 0.10697115384615384 0.734375 0.028846153846153848 0.021634615384615384
0 0.1310096153846154 0.8401442307692307 0.0673076923076923 0.04326923076923077
0 0.16706730769230768 0.8713942307692307 0.07211538461538461 0.038461538461538464
0 0.22355769230769232 0.8870192307692307 0.052884615384615384 0.036057692307692304
0 0.2920673076923077 0.875 0.04807692307692308 0.038461538461538464
0 0.34375 0.8858173076923077 0.052884615384615384 0.040865384615384616
0 0.328125 0.8485576923076923 0.0673076923076923 0.03365384615384615
0 0.24278846153846154 0.8557692307692307 0.06009615384615385 0.040865384615384616
0 0.20432692307692307 0.8365384615384616 0.06009615384615385 0.04326923076923077
0 0.13942307692307693 0.7980769230769231 0.07211538461538461 0.03365384615384615
0 0.15264423076923078 0.7704326923076923 0.0673076923076923 0.04326923076923077
0 0.20793269230769232 0.7932692307692307 0.0673076923076923 0.04326923076923077
0 0.2127403846153846 0.7271634615384616 0.052884615384615384 0.036057692307692304
0 0.24879807692307693 0.6995192307692307 0.06009615384615385 0.019230769230769232
0 0.2512019230769231 0.7560096153846154 0.0673076923076923 0.04326923076923077
0 0.2764423076923077 0.7776442307692307 0.06009615384615385 0.04326923076923077
0 0.28725961538461536 0.8221153846153846 0.06009615384615385 0.04326923076923077
0 0.34375 0.8221153846153846 0.04326923076923077 0.028846153846153848
0 0.328125 0.7872596153846154 0.052884615384615384 0.038461538461538464