0 0.8557692307692307 0.5168269230769231 0.22115384615384615 0.34375
0 0.9711538461538461 0.4639423076923077 0.05048076923076923 0.11057692307692307
0 0.9459134615384616 0.38221153846153844 0.10096153846153846 0.0985576923076923
0 0.890625 0.18028846153846154 0.21153846153846154 0.35096153846153844
0 0.6911057692307693 0.23798076923076922 0.20192307692307693 0.28846153846153844
0 0.8004807692307693 0.31971153846153844 0.09615384615384616 0.13701923076923078
0 0.6983173076923077 0.06610576923076923 0.21875 0.1201923076923077
0 0.5733173076923077 0.10096153846153846 0.1201923076923077 0.16826923076923078
0 0.5 0.28725961538461536 0.20673076923076922 0.32211538461538464
0 0.6394230769230769 0.390625 0.14423076923076922 0.14903846153846154
0 0.7235576923076923 0.5132211538461539 0.125 0.2956730769230769
0 0.4723557692307692 0.5 0.1971153846153846 0.25721153846153844
0 0.6105769230769231 0.5024038461538461 0.10096153846153846 0.12980769230769232
0 0.6310096153846154 0.6742788461538461 0.17067307692307693 0.2692307692307692
0 0.7403846153846154 0.7836538461538461 0.16346153846153846 0.25721153846153844
0 0.5961538461538461 0.8305288461538461 0.15384615384615385 0.21875
0 0.5108173076923077 0.7872596153846154 0.0673076923076923 0.11057692307692307
0 0.49759615384615385 0.6610576923076923 0.14423076923076922 0.1875
0 0.35096153846153844 0.6418269230769231 0.19230769230769232 0.24519230769230768
0 0.3942307692307692 0.8088942307692307 0.1346153846153846 0.16346153846153846
0 0.2800480769230769 0.8822115384615384 0.15384615384615385 0.22355769230769232
0 0.1778846153846154 0.7487980769230769 0.21153846153846154 0.16346153846153846
0 0.1658653846153846 0.5817307692307693 0.20673076923076922 0.28846153846153844
0 0.13822115384615385 0.2956730769230769 0.13942307692307693 0.27403846153846156
0 0.08173076923076923 0.109375 0.16346153846153846 0.20673076923076922
0 0.25240384615384615 0.14423076923076922 0.22115384615384615 0.27884615384615385
0 0.2932692307692308 0.4014423076923077 0.1778846153846154 0.24519230769230768
0 0.3942307692307692 0.25961538461538464 0.08413461538461539 0.16826923076923078
0 0.4266826923076923 0.09014423076923077 0.23076923076923078 0.16826923076923078
0 0.0673076923076923 0.3798076923076923 0.1346153846153846 0.34375
0 0.04447115384615385 0.6442307692307693 0.0889423076923077 0.2548076923076923
0 0.038461538461538464 0.8257211538461539 0.07692307692307693 0.21875