0 0.2776442307692308 0.2127403846153846 0.4855769230769231 0.4182692307692308
0 0.375 0.6959134615384616 0.4326923076923077 0.6033653846153846
0 0.5997596153846154 0.23557692307692307 0.3125 0.46153846153846156
0 0.7980769230769231 0.10697115384615384 0.19230769230769232 0.20432692307692307
0 0.9254807692307693 0.0889423076923077 0.14423076923076922 0.17307692307692307
0 0.9483173076923077 0.21153846153846154 0.10096153846153846 0.21634615384615385
0 0.7259615384615384 0.6033653846153846 0.44711538461538464 0.7884615384615384
0 0.6838942307692307 0.7728365384615384 0.36538461538461536 0.3894230769230769
0 0.890625 0.7115384615384616 0.21634615384615385 0.2932692307692308
0 0.9302884615384616 0.6526442307692307 0.13942307692307693 0.6899038461538461
0 0.9014423076923077 0.9254807692307693 0.1971153846153846 0.14423076923076922
0 0.6778846153846154 0.9639423076923077 0.22596153846153846 0.0625
0 0.3485576923076923 0.8966346153846154 0.3798076923076923 0.20192307692307693