0 0.0733173076923077 0.42788461538461536 0.040865384615384616 0.06971153846153846
0 0.12259615384615384 0.4579326923076923 0.0673076923076923 0.04326923076923077
0 0.08413461538461539 0.5 0.04807692307692308 0.052884615384615384
0 0.1310096153846154 0.5180288461538461 0.0673076923076923 0.057692307692307696
0 0.030048076923076924 0.22115384615384615 0.06009615384615385 0.27163461538461536
0 0.1141826923076923 0.08533653846153846 0.20673076923076922 0.17067307692307693
0 0.22956730769230768 0.234375 0.18269230769230768 0.2980769230769231
0 0.37259615384615385 0.18629807692307693 0.1201923076923077 0.19230769230769232
0 0.4651442307692308 0.4014423076923077 0.10096153846153846 0.6009615384615384
0 0.53125 0.2956730769230769 0.026442307692307692 0.07932692307692307
0 0.7199519230769231 0.2608173076923077 0.16346153846153846 0.46634615384615385
0 0.8401442307692307 0.2848557692307692 0.08173076923076923 0.1971153846153846
0 0.9483173076923077 0.20192307692307693 0.09615384615384616 0.2548076923076923
0 0.8641826923076923 0.0985576923076923 0.040865384615384616 0.06971153846153846
0 0.7944711538461539 0.12259615384615384 0.09615384615384616 0.15865384615384615
0 0.8137019230769231 0.021634615384615384 0.1346153846153846 0.04326923076923077
0 0.6766826923076923 0.026442307692307692 0.11538461538461539 0.052884615384615384
0 0.5612980769230769 0.03485576923076923 0.11538461538461539 0.06971153846153846
0 0.5685096153846154 0.17067307692307693 0.11538461538461539 0.18028846153846154
0 0.43990384615384615 0.06370192307692307 0.11057692307692307 0.12740384615384615
0 0.30408653846153844 0.05889423076923077 0.12259615384615384 0.11538461538461539
0 0.10096153846153846 0.35336538461538464 0.028846153846153848 0.038461538461538464
0 0.13581730769230768 0.3701923076923077 0.040865384615384616 0.026442307692307692
0 0.15504807692307693 0.39663461538461536 0.026442307692307692 0.038461538461538464
0 0.1658653846153846 0.44711538461538464 0.026442307692307692 0.04326923076923077
0 0.16947115384615385 0.47596153846153844 0.019230769230769232 0.026442307692307692
0 0.14543269230769232 0.484375 0.02403846153846154 0.021634615384615384
0 0.1310096153846154 0.41225961538461536 0.02403846153846154 0.038461538461538464
0 0.10576923076923077 0.4230769230769231 0.026442307692307692 0.026442307692307692
0 0.09735576923076923 0.390625 0.02403846153846154 0.026442307692307692
0 0.07091346153846154 0.39302884615384615 0.02403846153846154 0.021634615384615384
0 0.06009615384615385 0.3798076923076923 0.028846153846153848 0.026442307692307692
0 0.057692307692307696 0.47596153846153844 0.009615384615384616 0.014423076923076924
0 0.328125 0.41225961538461536 0.06009615384615385 0.09134615384615384
0 0.3112980769230769 0.3245192307692308 0.009615384615384616 0.009615384615384616
0 0.35096153846153844 0.3425480769230769 0.028846153846153848 0.06971153846153846
0 0.4014423076923077 0.4254807692307692 0.009615384615384616 0.021634615384615384
0 0.5192307692307693 0.4675480769230769 0.007211538461538462 0.021634615384615384
0 0.5685096153846154 0.46274038461538464 0.040865384615384616 0.03365384615384615
0 0.578125 0.3641826923076923 0.04326923076923077 0.038461538461538464
0 0.6105769230769231 0.3858173076923077 0.019230769230769232 0.014423076923076924
0 0.5841346153846154 0.390625 0.019230769230769232 0.014423076923076924
0 0.6490384615384616 0.4074519230769231 0.014423076923076924 0.014423076923076924