0 0.17908653846153846 0.6009615384615384 0.21153846153846154 0.18028846153846154
0 0.2764423076923077 0.42427884615384615 0.44711538461538464 0.10096153846153846
0 0.1814903846153846 0.21394230769230768 0.22355769230769232 0.2644230769230769
0 0.4026442307692308 0.16346153846153846 0.15144230769230768 0.15384615384615385
0 0.640625 0.3713942307692308 0.20192307692307693 0.29086538461538464
0 0.8665865384615384 0.3737980769230769 0.17307692307692307 0.22115384615384615
0 0.7223557692307693 0.14543269230769232 0.4543269230769231 0.18028846153846154
0 0.5492788461538461 0.6754807692307693 0.4014423076923077 0.2644230769230769
0 0.21153846153846154 0.8473557692307693 0.2764423076923077 0.22115384615384615
0 0.5324519230769231 0.8341346153846154 0.23557692307692307 0.23076923076923078
0 0.8473557692307693 0.8545673076923077 0.18509615384615385 0.16105769230769232
0 0.8617788461538461 0.6201923076923077 0.17307692307692307 0.18990384615384615