0 0.1346153846153846 0.1875 0.21153846153846154 0.14903846153846154
0 0.05889423076923077 0.28125 0.11298076923076923 0.14182692307692307
0 0.05048076923076923 0.37740384615384615 0.09615384615384616 0.09615384615384616
0 0.06971153846153846 0.5228365384615384 0.1346153846153846 0.27163461538461536
0 0.07572115384615384 0.6274038461538461 0.14423076923076922 0.3004807692307692
0 0.20673076923076922 0.4543269230769231 0.22355769230769232 0.25
0 0.18509615384615385 0.4206730769230769 0.09134615384615384 0.125
0 0.23918269230769232 0.27283653846153844 0.12259615384615384 0.18269230769230768
0 0.21033653846153846 0.31850961538461536 0.057692307692307696 0.09134615384615384
0 0.2920673076923077 0.1875 0.10096153846153846 0.15865384615384615
0 0.19591346153846154 0.0625 0.1466346153846154 0.11538461538461539
0 0.12259615384615384 0.0829326923076923 0.11298076923076923 0.15384615384615385
0 0.28125 0.06009615384615385 0.10096153846153846 0.10817307692307693
0 0.3798076923076923 0.21875 0.08173076923076923 0.14182692307692307
0 0.37259615384615385 0.09615384615384616 0.08653846153846154 0.18269230769230768
0 0.41225961538461536 0.039663461538461536 0.057692307692307696 0.0673076923076923
0 0.4387019230769231 0.16466346153846154 0.0673076923076923 0.19230769230769232
0 0.48197115384615385 0.07692307692307693 0.07692307692307693 0.14182692307692307
0 0.5072115384615384 0.15625 0.06971153846153846 0.1875
0 0.5625 0.09134615384615384 0.08413461538461539 0.17067307692307693
0 0.5889423076923077 0.15865384615384615 0.08173076923076923 0.1346153846153846
0 0.5144230769230769 0.25 0.10576923076923077 0.19230769230769232
0 0.4050480769230769 0.28365384615384615 0.08413461538461539 0.10096153846153846
0 0.3858173076923077 0.3293269230769231 0.1346153846153846 0.21634615384615385
0 0.34975961538461536 0.5168269230769231 0.0625 0.1346153846153846
0 0.4375 0.5600961538461539 0.10576923076923077 0.15384615384615385
0 0.42427884615384615 0.43990384615384615 0.08653846153846154 0.1201923076923077
0 0.4987980769230769 0.40625 0.11538461538461539 0.14182692307692307
0 0.515625 0.5144230769230769 0.08653846153846154 0.12980769230769232
0 0.5576923076923077 0.5913461538461539 0.08653846153846154 0.1346153846153846
0 0.6394230769230769 0.5540865384615384 0.07692307692307693 0.1201923076923077
0 0.5841346153846154 0.46875 0.07692307692307693 0.12980769230769232
0 0.5949519230769231 0.3293269230769231 0.09134615384615384 0.14903846153846154
0 0.6586538461538461 0.22956730769230768 0.10817307692307693 0.16346153846153846
0 0.6935096153846154 0.1141826923076923 0.10817307692307693 0.17067307692307693
0 0.7355769230769231 0.2956730769230769 0.08653846153846154 0.15865384615384615
0 0.7463942307692307 0.40625 0.08173076923076923 0.10817307692307693
0 0.6610576923076923 0.40625 0.09615384615384616 0.16346153846153846
0 0.78125 0.4891826923076923 0.10817307692307693 0.14903846153846154
0 0.6887019230769231 0.5877403846153846 0.08413461538461539 0.21153846153846154
0 0.18389423076923078 0.6622596153846154 0.07451923076923077 0.17548076923076922
0 0.23798076923076922 0.6478365384615384 0.06971153846153846 0.10096153846153846
0 0.0733173076923077 0.6334134615384616 0.13942307692307693 0.3004807692307692
0 0.22956730769230768 0.9170673076923077 0.10096153846153846 0.16346153846153846
0 0.21634615384615385 0.7752403846153846 0.16826923076923078 0.28846153846153844
0 0.32572115384615385 0.7103365384615384 0.1466346153846154 0.15865384615384615
0 0.16105769230769232 0.7836538461538461 0.08413461538461539 0.0673076923076923
0 0.36899038461538464 0.6875 0.09615384615384616 0.14903846153846154
0 0.30408653846153844 0.5913461538461539 0.10576923076923077 0.11538461538461539
0 0.46274038461538464 0.7524038461538461 0.0673076923076923 0.0625
0 0.43149038461538464 0.7103365384615384 0.03125 0.04567307692307692
0 0.4723557692307692 0.6875 0.06971153846153846 0.07932692307692307
0 0.41947115384615385 0.6358173076923077 0.06971153846153846 0.07932692307692307
0 0.3545673076923077 0.5396634615384616 0.0673076923076923 0.15865384615384615
0 0.5420673076923077 0.7103365384615384 0.07692307692307693 0.09134615384615384
0 0.4579326923076923 0.8040865384615384 0.4326923076923077 0.33653846153846156
0 0.7271634615384616 0.6310096153846154 0.125 0.35336538461538464
0 0.8257211538461539 0.6225961538461539 0.08413461538461539 0.1658653846153846
0 0.9026442307692307 0.7716346153846154 0.18990384615384615 0.4519230769230769
0 0.6790865384615384 0.8389423076923077 0.31971153846153844 0.3173076923076923
0 0.8774038461538461 0.4266826923076923 0.20192307692307693 0.21634615384615385
0 0.9290865384615384 0.34975961538461536 0.13701923076923078 0.0985576923076923
0 0.828125 0.22956730769230768 0.20192307692307693 0.15384615384615385
0 0.9795673076923077 0.23918269230769232 0.036057692307692304 0.12740384615384615
0 0.8701923076923077 0.12740384615384615 0.24519230769230768 0.14182692307692307
0 0.828125 0.042067307692307696 0.10576923076923077 0.07451923076923077
0 0.6923076923076923 0.056490384615384616 0.18269230769230768 0.10336538461538461
0 0.9699519230769231 0.0625 0.055288461538461536 0.09615384615384616
0 0.18509615384615385 0.06009615384615385 0.1346153846153846 0.10817307692307693