0 0.3581730769230769 0.7139423076923077 0.45913461538461536 0.13221153846153846
0 0.4387019230769231 0.5733173076923077 0.34134615384615385 0.1346153846153846
0 0.515625 0.33052884615384615 0.18509615384615385 0.33653846153846156
0 0.39903846153846156 0.4098557692307692 0.17067307692307693 0.12980769230769232
0 0.25240384615384615 0.4651442307692308 0.21634615384615385 0.14423076923076922
0 0.14423076923076922 0.35096153846153844 0.1971153846153846 0.1466346153846154
0 0.35096153846153844 0.28725961538461536 0.17548076923076922 0.12740384615384615
0 0.23197115384615385 0.23197115384615385 0.18509615384615385 0.15384615384615385
4 0.6105769230769231 0.8762019230769231 0.3245192307692308 0.2403846153846154
2 0.8509615384615384 0.9615384615384616 0.22596153846153846 0.06971153846153846
2 0.8786057692307693 0.8497596153846154 0.23076923076923078 0.10817307692307693
2 0.8353365384615384 0.6983173076923077 0.18509615384615385 0.03125
2 0.6730769230769231 0.4170673076923077 0.13942307692307693 0.038461538461538464
2 0.6622596153846154 0.3858173076923077 0.13942307692307693 0.038461538461538464
2 0.6526442307692307 0.34975961538461536 0.14903846153846154 0.04326923076923077
2 0.6418269230769231 0.31490384615384615 0.14903846153846154 0.04326923076923077
2 0.6370192307692307 0.27163461538461536 0.15865384615384615 0.05048076923076923
2 0.6237980769230769 0.23557692307692307 0.15384615384615385 0.052884615384615384
3 0.546875 0.8125 0.16346153846153846 0.1201923076923077
1 0.7932692307692307 0.5769230769230769 0.34134615384615385 0.1346153846153846
1 0.6310096153846154 0.18509615384615385 0.18028846153846154 0.08653846153846154
1 0.5877403846153846 0.140625 0.18509615384615385 0.09615384615384616
1 0.5769230769230769 0.0889423076923077 0.18509615384615385 0.10096153846153846
1 0.71875 0.07091346153846154 0.39903846153846156 0.13701923076923078