0 0.40865384615384615 0.8822115384615384 0.1201923076923077 0.09134615384615384
0 0.5649038461538461 0.9735576923076923 0.0985576923076923 0.04567307692307692
0 0.5072115384615384 0.8341346153846154 0.11057692307692307 0.057692307692307696
0 0.49759615384615385 0.7956730769230769 0.11057692307692307 0.07211538461538461
0 0.39302884615384615 0.8173076923076923 0.11057692307692307 0.09134615384615384
0 0.43028846153846156 0.7379807692307693 0.0673076923076923 0.07211538461538461
0 0.515625 0.7367788461538461 0.125 0.07692307692307693
0 0.6141826923076923 0.8028846153846154 0.11538461538461539 0.0889423076923077
0 0.5757211538461539 0.7331730769230769 0.04807692307692308 0.0625
0 0.640625 0.7427884615384616 0.10576923076923077 0.09615384615384616
0 0.7548076923076923 0.7331730769230769 0.125 0.10096153846153846
0 0.6923076923076923 0.6598557692307693 0.10576923076923077 0.10096153846153846
0 0.5913461538461539 0.6730769230769231 0.0889423076923077 0.08653846153846154
0 0.49759615384615385 0.6586538461538461 0.1201923076923077 0.09615384615384616
0 0.43028846153846156 0.6165865384615384 0.07692307692307693 0.08653846153846154
0 0.33653846153846156 0.7103365384615384 0.16105769230769232 0.12259615384615384
0 0.265625 0.5853365384615384 0.15625 0.11778846153846154
0 0.39302884615384615 0.5396634615384616 0.16105769230769232 0.11778846153846154
0 0.5024038461538461 0.5516826923076923 0.1201923076923077 0.08653846153846154
0 0.6177884615384616 0.5420673076923077 0.0985576923076923 0.07692307692307693
0 0.609375 0.5997596153846154 0.09375 0.052884615384615384
0 0.7079326923076923 0.5817307692307693 0.11538461538461539 0.08653846153846154
0 0.7836538461538461 0.6502403846153846 0.1201923076923077 0.0889423076923077
0 0.8545673076923077 0.6466346153846154 0.052884615384615384 0.057692307692307696
0 0.9014423076923077 0.6069711538461539 0.125 0.08413461538461539
0 0.9483173076923077 0.5841346153846154 0.052884615384615384 0.052884615384615384
0 0.8569711538461539 0.5384615384615384 0.0889423076923077 0.07692307692307693
0 0.8100961538461539 0.5745192307692307 0.0889423076923077 0.08173076923076923
0 0.7740384615384616 0.5060096153846154 0.0889423076923077 0.057692307692307696
0 0.23918269230769232 0.5060096153846154 0.125 0.08653846153846154
0 0.27884615384615385 0.42788461538461536 0.12980769230769232 0.10096153846153846
0 0.3641826923076923 0.40865384615384615 0.1346153846153846 0.10096153846153846
0 0.40384615384615385 0.30528846153846156 0.0889423076923077 0.0625
0 0.48677884615384615 0.36778846153846156 0.0889423076923077 0.057692307692307696
0 0.59375 0.35336538461538464 0.14423076923076922 0.10336538461538461
0 0.6634615384615384 0.40865384615384615 0.11057692307692307 0.0673076923076923
0 0.6826923076923077 0.4675480769230769 0.04326923076923077 0.06490384615384616
0 0.6298076923076923 0.47115384615384615 0.09375 0.08173076923076923
0 0.5757211538461539 0.4375 0.07692307692307693 0.057692307692307696
0 0.5420673076923077 0.2536057692307692 0.125 0.10336538461538461
0 0.5 0.28846153846153844 0.09375 0.10336538461538461
0 0.48197115384615385 0.19110576923076922 0.0889423076923077 0.0673076923076923
0 0.5132211538461539 0.14302884615384615 0.11057692307692307 0.08653846153846154
0 0.5865384615384616 0.20192307692307693 0.0985576923076923 0.07692307692307693
0 0.6850961538461539 0.22956730769230768 0.0889423076923077 0.0673076923076923
0 0.7427884615384616 0.2956730769230769 0.12980769230769232 0.08173076923076923
0 0.828125 0.34134615384615385 0.08173076923076923 0.06490384615384616
0 0.7367788461538461 0.3545673076923077 0.07692307692307693 0.038461538461538464
0 0.8173076923076923 0.2920673076923077 0.04326923076923077 0.026442307692307692
0 0.7740384615384616 0.2439903846153846 0.0889423076923077 0.04567307692307692
0 0.796875 0.1971153846153846 0.08173076923076923 0.057692307692307696
0 0.828125 0.16466346153846154 0.0625 0.052884615384615384
0 0.7632211538461539 0.1658653846153846 0.07692307692307693 0.08173076923076923
0 0.8125 0.10096153846153846 0.0625 0.057692307692307696
0 0.7427884615384616 0.09735576923076923 0.07692307692307693 0.07211538461538461
0 0.9855769230769231 0.1310096153846154 0.02403846153846154 0.06490384615384616
0 0.953125 0.12740384615384615 0.07211538461538461 0.06490384615384616
0 0.8882211538461539 0.09735576923076923 0.0889423076923077 0.06490384615384616
0 0.9507211538461539 0.07211538461538461 0.0673076923076923 0.052884615384615384
0 0.90625 0.038461538461538464 0.07211538461538461 0.052884615384615384
0 0.9615384615384616 0.042067307692307696 0.07211538461538461 0.08413461538461539
0 0.8822115384615384 0.03245192307692308 0.13942307692307693 0.06490384615384616
0 0.9050480769230769 0.765625 0.18509615384615385 0.43990384615384615
0 0.8389423076923077 0.890625 0.1971153846153846 0.21153846153846154
0 0.6875 0.9603365384615384 0.1971153846153846 0.07211538461538461