0 0.9242788461538461 0.5853365384615384 0.14423076923076922 0.35336538461538464
0 0.9423076923076923 0.5108173076923077 0.10817307692307693 0.27163461538461536
0 0.8185096153846154 0.5360576923076923 0.07692307692307693 0.2980769230769231
0 0.9122596153846154 0.22355769230769232 0.04807692307692308 0.13942307692307693
0 0.9278846153846154 0.11658653846153846 0.028846153846153848 0.0889423076923077
0 0.9735576923076923 0.11658653846153846 0.04807692307692308 0.04326923076923077
0 0.9567307692307693 0.1875 0.07932692307692307 0.11057692307692307
0 0.8762019230769231 0.0889423076923077 0.07692307692307693 0.1658653846153846
0 0.8617788461538461 0.22115384615384615 0.052884615384615384 0.1971153846153846
0 0.6225961538461539 0.06370192307692307 0.07211538461538461 0.11538461538461539
0 0.6742788461538461 0.036057692307692304 0.04807692307692308 0.0625
0 0.5901442307692307 0.055288461538461536 0.07211538461538461 0.10096153846153846
0 0.546875 0.04927884615384615 0.06490384615384616 0.0889423076923077
0 0.4879807692307692 0.06610576923076923 0.04807692307692308 0.1201923076923077
0 0.4519230769230769 0.06129807692307692 0.02403846153846154 0.055288461538461536
0 0.4387019230769231 0.021634615384615384 0.036057692307692304 0.03365384615384615
0 0.3737980769230769 0.021634615384615384 0.06490384615384616 0.03365384615384615
0 0.7512019230769231 0.16826923076923078 0.21634615384615385 0.3269230769230769
0 0.7067307692307693 0.3293269230769231 0.1778846153846154 0.09375
0 0.6057692307692307 0.2536057692307692 0.0625 0.0889423076923077
0 0.5697115384615384 0.19591346153846154 0.0625 0.08173076923076923
0 0.734375 0.4362980769230769 0.028846153846153848 0.04326923076923077
0 0.7788461538461539 0.8425480769230769 0.20673076923076922 0.25961538461538464
0 0.8293269230769231 0.8834134615384616 0.22115384615384615 0.23076923076923078
0 0.9555288461538461 0.8401442307692307 0.08173076923076923 0.15384615384615385
0 0.9771634615384616 0.9603365384615384 0.040865384615384616 0.07451923076923077
0 0.9314903846153846 0.9543269230769231 0.06490384615384616 0.08653846153846154
0 0.6947115384615384 0.40625 0.021634615384615384 0.028846153846153848
0 0.7175480769230769 0.40625 0.019230769230769232 0.028846153846153848
0 0.7019230769230769 0.43149038461538464 0.021634615384615384 0.021634615384615384
0 0.6995192307692307 0.45913461538461536 0.019230769230769232 0.04326923076923077
0 0.7175480769230769 0.4699519230769231 0.019230769230769232 0.021634615384615384
0 0.7163461538461539 0.49399038461538464 0.014423076923076924 0.028846153846153848
0 0.734375 0.4807692307692308 0.014423076923076924 0.03365384615384615
0 0.7463942307692307 0.4639423076923077 0.019230769230769232 0.021634615384615384
0 0.6658653846153846 0.40865384615384615 0.021634615384615384 0.021634615384615384
0 0.6598557692307693 0.4387019230769231 0.03365384615384615 0.028846153846153848
0 0.6478365384615384 0.46634615384615385 0.021634615384615384 0.016826923076923076
0 0.5336538461538461 0.8954326923076923 0.04807692307692308 0.10096153846153846
0 0.6634615384615384 0.6766826923076923 0.03365384615384615 0.038461538461538464
0 0.6850961538461539 0.7067307692307693 0.019230769230769232 0.03365384615384615
0 0.5072115384615384 0.9387019230769231 0.028846153846153848 0.0673076923076923
0 0.5661057692307693 0.9471153846153846 0.0625 0.038461538461538464
0 0.45552884615384615 0.5528846153846154 0.13942307692307693 0.22115384615384615
0 0.5757211538461539 0.7403846153846154 0.15144230769230768 0.1778846153846154
0 0.5841346153846154 0.59375 0.16346153846153846 0.15865384615384615
0 0.4050480769230769 0.8485576923076923 0.0673076923076923 0.04807692307692308
0 0.3798076923076923 0.7596153846153846 0.026442307692307692 0.11538461538461539
0 0.4387019230769231 0.6983173076923077 0.11538461538461539 0.07211538461538461
0 0.4519230769230769 0.38100961538461536 0.02403846153846154 0.055288461538461536
0 0.47836538461538464 0.40384615384615385 0.028846153846153848 0.04326923076923077
0 0.49158653846153844 0.4423076923076923 0.038461538461538464 0.055288461538461536
0 0.5300480769230769 0.39783653846153844 0.04807692307692308 0.07692307692307693
0 0.4170673076923077 0.36177884615384615 0.036057692307692304 0.08173076923076923
0 0.47716346153846156 0.3701923076923077 0.15384615384615385 0.21153846153846154
0 0.36899038461538464 0.22956730769230768 0.06971153846153846 0.20432692307692307
0 0.3233173076923077 0.20673076923076922 0.07211538461538461 0.15865384615384615
0 0.25721153846153844 0.1875 0.0673076923076923 0.14423076923076922
0 0.17427884615384615 0.7848557692307693 0.09615384615384616 0.14423076923076922
0 0.03365384615384615 0.8822115384615384 0.0625 0.16826923076923078
0 0.09495192307692307 0.7259615384615384 0.07692307692307693 0.11538461538461539
0 0.1875 0.26802884615384615 0.036057692307692304 0.13942307692307693
0 0.1875 0.07692307692307693 0.036057692307692304 0.14423076923076922
0 0.036057692307692304 0.06850961538461539 0.028846153846153848 0.12740384615384615
0 0.04807692307692308 0.2512019230769231 0.026442307692307692 0.11538461538461539
0 0.040865384615384616 0.4495192307692308 0.07692307692307693 0.20673076923076922
0 0.025240384615384616 0.5985576923076923 0.04567307692307692 0.11057692307692307
0 0.2620192307692308 0.9338942307692307 0.12980769230769232 0.055288461538461536
0 0.38100961538461536 0.9170673076923077 0.07211538461538461 0.03365384615384615
0 0.4338942307692308 0.9254807692307693 0.0673076923076923 0.0625
0 0.359375 0.9507211538461539 0.021634615384615384 0.03365384615384615
0 0.37740384615384615 0.9699519230769231 0.04326923076923077 0.04807692307692308
0 0.40865384615384615 0.9663461538461539 0.019230769230769232 0.021634615384615384
0 0.36658653846153844 0.984375 0.05048076923076923 0.026442307692307692
0 0.46274038461538464 0.8557692307692307 0.052884615384615384 0.0673076923076923
0 0.4387019230769231 0.8978365384615384 0.05048076923076923 0.038461538461538464
0 0.3737980769230769 0.8870192307692307 0.057692307692307696 0.028846153846153848
0 0.3629807692307692 0.8449519230769231 0.021634615384615384 0.055288461538461536
0 0.15504807692307693 0.5336538461538461 0.15144230769230768 0.33653846153846156