0 0.8966346153846154 0.6826923076923077 0.19951923076923078 0.42788461538461536
0 0.8149038461538461 0.8966346153846154 0.34134615384615385 0.1971153846153846
0 0.6442307692307693 0.7896634615384616 0.3269230769230769 0.36778846153846156
0 0.38341346153846156 0.8713942307692307 0.4182692307692308 0.24519230769230768
0 0.4639423076923077 0.9423076923076923 0.28846153846153844 0.10336538461538461
0 0.09134615384615384 0.8774038461538461 0.18269230769230768 0.23557692307692307
0 0.12860576923076922 0.5925480769230769 0.25240384615384615 0.6514423076923077
0 0.3545673076923077 0.6418269230769231 0.31009615384615385 0.4423076923076923
0 0.6177884615384616 0.4675480769230769 0.33413461538461536 0.4110576923076923
0 0.8377403846153846 0.4807692307692308 0.30288461538461536 0.3173076923076923
0 0.9387019230769231 0.39302884615384615 0.11538461538461539 0.23076923076923078
0 0.7896634615384616 0.234375 0.22596153846153846 0.3293269230769231
0 0.9266826923076923 0.16706730769230768 0.13942307692307693 0.28846153846153844
0 0.7548076923076923 0.10576923076923077 0.19230769230769232 0.20673076923076922
0 0.5612980769230769 0.1971153846153846 0.20673076923076922 0.16346153846153846
0 0.3581730769230769 0.40384615384615385 0.2668269230769231 0.23076923076923078
0 0.33774038461538464 0.22716346153846154 0.2764423076923077 0.3004807692307692
0 0.1201923076923077 0.296875 0.23557692307692307 0.27163461538461536
0 0.13581730769230768 0.12259615384615384 0.23076923076923078 0.22355769230769232
0 0.3076923076923077 0.10216346153846154 0.28846153846153844 0.19951923076923078
0 0.5396634615384616 0.07692307692307693 0.22355769230769232 0.15384615384615385
0 0.025240384615384616 0.10216346153846154 0.04567307692307692 0.19951923076923078
0 0.5 0.4987980769230769 0.9951923076923077 0.9927884615384616