0 0.17307692307692307 0.2512019230769231 0.3317307692307692 0.21394230769230768
0 0.13942307692307693 0.15384615384615385 0.2692307692307692 0.07211538461538461
0 0.16947115384615385 0.10576923076923077 0.3269230769230769 0.04326923076923077
0 0.49158653846153844 0.14423076923076922 0.4110576923076923 0.11538461538461539
0 0.7992788461538461 0.20072115384615385 0.39663461538461536 0.2283653846153846
0 0.6850961538461539 0.13221153846153846 0.23798076923076922 0.09615384615384616
0 0.7115384615384616 0.1875 0.23076923076923078 0.20192307692307693
0 0.8798076923076923 0.20552884615384615 0.23557692307692307 0.23798076923076922
0 0.8858173076923077 0.2848557692307692 0.22355769230769232 0.31009615384615385
0 0.9603365384615384 0.296875 0.07451923076923077 0.11298076923076923
0 0.9867788461538461 0.3473557692307692 0.021634615384615384 0.0985576923076923
0 0.3125 0.3557692307692308 0.6129807692307693 0.4326923076923077
0 0.04447115384615385 0.359375 0.07692307692307693 0.05048076923076923
0 0.32091346153846156 0.5036057692307693 0.6298076923076923 0.4375
0 0.4230769230769231 0.5612980769230769 0.8317307692307693 0.5432692307692307
0 0.4230769230769231 0.6670673076923077 0.8317307692307693 0.5120192307692307
0 0.31490384615384615 0.8449519230769231 0.27403846153846156 0.16346153846153846
0 0.09495192307692307 0.8365384615384616 0.1778846153846154 0.18028846153846154
0 0.6802884615384616 0.6358173076923077 0.6346153846153846 0.5793269230769231
0 0.7259615384615384 0.7487980769230769 0.25 0.34615384615384615
0 0.9206730769230769 0.6670673076923077 0.15384615384615385 0.5168269230769231
0 0.9663461538461539 0.8569711538461539 0.0625 0.13701923076923078