0 0.13822115384615385 0.41225961538461536 0.125 0.16826923076923078
0 0.0733173076923077 0.5625 0.13942307692307693 0.2620192307692308
0 0.2704326923076923 0.4831730769230769 0.2644230769230769 0.36538461538461536
0 0.2620192307692308 0.5709134615384616 0.21875 0.3125
0 0.4182692307692308 0.5492788461538461 0.11057692307692307 0.21153846153846154
0 0.5060096153846154 0.4423076923076923 0.11538461538461539 0.1971153846153846
0 0.4675480769230769 0.265625 0.052884615384615384 0.07211538461538461
0 0.5805288461538461 0.4723557692307692 0.23076923076923078 0.39903846153846156
0 0.5576923076923077 0.5961538461538461 0.30288461538461536 0.3605769230769231
0 0.7584134615384616 0.4014423076923077 0.1201923076923077 0.18028846153846154
0 0.8329326923076923 0.4567307692307692 0.30528846153846156 0.34375
0 0.8822115384615384 0.59375 0.23076923076923078 0.25961538461538464
0 0.7199519230769231 0.7403846153846154 0.04326923076923077 0.10336538461538461
0 0.6706730769230769 0.7079326923076923 0.04807692307692308 0.06009615384615385