0 0.38341346153846156 0.5192307692307693 0.36538461538461536 0.49038461538461536
0 0.23076923076923078 0.8233173076923077 0.28365384615384615 0.34134615384615385
0 0.06129807692307692 0.7331730769230769 0.11538461538461539 0.34134615384615385
0 0.055288461538461536 0.9254807692307693 0.10576923076923077 0.13942307692307693
0 0.11538461538461539 0.3713942307692308 0.22355769230769232 0.41346153846153844
0 0.10096153846153846 0.09014423076923077 0.20192307692307693 0.17548076923076922
0 0.3473557692307692 0.09495192307692307 0.31009615384615385 0.18509615384615385
0 0.3293269230769231 0.2776442307692308 0.27163461538461536 0.22596153846153846
0 0.41466346153846156 0.921875 0.1971153846153846 0.14423076923076922
0 0.43509615384615385 0.796875 0.16346153846153846 0.13942307692307693
0 0.5348557692307693 0.6550480769230769 0.15625 0.2403846153846154
0 0.5685096153846154 0.32572115384615385 0.21634615384615385 0.27884615384615385
0 0.5420673076923077 0.14903846153846154 0.2283653846153846 0.2932692307692308
0 0.7007211538461539 0.07091346153846154 0.15625 0.13701923076923078
0 0.796875 0.17908653846153846 0.17307692307692307 0.27403846153846156
0 0.6766826923076923 0.1814903846153846 0.0673076923076923 0.10576923076923077
0 0.7680288461538461 0.40865384615384615 0.09134615384615384 0.1658653846153846
0 0.6802884615384616 0.3473557692307692 0.09615384615384616 0.19230769230769232
0 0.6838942307692307 0.5564903846153846 0.14903846153846154 0.22596153846153846
0 0.7139423076923077 0.7427884615384616 0.057692307692307696 0.12980769230769232
0 0.6262019230769231 0.7379807692307693 0.11538461538461539 0.12980769230769232
0 0.5588942307692307 0.8605769230769231 0.15865384615384615 0.20192307692307693
0 0.5132211538461539 0.9759615384615384 0.15625 0.038461538461538464
0 0.7584134615384616 0.6682692307692307 0.11057692307692307 0.13942307692307693
0 0.8305288461538461 0.5324519230769231 0.08653846153846154 0.11057692307692307
0 0.8677884615384616 0.37740384615384615 0.10817307692307693 0.1875
0 0.9242788461538461 0.5024038461538461 0.10096153846153846 0.15865384615384615
0 0.9447115384615384 0.27283653846153844 0.10576923076923077 0.18509615384615385
0 0.9495192307692307 0.0985576923076923 0.07692307692307693 0.14423076923076922
0 0.8569711538461539 0.08774038461538461 0.10817307692307693 0.15384615384615385
0 0.8028846153846154 0.02283653846153846 0.0625 0.040865384615384616
0 0.9002403846153846 0.025240384615384616 0.13221153846153846 0.04567307692307692
0 0.1875 0.38461538461538464 0.1466346153846154 0.06490384615384616