0 0.40384615384615385 0.7836538461538461 0.35096153846153844 0.22115384615384615
0 0.2403846153846154 0.9074519230769231 0.3076923076923077 0.1778846153846154
0 0.8004807692307693 0.9326923076923077 0.3317307692307692 0.12740384615384615
0 0.9338942307692307 0.8894230769230769 0.1201923076923077 0.14903846153846154
0 0.8557692307692307 0.7367788461538461 0.27884615384615385 0.2668269230769231
0 0.734375 0.5600961538461539 0.3317307692307692 0.21875
0 0.6141826923076923 0.703125 0.20192307692307693 0.17067307692307693
0 0.39302884615384615 0.5456730769230769 0.3389423076923077 0.23317307692307693
0 0.23798076923076922 0.7127403846153846 0.19230769230769232 0.1875
0 0.12139423076923077 0.4795673076923077 0.23798076923076922 0.2283653846153846
0 0.07572115384615384 0.7079326923076923 0.1466346153846154 0.27163461538461536
0 0.26802884615384615 0.31490384615384615 0.3076923076923077 0.22115384615384615
0 0.48677884615384615 0.39663461538461536 0.15384615384615385 0.11057692307692307
0 0.6286057692307693 0.2980769230769231 0.3269230769230769 0.24759615384615385
0 0.8930288461538461 0.36778846153846156 0.20192307692307693 0.18269230769230768
0 0.8882211538461539 0.20192307692307693 0.21153846153846154 0.16346153846153846
0 0.7680288461538461 0.09254807692307693 0.25721153846153844 0.18509615384615385
0 0.9567307692307693 0.08173076923076923 0.07692307692307693 0.16346153846153846
0 0.45913461538461536 0.08052884615384616 0.3269230769230769 0.15865384615384615
0 0.41586538461538464 0.20192307692307693 0.16346153846153846 0.1778846153846154
0 0.21634615384615385 0.11298076923076923 0.22355769230769232 0.17307692307692307
0 0.06490384615384616 0.27283653846153844 0.125 0.20432692307692307
0 0.09615384615384616 0.12379807692307693 0.09134615384615384 0.17307692307692307
0 0.21033653846153846 0.014423076923076924 0.13701923076923078 0.028846153846153848
0 0.5216346153846154 0.890625 0.22355769230769232 0.125