0 0.8112980769230769 0.5769230769230769 0.37259615384615385 0.30288461538461536
0 0.5204326923076923 0.45072115384615385 0.40384615384615385 0.18269230769230768
0 0.8653846153846154 0.41225961538461536 0.2644230769230769 0.18509615384615385
0 0.8509615384615384 0.27884615384615385 0.2932692307692308 0.125
0 0.46875 0.6454326923076923 0.3125 0.19230769230769232
0 0.20793269230769232 0.7740384615384616 0.3125 0.25
0 0.04567307692307692 0.7680288461538461 0.07932692307692307 0.1778846153846154
0 0.1141826923076923 0.9290865384615384 0.21875 0.13701923076923078
0 0.34975961538461536 0.921875 0.30528846153846156 0.15144230769230768
0 0.53125 0.7992788461538461 0.32211538461538464 0.17307692307692307
0 0.7752403846153846 0.7620192307692307 0.40384615384615385 0.17307692307692307
0 0.8293269230769231 0.8581730769230769 0.25 0.1346153846153846
0 0.6081730769230769 0.9254807692307693 0.2644230769230769 0.14423076923076922