0 0.953125 0.9014423076923077 0.09134615384615384 0.1875
0 0.859375 0.7620192307692307 0.2764423076923077 0.2548076923076923
0 0.8918269230769231 0.8894230769230769 0.17548076923076922 0.21153846153846154
0 0.796875 0.9459134615384616 0.07692307692307693 0.10096153846153846
0 0.9447115384615384 0.6442307692307693 0.10576923076923077 0.1875
0 0.8353365384615384 0.7487980769230769 0.14423076923076922 0.16346153846153846
0 0.8245192307692307 0.703125 0.2692307692307692 0.3317307692307692
0 0.7391826923076923 0.8016826923076923 0.10817307692307693 0.35096153846153844
0 0.6826923076923077 0.796875 0.20192307692307693 0.32211538461538464
0 0.6033653846153846 0.7776442307692307 0.20673076923076922 0.34375
0 0.6009615384615384 0.8461538461538461 0.1201923076923077 0.13942307692307693
0 0.4951923076923077 0.8497596153846154 0.11298076923076923 0.1466346153846154
0 0.49278846153846156 0.7644230769230769 0.22115384615384615 0.24759615384615385
0 0.6189903846153846 0.5540865384615384 0.11298076923076923 0.2283653846153846
0 0.48197115384615385 0.671875 0.22115384615384615 0.3317307692307692
0 0.47716346153846156 0.7283653846153846 0.08653846153846154 0.14423076923076922
0 0.41225961538461536 0.6838942307692307 0.1346153846153846 0.13942307692307693
0 0.3713942307692308 0.6658653846153846 0.125 0.18269230769230768
0 0.29927884615384615 0.7007211538461539 0.1346153846153846 0.14903846153846154
0 0.31971153846153844 0.6466346153846154 0.07211538461538461 0.08173076923076923
0 0.30649038461538464 0.6153846153846154 0.18028846153846154 0.14423076923076922
0 0.3293269230769231 0.5540865384615384 0.040865384615384616 0.0673076923076923
0 0.3173076923076923 0.5348557692307693 0.04807692307692308 0.11057692307692307
0 0.2608173076923077 0.5600961538461539 0.04807692307692308 0.13942307692307693
0 0.18269230769230768 0.6598557692307693 0.09615384615384616 0.12980769230769232
0 0.203125 0.5769230769230769 0.0673076923076923 0.0889423076923077
0 0.22956730769230768 0.5168269230769231 0.014423076923076924 0.052884615384615384
0 0.15985576923076922 0.5637019230769231 0.10336538461538461 0.11538461538461539
0 0.15264423076923078 0.5444711538461539 0.057692307692307696 0.125
0 0.19591346153846154 0.4963942307692308 0.040865384615384616 0.05048076923076923
0 0.8161057692307693 0.359375 0.3629807692307692 0.71875
0 0.5108173076923077 0.13581730769230768 0.5072115384615384 0.27163461538461536
0 0.36899038461538464 0.23918269230769232 0.5721153846153846 0.3629807692307692
0 0.49759615384615385 0.4735576923076923 0.13942307692307693 0.25
0 0.3870192307692308 0.4579326923076923 0.11298076923076923 0.1658653846153846
0 0.27524038461538464 0.3786057692307692 0.3557692307692308 0.1778846153846154
0 0.07451923076923077 0.5228365384615384 0.07692307692307693 0.14423076923076922
0 0.036057692307692304 0.6153846153846154 0.03125 0.04326923076923077
0 0.036057692307692304 0.9338942307692307 0.0625 0.125