0 0.6370192307692307 0.49278846153846156 0.31490384615384615 0.24278846153846154
0 0.44350961538461536 0.6310096153846154 0.14423076923076922 0.1201923076923077
0 0.13942307692307693 0.06490384615384616 0.2692307692307692 0.125
0 0.056490384615384616 0.14423076923076922 0.10336538461538461 0.0673076923076923
0 0.19591346153846154 0.1971153846153846 0.23557692307692307 0.1466346153846154
0 0.26322115384615385 0.21754807692307693 0.28846153846153844 0.10576923076923077
0 0.24519230769230768 0.33413461538461536 0.21153846153846154 0.14903846153846154
0 0.12379807692307693 0.3918269230769231 0.23557692307692307 0.2283653846153846
0 0.1310096153846154 0.4807692307692308 0.22115384615384615 0.10576923076923077
0 0.04326923076923077 0.21995192307692307 0.07692307692307693 0.125
0 0.10096153846153846 0.5540865384615384 0.1201923076923077 0.05048076923076923
0 0.19831730769230768 0.6502403846153846 0.3870192307692308 0.33653846153846156
0 0.09495192307692307 0.8341346153846154 0.12980769230769232 0.07692307692307693
0 0.3088942307692308 0.8088942307692307 0.2692307692307692 0.17307692307692307
0 0.20072115384615385 0.9290865384615384 0.27884615384615385 0.1346153846153846
0 0.046875 0.9230769230769231 0.08173076923076923 0.1466346153846154
0 0.3269230769230769 0.6682692307692307 0.18028846153846154 0.11538461538461539
0 0.5132211538461539 0.7319711538461539 0.17067307692307693 0.1346153846153846
0 0.6730769230769231 0.7199519230769231 0.25240384615384615 0.1875
0 0.7632211538461539 0.7824519230769231 0.28846153846153844 0.17548076923076922
0 0.6394230769230769 0.9014423076923077 0.6490384615384616 0.18990384615384615
0 0.8112980769230769 0.9519230769230769 0.13942307692307693 0.0889423076923077
0 0.6310096153846154 0.9735576923076923 0.21153846153846154 0.04807692307692308
0 0.9314903846153846 0.8521634615384616 0.13221153846153846 0.15625
0 0.9314903846153846 0.7283653846153846 0.13221153846153846 0.12980769230769232
0 0.9002403846153846 0.6382211538461539 0.19471153846153846 0.13221153846153846
0 0.8329326923076923 0.5480769230769231 0.15865384615384615 0.10096153846153846
0 0.7319711538461539 0.6057692307692307 0.07211538461538461 0.0625
0 0.5108173076923077 0.5661057692307693 0.10336538461538461 0.07211538461538461
0 0.3473557692307692 0.5216346153846154 0.30288461538461536 0.13942307692307693
0 0.4050480769230769 0.47115384615384615 0.10817307692307693 0.08653846153846154
0 0.35336538461538464 0.41947115384615385 0.0673076923076923 0.07211538461538461
0 0.48197115384615385 0.3557692307692308 0.2932692307692308 0.16826923076923078
0 0.4254807692307692 0.1875 0.22115384615384615 0.1971153846153846
0 0.32211538461538464 0.09014423076923077 0.07692307692307693 0.07211538461538461
0 0.3401442307692308 0.1346153846153846 0.07211538461538461 0.038461538461538464
0 0.3629807692307692 0.030048076923076924 0.19230769230769232 0.055288461538461536
0 0.36899038461538464 0.06610576923076923 0.09615384615384616 0.10096153846153846
0 0.42788461538461536 0.051682692307692304 0.03125 0.0673076923076923
0 0.4567307692307692 0.046875 0.08653846153846154 0.09134615384615384
0 0.6213942307692307 0.13942307692307693 0.2644230769230769 0.27884615384615385
0 0.8028846153846154 0.055288461538461536 0.17307692307692307 0.10576923076923077
0 0.7680288461538461 0.16466346153846154 0.10336538461538461 0.14423076923076922
0 0.7572115384615384 0.2704326923076923 0.22596153846153846 0.125
0 0.7091346153846154 0.36538461538461536 0.24278846153846154 0.10576923076923077
0 0.9266826923076923 0.4014423076923077 0.14182692307692307 0.16346153846153846
0 0.8605769230769231 0.4387019230769231 0.15384615384615385 0.09615384615384616
0 0.9447115384615384 0.2091346153846154 0.10576923076923077 0.20673076923076922
0 0.9074519230769231 0.0985576923076923 0.18028846153846154 0.19230769230769232
0 0.8245192307692307 0.21634615384615385 0.1971153846153846 0.09134615384615384
0 0.953125 0.5288461538461539 0.09134615384615384 0.09134615384615384
0 0.5 0.5 0.9951923076923077 0.9951923076923077