0 0.057692307692307696 0.1310096153846154 0.10817307692307693 0.20192307692307693
0 0.06370192307692307 0.042067307692307696 0.1201923076923077 0.07451923076923077
0 0.18509615384615385 0.10697115384615384 0.19230769230769232 0.20192307692307693
0 0.25961538461538464 0.4110576923076923 0.11538461538461539 0.1778846153846154
0 0.08052884615384616 0.25721153846153844 0.11298076923076923 0.12980769230769232
0 0.03245192307692308 0.3786057692307692 0.057692307692307696 0.27403846153846156
0 0.1466346153846154 0.34615384615384615 0.21153846153846154 0.34615384615384615
0 0.06971153846153846 0.5048076923076923 0.10096153846153846 0.11057692307692307
0 0.13701923076923078 0.5721153846153846 0.07211538461538461 0.08413461538461539
0 0.15625 0.5444711538461539 0.08173076923076923 0.07932692307692307
0 0.06009615384615385 0.6658653846153846 0.11298076923076923 0.28365384615384615
0 0.10096153846153846 0.8882211538461539 0.19230769230769232 0.22115384615384615
0 0.18629807692307693 0.7271634615384616 0.13942307692307693 0.23798076923076922
0 0.3016826923076923 0.6310096153846154 0.23317307692307693 0.27403846153846156
0 0.3076923076923077 0.8293269230769231 0.0673076923076923 0.1346153846153846
0 0.30408653846153844 0.8990384615384616 0.21875 0.1971153846153846
0 0.49038461538461536 0.9519230769230769 0.10576923076923077 0.09134615384615384
0 0.41947115384615385 0.8798076923076923 0.19951923076923078 0.23557692307692307
0 0.5024038461538461 0.6826923076923077 0.21634615384615385 0.3269230769230769
0 0.3894230769230769 0.44591346153846156 0.16826923076923078 0.21634615384615385
0 0.3269230769230769 0.23798076923076922 0.16346153846153846 0.23798076923076922
0 0.3737980769230769 0.09615384615384616 0.09615384615384616 0.1346153846153846
0 0.28725961538461536 0.037259615384615384 0.24519230769230768 0.06490384615384616
0 0.5204326923076923 0.0985576923076923 0.20432692307692307 0.1875
0 0.5 0.2692307692307692 0.10096153846153846 0.19230769230769232
0 0.4338942307692308 0.2548076923076923 0.0625 0.16346153846153846
0 0.5697115384615384 0.390625 0.19230769230769232 0.21634615384615385
0 0.6021634615384616 0.5096153846153846 0.11298076923076923 0.06971153846153846
0 0.6622596153846154 0.38100961538461536 0.04807692307692308 0.15865384615384615
0 0.7487980769230769 0.30408653846153844 0.09134615384615384 0.125
0 0.7632211538461539 0.0889423076923077 0.07211538461538461 0.16826923076923078
0 0.6790865384615384 0.042067307692307696 0.16105769230769232 0.07451923076923077
0 0.6670673076923077 0.19591346153846154 0.2091346153846154 0.24278846153846154
0 0.8569711538461539 0.15144230769230768 0.22115384615384615 0.2932692307692308
0 0.9723557692307693 0.06610576923076923 0.05048076923076923 0.12259615384615384
0 0.9338942307692307 0.3233173076923077 0.12740384615384615 0.31009615384615385
0 0.7596153846153846 0.453125 0.22596153846153846 0.2620192307692308
0 0.6790865384615384 0.6514423076923077 0.18509615384615385 0.24278846153846154
0 0.6310096153846154 0.7944711538461539 0.10576923076923077 0.07451923076923077
0 0.6442307692307693 0.8822115384615384 0.21153846153846154 0.23076923076923078
0 0.7776442307692307 0.7728365384615384 0.10817307692307693 0.11057692307692307
0 0.7596153846153846 0.8617788461538461 0.057692307692307696 0.0889423076923077
0 0.7668269230769231 0.6430288461538461 0.057692307692307696 0.15865384615384615
0 0.8858173076923077 0.6490384615384616 0.1971153846153846 0.28846153846153844
0 0.9723557692307693 0.6286057692307693 0.05048076923076923 0.31971153846153844
0 0.9375 0.8088942307692307 0.10096153846153846 0.08413461538461539
0 0.8353365384615384 0.8509615384615384 0.14423076923076922 0.21634615384615385
0 0.78125 0.9495192307692307 0.19230769230769232 0.09615384615384616
0 0.9338942307692307 0.9182692307692307 0.12740384615384615 0.15865384615384615
0 0.984375 0.7908653846153846 0.026442307692307692 0.09615384615384616
0 0.5 0.5 0.9951923076923077 0.9951923076923077