0 0.7728365384615384 0.6899038461538461 0.4495192307692308 0.34134615384615385
0 0.8341346153846154 0.27524038461538464 0.3269230769230769 0.31490384615384615
0 0.5144230769230769 0.3137019230769231 0.5769230769230769 0.4014423076923077
0 0.15264423076923078 0.5144230769230769 0.2932692307692308 0.2548076923076923
0 0.14423076923076922 0.3641826923076923 0.2764423076923077 0.20192307692307693
0 0.39783653846153844 0.6526442307692307 0.41346153846153844 0.2644230769230769
0 0.171875 0.6935096153846154 0.3317307692307692 0.2692307692307692
0 0.7247596153846154 0.9038461538461539 0.3629807692307692 0.1875
0 0.9194711538461539 0.8365384615384616 0.15625 0.20673076923076922
0 0.9735576923076923 0.5564903846153846 0.04807692307692308 0.09375
0 0.08533653846153846 0.1502403846153846 0.1346153846153846 0.11057692307692307