0 0.5348557692307693 0.5300480769230769 0.15865384615384615 0.1201923076923077
0 0.8161057692307693 0.5084134615384616 0.09134615384615384 0.2091346153846154
0 0.40865384615384615 0.1141826923076923 0.1778846153846154 0.21875
0 0.5600961538461539 0.08413461538461539 0.16105769230769232 0.15865384615384615
0 0.23677884615384615 0.3088942307692308 0.18269230769230768 0.33413461538461536
0 0.3016826923076923 0.1141826923076923 0.07211538461538461 0.0985576923076923
0 0.4326923076923077 0.34134615384615385 0.14423076923076922 0.14903846153846154
0 0.5649038461538461 0.3088942307692308 0.14903846153846154 0.11538461538461539
0 0.6021634615384616 0.23798076923076922 0.10576923076923077 0.11538461538461539
0 0.6814903846153846 0.28966346153846156 0.1778846153846154 0.16346153846153846
0 0.7151442307692307 0.18269230769230768 0.19951923076923078 0.19230769230769232
0 0.8040865384615384 0.3605769230769231 0.11538461538461539 0.2956730769230769
0 0.78125 0.6887019230769231 0.1875 0.2620192307692308
0 0.6838942307692307 0.7872596153846154 0.057692307692307696 0.07692307692307693
0 0.6141826923076923 0.8028846153846154 0.1971153846153846 0.1201923076923077
0 0.5096153846153846 0.8689903846153846 0.11057692307692307 0.1971153846153846
0 0.40024038461538464 0.8497596153846154 0.18269230769230768 0.25721153846153844
0 0.2668269230769231 0.8413461538461539 0.11298076923076923 0.20673076923076922
0 0.27283653846153844 0.6418269230769231 0.18269230769230768 0.2692307692307692
0 0.32572115384615385 0.7103365384615384 0.09134615384615384 0.07692307692307693
0 0.2091346153846154 0.5793269230769231 0.19951923076923078 0.2620192307692308
0 0.13221153846153846 0.48677884615384615 0.11298076923076923 0.15384615384615385
0 0.4651442307692308 0.5012019230769231 0.7956730769230769 0.9927884615384616
3 0.7608173076923077 0.7524038461538461 0.4735576923076923 0.49038461538461536