0 0.8125 0.8653846153846154 0.14903846153846154 0.21394230769230768
0 0.71875 0.9411057692307693 0.14182692307692307 0.11057692307692307
0 0.6225961538461539 0.9495192307692307 0.09615384615384616 0.09615384615384616
0 0.47716346153846156 0.9302884615384616 0.27403846153846156 0.1346153846153846
0 0.37259615384615385 0.9242788461538461 0.30288461538461536 0.14423076923076922
0 0.5456730769230769 0.7932692307692307 0.25 0.22355769230769232
0 0.5793269230769231 0.8149038461538461 0.125 0.09134615384615384
0 0.7271634615384616 0.7608173076923077 0.18269230769230768 0.12259615384615384
0 0.6814903846153846 0.7896634615384616 0.09134615384615384 0.057692307692307696
0 0.8125 0.7079326923076923 0.15865384615384615 0.10096153846153846
0 0.9375 0.8040865384615384 0.11538461538461539 0.1466346153846154
0 0.9170673076923077 0.8774038461538461 0.15384615384615385 0.11057692307692307
0 0.9399038461538461 0.71875 0.10817307692307693 0.10096153846153846
0 0.78125 0.6201923076923077 0.14182692307692307 0.08173076923076923
0 0.9038461538461539 0.6274038461538461 0.18269230769230768 0.08653846153846154
0 0.9603365384615384 0.5877403846153846 0.0673076923076923 0.057692307692307696
0 0.8353365384615384 0.5612980769230769 0.19230769230769232 0.0673076923076923
0 0.9230769230769231 0.5180288461538461 0.14182692307692307 0.07692307692307693
0 0.84375 0.49278846153846156 0.1875 0.06971153846153846
0 0.9086538461538461 0.4375 0.17067307692307693 0.08413461538461539
0 0.8413461538461539 0.4110576923076923 0.1346153846153846 0.08173076923076923
0 0.75 0.4855769230769231 0.19230769230769232 0.10576923076923077
0 0.7163461538461539 0.5949519230769231 0.10096153846153846 0.08413461538461539
0 0.6706730769230769 0.6141826923076923 0.21634615384615385 0.1346153846153846
0 0.4831730769230769 0.6502403846153846 0.1346153846153846 0.0625
0 0.43990384615384615 0.5625 0.15384615384615385 0.10576923076923077
0 0.5600961538461539 0.5757211538461539 0.1201923076923077 0.08653846153846154
0 0.59375 0.5012019230769231 0.14182692307692307 0.11538461538461539
0 0.4855769230769231 0.484375 0.12980769230769232 0.08653846153846154
0 0.40865384615384615 0.4423076923076923 0.1346153846153846 0.08653846153846154
0 0.44591346153846156 0.3605769230769231 0.1201923076923077 0.07692307692307693
0 0.53125 0.41586538461538464 0.12980769230769232 0.07692307692307693
0 0.6706730769230769 0.4050480769230769 0.14903846153846154 0.09134615384615384
0 0.7704326923076923 0.34134615384615385 0.16346153846153846 0.10817307692307693
0 0.8858173076923077 0.30649038461538464 0.17067307692307693 0.10817307692307693
0 0.7043269230769231 0.2644230769230769 0.15865384615384615 0.08653846153846154
0 0.59375 0.2536057692307692 0.10817307692307693 0.08173076923076923
0 0.59375 0.3389423076923077 0.16346153846153846 0.09615384615384616
0 0.5108173076923077 0.21875 0.14903846153846154 0.10817307692307693
0 0.41225961538461536 0.3112980769230769 0.21153846153846154 0.08413461538461539
0 0.33774038461538464 0.8161057692307693 0.1778846153846154 0.07211538461538461
0 0.35216346153846156 0.7620192307692307 0.10096153846153846 0.06971153846153846
0 0.36658653846153844 0.9266826923076923 0.30288461538461536 0.13942307692307693
0 0.0829326923076923 0.7704326923076923 0.16346153846153846 0.10096153846153846
0 0.2247596153846154 0.7836538461538461 0.28846153846153844 0.16826923076923078
0 0.28966346153846156 0.6742788461538461 0.15865384615384615 0.1466346153846154
0 0.21634615384615385 0.8389423076923077 0.0673076923076923 0.08413461538461539
0 0.3125 0.6310096153846154 0.14903846153846154 0.09615384615384616
0 0.40865384615384615 0.6959134615384616 0.11538461538461539 0.10576923076923077
0 0.24759615384615385 0.5372596153846154 0.0625 0.0673076923076923
0 0.28966346153846156 0.5685096153846154 0.04567307692307692 0.03125
0 0.3125 0.5276442307692307 0.07932692307692307 0.06971153846153846
0 0.3641826923076923 0.5805288461538461 0.07932692307692307 0.06971153846153846
0 0.46033653846153844 0.6454326923076923 0.15865384615384615 0.0673076923076923
0 0.28966346153846156 0.4579326923076923 0.09134615384615384 0.07692307692307693
0 0.19591346153846154 0.5420673076923077 0.33653846153846156 0.4326923076923077
0 0.36899038461538464 0.27283653846153844 0.35096153846153844 0.125
0 0.37740384615384615 0.17427884615384615 0.16346153846153846 0.08413461538461539
0 0.2283653846153846 0.09735576923076923 0.4519230769230769 0.19471153846153846
0 0.16105769230769232 0.3233173076923077 0.3173076923076923 0.31971153846153844
0 0.5733173076923077 0.12259615384615384 0.21634615384615385 0.20192307692307693
0 0.6502403846153846 0.06971153846153846 0.09615384615384616 0.13942307692307693
0 0.7704326923076923 0.171875 0.15384615384615385 0.20192307692307693
0 0.7608173076923077 0.019230769230769232 0.125 0.038461538461538464
0 0.8725961538461539 0.12980769230769232 0.14182692307692307 0.24519230769230768
0 0.9579326923076923 0.171875 0.07211538461538461 0.10576923076923077
0 0.9435096153846154 0.3076923076923077 0.10096153846153846 0.18269230769230768
0 0.9387019230769231 0.028846153846153848 0.09375 0.057692307692307696
0 0.9399038461538461 0.8149038461538461 0.10817307692307693 0.1346153846153846