0 0.10697115384615384 0.890625 0.20673076923076922 0.21634615384615385
0 0.10817307692307693 0.6382211538461539 0.21153846153846154 0.23557692307692307
0 0.10697115384615384 0.390625 0.20673076923076922 0.2283653846153846
0 0.09375 0.12740384615384615 0.18028846153846154 0.24519230769230768
0 0.36177884615384615 0.38822115384615385 0.28846153846153844 0.24519230769230768
0 0.3557692307692308 0.6466346153846154 0.28365384615384615 0.2403846153846154
0 0.39302884615384615 0.8858173076923077 0.12740384615384615 0.11057692307692307
0 0.41466346153846156 0.96875 0.14182692307692307 0.057692307692307696
0 0.3112980769230769 0.953125 0.11298076923076923 0.0889423076923077
0 0.27884615384615385 0.8990384615384616 0.10096153846153846 0.09615384615384616
0 0.46033653846153844 0.8834134615384616 0.08173076923076923 0.07451923076923077
0 0.47596153846153844 0.8245192307692307 0.04326923076923077 0.052884615384615384
0 0.4098557692307692 0.8161057692307693 0.10817307692307693 0.057692307692307696
0 0.3293269230769231 0.8221153846153846 0.0673076923076923 0.06971153846153846
0 0.25841346153846156 0.8485576923076923 0.08173076923076923 0.10096153846153846
0 0.41346153846153844 0.13822115384615385 0.09375 0.052884615384615384
0 0.328125 0.10697115384615384 0.08653846153846154 0.0625
0 0.23076923076923078 0.14903846153846154 0.040865384615384616 0.10576923076923077
0 0.27524038461538464 0.13581730769230768 0.057692307692307696 0.12259615384615384
0 0.24759615384615385 0.037259615384615384 0.06009615384615385 0.0625
0 0.3088942307692308 0.04567307692307692 0.08653846153846154 0.07932692307692307
0 0.4699519230769231 0.09014423076923077 0.0625 0.08653846153846154
0 0.35216346153846156 0.125 0.2932692307692308 0.2403846153846154
0 0.6478365384615384 0.125 0.2932692307692308 0.2403846153846154
0 0.9014423076923077 0.8894230769230769 0.19230769230769232 0.21634615384615385
0 0.6382211538461539 0.8930288461538461 0.2644230769230769 0.21153846153846154
0 0.5228365384615384 0.6298076923076923 0.03365384615384615 0.12259615384615384
0 0.5336538461538461 0.7235576923076923 0.057692307692307696 0.0625
0 0.7379807692307693 0.7175480769230769 0.08173076923076923 0.0625
0 0.7608173076923077 0.5853365384615384 0.06009615384615385 0.12740384615384615
0 0.5504807692307693 0.5612980769230769 0.08173076923076923 0.07932692307692307
0 0.6117788461538461 0.6514423076923077 0.057692307692307696 0.11057692307692307
0 0.6838942307692307 0.6358173076923077 0.0625 0.09134615384615384
0 0.6442307692307693 0.6574519230769231 0.038461538461538464 0.07932692307692307
0 0.6298076923076923 0.5612980769230769 0.04326923076923077 0.07932692307692307
0 0.6478365384615384 0.640625 0.27884615384615385 0.2283653846153846
0 0.6538461538461539 0.4362980769230769 0.04807692307692308 0.07451923076923077
0 0.6141826923076923 0.4735576923076923 0.04326923076923077 0.052884615384615384
0 0.5612980769230769 0.46033653846153844 0.0673076923076923 0.06971153846153846
0 0.5264423076923077 0.38822115384615385 0.03365384615384615 0.0625
0 0.5192307692307693 0.4495192307692308 0.019230769230769232 0.09134615384615384
0 0.5661057692307693 0.39302884615384615 0.04326923076923077 0.0625
0 0.5841346153846154 0.4411057692307692 0.038461538461538464 0.04326923076923077
0 0.6141826923076923 0.39302884615384615 0.06009615384615385 0.0625
0 0.6117788461538461 0.3425480769230769 0.057692307692307696 0.057692307692307696
0 0.6141826923076923 0.3004807692307692 0.0673076923076923 0.038461538461538464
0 0.5528846153846154 0.3088942307692308 0.040865384615384616 0.0625
0 0.5240384615384616 0.32211538461538464 0.04326923076923077 0.07932692307692307
0 0.6586538461538461 0.38822115384615385 0.052884615384615384 0.07451923076923077
0 0.7487980769230769 0.47115384615384615 0.038461538461538464 0.057692307692307696
0 0.7223557692307693 0.44471153846153844 0.038461538461538464 0.06971153846153846
0 0.6850961538461539 0.4735576923076923 0.04326923076923077 0.0625
0 0.7019230769230769 0.4014423076923077 0.040865384615384616 0.06971153846153846
0 0.6610576923076923 0.3858173076923077 0.04807692307692308 0.057692307692307696
0 0.7379807692307693 0.390625 0.06009615384615385 0.057692307692307696
0 0.7475961538461539 0.35096153846153844 0.04807692307692308 0.052884615384615384
0 0.7512019230769231 0.30528846153846156 0.057692307692307696 0.057692307692307696
0 0.7175480769230769 0.3112980769230769 0.03365384615384615 0.07932692307692307
0 0.6875 0.32211538461538464 0.040865384615384616 0.07932692307692307
0 0.9026442307692307 0.6394230769230769 0.18990384615384615 0.2403846153846154
0 0.8918269230769231 0.38341346153846156 0.21153846153846154 0.25721153846153844
0 0.9026442307692307 0.12620192307692307 0.18990384615384615 0.24278846153846154