0 0.27524038461538464 0.04807692307692308 0.20673076923076922 0.0889423076923077
0 0.4495192307692308 0.055288461538461536 0.19951923076923078 0.10336538461538461
0 0.15264423076923078 0.11057692307692307 0.2932692307692308 0.21394230769230768
0 0.052884615384615384 0.036057692307692304 0.09615384615384616 0.0625
0 0.078125 0.1622596153846154 0.14423076923076922 0.13221153846153846
0 0.40024038461538464 0.13701923076923078 0.1778846153846154 0.10336538461538461
0 0.36899038461538464 0.2512019230769231 0.16105769230769232 0.09615384615384616
0 0.41346153846153844 0.390625 0.37259615384615385 0.21634615384615385
0 0.4254807692307692 0.390625 0.13942307692307693 0.10336538461538461
0 0.1466346153846154 0.32091346153846156 0.28365384615384615 0.21394230769230768
0 0.49759615384615385 0.18629807692307693 0.20673076923076922 0.1346153846153846
0 0.6274038461538461 0.2548076923076923 0.1875 0.125
0 0.7079326923076923 0.15144230769230768 0.19471153846153846 0.11778846153846154
0 0.6802884615384616 0.07091346153846154 0.18269230769230768 0.07211538461538461
0 0.7439903846153846 0.025240384615384616 0.12259615384615384 0.04326923076923077
0 0.796875 0.20673076923076922 0.12740384615384615 0.10576923076923077
0 0.9026442307692307 0.13341346153846154 0.18269230769230768 0.10336538461538461
0 0.9026442307692307 0.039663461538461536 0.16105769230769232 0.07211538461538461
0 0.8112980769230769 0.078125 0.055288461538461536 0.057692307692307696
0 0.7764423076923077 0.359375 0.4423076923076923 0.2620192307692308
0 0.9675480769230769 0.22716346153846154 0.06009615384615385 0.1658653846153846
0 0.9711538461538461 0.4230769230769231 0.052884615384615384 0.1346153846153846
0 0.9086538461538461 0.47716346153846156 0.12740384615384615 0.07451923076923077
0 0.9651442307692307 0.5372596153846154 0.06490384615384616 0.09375
0 0.6814903846153846 0.6802884615384616 0.6322115384615384 0.4423076923076923
0 0.18629807692307693 0.6802884615384616 0.3605769230769231 0.28365384615384615
0 0.08653846153846154 0.47716346153846156 0.16105769230769232 0.13942307692307693
0 0.2247596153846154 0.484375 0.18269230769230768 0.125
0 0.41346153846153844 0.5360576923076923 0.30528846153846156 0.17307692307692307
0 0.29447115384615385 0.8377403846153846 0.1346153846153846 0.0889423076923077
0 0.16105769230769232 0.8533653846153846 0.12259615384615384 0.09375
0 0.10576923076923077 0.9399038461538461 0.20192307692307693 0.11538461538461539
0 0.14182692307692307 0.8822115384615384 0.27163461538461536 0.1658653846153846
0 0.453125 0.8088942307692307 0.25 0.1466346153846154
0 0.3641826923076923 0.9038461538461539 0.25 0.1346153846153846
0 0.35216346153846156 0.9747596153846154 0.33413461538461536 0.04567307692307692
0 0.5637019230769231 0.9387019230769231 0.16105769230769232 0.11538461538461539
0 0.7163461538461539 0.9375 0.1778846153846154 0.0889423076923077
0 0.7415865384615384 0.9807692307692307 0.2091346153846154 0.03365384615384615
0 0.8954326923076923 0.9038461538461539 0.20432692307692307 0.19230769230769232