0 0.23317307692307693 0.6911057692307693 0.04326923076923077 0.06009615384615385
0 0.2668269230769231 0.6778846153846154 0.038461538461538464 0.052884615384615384
0 0.30528846153846156 0.6442307692307693 0.04326923076923077 0.052884615384615384
0 0.33052884615384615 0.6310096153846154 0.036057692307692304 0.04807692307692308
0 0.3641826923076923 0.609375 0.036057692307692304 0.04807692307692308
0 0.390625 0.6033653846153846 0.02403846153846154 0.038461538461538464
0 0.4014423076923077 0.5817307692307693 0.03365384615384615 0.038461538461538464
0 0.20192307692307693 0.671875 0.03365384615384615 0.04326923076923077
0 0.1658653846153846 0.6826923076923077 0.040865384615384616 0.052884615384615384
0 0.46875 0.5408653846153846 0.028846153846153848 0.04326923076923077
0 0.4495192307692308 0.5132211538461539 0.03365384615384615 0.021634615384615384
0 0.43990384615384615 0.5384615384615384 0.028846153846153848 0.038461538461538464
0 0.4423076923076923 0.5625 0.02403846153846154 0.03365384615384615
0 0.421875 0.5817307692307693 0.021634615384615384 0.038461538461538464
0 0.4182692307692308 0.5408653846153846 0.021634615384615384 0.04326923076923077
0 0.4050480769230769 0.5024038461538461 0.03365384615384615 0.021634615384615384
0 0.39783653846153844 0.5576923076923077 0.02403846153846154 0.03365384615384615
0 0.36538461538461536 0.5709134615384616 0.038461538461538464 0.028846153846153848
0 0.35096153846153844 0.5540865384615384 0.03365384615384615 0.04807692307692308
0 0.3713942307692308 0.5192307692307693 0.036057692307692304 0.021634615384615384
0 0.3894230769230769 0.5408653846153846 0.036057692307692304 0.03365384615384615
0 0.36899038461538464 0.49158653846153844 0.03365384615384615 0.03365384615384615
0 0.31971153846153844 0.5709134615384616 0.028846153846153848 0.038461538461538464
0 0.3293269230769231 0.5985576923076923 0.038461538461538464 0.028846153846153848
0 0.27283653846153844 0.5841346153846154 0.028846153846153848 0.052884615384615384
0 0.2932692307692308 0.6033653846153846 0.02403846153846154 0.038461538461538464
0 0.24759615384615385 0.609375 0.036057692307692304 0.04807692307692308
0 0.2764423076923077 0.6310096153846154 0.014423076923076924 0.038461538461538464
0 0.24879807692307693 0.6478365384615384 0.040865384615384616 0.028846153846153848
0 0.3401442307692308 0.4831730769230769 0.02403846153846154 0.038461538461538464
0 0.3088942307692308 0.49399038461538464 0.028846153846153848 0.028846153846153848
0 0.28966346153846156 0.4891826923076923 0.019230769230769232 0.038461538461538464
0 0.22355769230769232 0.47596153846153844 0.03365384615384615 0.03365384615384615
0 0.20552884615384615 0.5060096153846154 0.03365384615384615 0.028846153846153848
0 0.16706730769230768 0.49399038461538464 0.021634615384615384 0.028846153846153848
0 0.19110576923076922 0.4891826923076923 0.019230769230769232 0.028846153846153848
0 0.21514423076923078 0.6418269230769231 0.028846153846153848 0.038461538461538464
0 0.22235576923076922 0.6069711538461539 0.04326923076923077 0.04326923076923077
0 0.23076923076923078 0.5709134615384616 0.03365384615384615 0.028846153846153848
0 0.17307692307692307 0.5817307692307693 0.03365384615384615 0.038461538461538464
0 0.19831730769230768 0.5925480769230769 0.02403846153846154 0.04807692307692308
0 0.20192307692307693 0.546875 0.03365384615384615 0.03365384615384615
0 0.17307692307692307 0.6370192307692307 0.055288461538461536 0.06009615384615385
0 0.1310096153846154 0.6670673076923077 0.036057692307692304 0.0673076923076923
0 0.0985576923076923 0.6610576923076923 0.028846153846153848 0.052884615384615384
0 0.07692307692307693 0.6634615384615384 0.021634615384615384 0.038461538461538464
0 0.046875 0.6502403846153846 0.028846153846153848 0.04326923076923077
0 0.027644230769230768 0.6310096153846154 0.026442307692307692 0.04807692307692308
0 0.009615384615384616 0.6201923076923077 0.019230769230769232 0.04807692307692308
0 0.013221153846153846 0.5793269230769231 0.026442307692307692 0.03365384615384615
0 0.038461538461538464 0.5901442307692307 0.04807692307692308 0.03365384615384615
0 0.056490384615384616 0.6141826923076923 0.03365384615384615 0.038461538461538464
0 0.09254807692307693 0.6177884615384616 0.040865384615384616 0.04326923076923077
0 0.13581730769230768 0.6069711538461539 0.04807692307692308 0.06490384615384616
0 0.04567307692307692 0.5540865384615384 0.038461538461538464 0.038461538461538464
0 0.09134615384615384 0.5841346153846154 0.04326923076923077 0.021634615384615384
0 0.09254807692307693 0.5492788461538461 0.04807692307692308 0.038461538461538464
0 0.16706730769230768 0.5516826923076923 0.021634615384615384 0.021634615384615384
0 0.13581730769230768 0.5625 0.038461538461538464 0.021634615384615384
0 0.13221153846153846 0.5192307692307693 0.03365384615384615 0.03365384615384615
0 0.1622596153846154 0.5240384615384616 0.03365384615384615 0.021634615384615384
0 0.13221153846153846 0.5360576923076923 0.03365384615384615 0.021634615384615384
0 0.47115384615384615 0.5060096153846154 0.12740384615384615 0.09134615384615384
0 0.5216346153846154 0.4807692307692308 0.1201923076923077 0.07692307692307693
0 0.5528846153846154 0.4567307692307692 0.10096153846153846 0.09134615384615384
0 0.6622596153846154 0.4014423076923077 0.036057692307692304 0.038461538461538464
0 0.6490384615384616 0.44591346153846156 0.04807692307692308 0.038461538461538464
0 0.9387019230769231 0.4014423076923077 0.014423076923076924 0.028846153846153848
0 0.9158653846153846 0.4074519230769231 0.014423076923076924 0.016826923076923076
0 0.9086538461538461 0.37740384615384615 0.014423076923076924 0.009615384615384616
0 0.9182692307692307 0.39663461538461536 0.019230769230769232 0.016826923076923076
0 0.8870192307692307 0.4098557692307692 0.021634615384615384 0.009615384615384616
0 0.9038461538461539 0.4014423076923077 0.009615384615384616 0.016826923076923076
0 0.890625 0.39302884615384615 0.021634615384615384 0.021634615384615384
0 0.8725961538461539 0.4074519230769231 0.014423076923076924 0.028846153846153848
0 0.9290865384615384 0.546875 0.1346153846153846 0.052884615384615384
0 0.9855769230769231 0.6009615384615384 0.021634615384615384 0.009615384615384616
0 0.9615384615384616 0.5985576923076923 0.009615384615384616 0.016826923076923076
0 0.9855769230769231 0.6225961538461539 0.021634615384615384 0.021634615384615384
0 0.9675480769230769 0.6310096153846154 0.021634615384615384 0.028846153846153848
0 0.96875 0.6634615384615384 0.02403846153846154 0.038461538461538464
0 0.9903846153846154 0.6502403846153846 0.009615384615384616 0.021634615384615384
0 0.9507211538461539 0.65625 0.009615384615384616 0.021634615384615384
0 0.9350961538461539 0.6526442307692307 0.021634615384615384 0.028846153846153848
0 0.9122596153846154 0.6526442307692307 0.014423076923076924 0.016826923076923076
0 0.890625 0.6442307692307693 0.014423076923076924 0.021634615384615384
0 0.875 0.6502403846153846 0.009615384615384616 0.021634615384615384
0 0.8557692307692307 0.6418269230769231 0.019230769230769232 0.028846153846153848
0 0.9435096153846154 0.6862980769230769 0.019230769230769232 0.016826923076923076
0 0.9314903846153846 0.6826923076923077 0.014423076923076924 0.009615384615384616
0 0.9146634615384616 0.6778846153846154 0.02403846153846154 0.009615384615384616
0 0.9459134615384616 0.6286057692307693 0.021634615384615384 0.021634615384615384
0 0.9423076923076923 0.6009615384615384 0.014423076923076924 0.021634615384615384
0 0.9254807692307693 0.5925480769230769 0.009615384615384616 0.016826923076923076
0 0.9266826923076923 0.6177884615384616 0.014423076923076924 0.021634615384615384
0 0.9086538461538461 0.5841346153846154 0.014423076923076924 0.021634615384615384
0 0.9110576923076923 0.6141826923076923 0.019230769230769232 0.028846153846153848
0 0.890625 0.5925480769230769 0.014423076923076924 0.028846153846153848
0 0.9002403846153846 0.6201923076923077 0.019230769230769232 0.028846153846153848
0 0.8762019230769231 0.5793269230769231 0.014423076923076924 0.021634615384615384
0 0.8786057692307693 0.6069711538461539 0.019230769230769232 0.03365384615384615
0 0.8617788461538461 0.6117788461538461 0.014423076923076924 0.021634615384615384
0 0.8641826923076923 0.5817307692307693 0.009615384615384616 0.028846153846153848