0 0.30528846153846156 0.1778846153846154 0.44471153846153844 0.2668269230769231
0 0.5432692307692307 0.13822115384615385 0.03125 0.06490384615384616
0 0.5528846153846154 0.07091346153846154 0.03365384615384615 0.038461538461538464
0 0.5528846153846154 0.24639423076923078 0.03365384615384615 0.038461538461538464
0 0.6274038461538461 0.08774038461538461 0.036057692307692304 0.02403846153846154
0 0.6274038461538461 0.0625 0.036057692307692304 0.03365384615384615
0 0.6754807692307693 0.08052884615384616 0.03365384615384615 0.06009615384615385
0 0.7103365384615384 0.08774038461538461 0.03365384615384615 0.04567307692307692
0 0.7992788461538461 0.10817307692307693 0.03125 0.04567307692307692
0 0.7752403846153846 0.2692307692307692 0.02403846153846154 0.036057692307692304
0 0.8185096153846154 0.2439903846153846 0.03125 0.04567307692307692
0 0.6935096153846154 0.2692307692307692 0.02403846153846154 0.014423076923076924
0 0.6730769230769231 0.28365384615384615 0.014423076923076924 0.014423076923076924
0 0.6550480769230769 0.22355769230769232 0.03365384615384615 0.02403846153846154
0 0.8954326923076923 0.3641826923076923 0.20192307692307693 0.2980769230769231
0 0.9326923076923077 0.296875 0.04807692307692308 0.019230769230769232
0 0.9266826923076923 0.6009615384615384 0.13942307692307693 0.1971153846153846
0 0.9375 0.7283653846153846 0.11778846153846154 0.11057692307692307
0 0.9134615384615384 0.8641826923076923 0.1346153846153846 0.17067307692307693
0 0.7788461538461539 0.9507211538461539 0.21153846153846154 0.09375
0 0.7307692307692307 0.7692307692307693 0.34134615384615385 0.38221153846153844
0 0.7848557692307693 0.5456730769230769 0.16105769230769232 0.11538461538461539
0 0.7163461538461539 0.5072115384615384 0.10096153846153846 0.10096153846153846
0 0.7379807692307693 0.39663461538461536 0.0985576923076923 0.14182692307692307
0 0.5456730769230769 0.4519230769230769 0.2956730769230769 0.3605769230769231
0 0.17307692307692307 0.49759615384615385 0.34134615384615385 0.6634615384615384
0 0.052884615384615384 0.8617788461538461 0.08413461538461539 0.14423076923076922
0 0.23557692307692307 0.8653846153846154 0.32211538461538464 0.2644230769230769
0 0.5192307692307693 0.875 0.3173076923076923 0.24519230769230768
0 0.36658653846153844 0.703125 0.3629807692307692 0.4423076923076923
0 0.3762019230769231 0.5 0.11538461538461539 0.1971153846153846