0 0.265625 0.24158653846153846 0.08173076923076923 0.07692307692307693
0 0.28125 0.17067307692307693 0.09134615384615384 0.05048076923076923
0 0.34134615384615385 0.13221153846153846 0.09134615384615384 0.052884615384615384
0 0.3737980769230769 0.1778846153846154 0.09134615384615384 0.057692307692307696
0 0.34975961538461536 0.21875 0.07692307692307693 0.06490384615384616
0 0.2980769230769231 0.30528846153846156 0.09134615384615384 0.057692307692307696
0 0.34375 0.2764423076923077 0.0673076923076923 0.036057692307692304
0 0.4483173076923077 0.234375 0.08653846153846154 0.0625
0 0.45072115384615385 0.20552884615384615 0.08173076923076923 0.03365384615384615
0 0.4182692307692308 0.28365384615384615 0.07211538461538461 0.036057692307692304
0 0.5384615384615384 0.1201923076923077 0.3894230769230769 0.23317307692307693
0 0.5901442307692307 0.3161057692307692 0.28365384615384615 0.22596153846153846
0 0.40384615384615385 0.40384615384615385 0.21875 0.20192307692307693
0 0.7403846153846154 0.4423076923076923 0.25721153846153844 0.30288461538461536
0 0.5216346153846154 0.4795673076923077 0.3317307692307692 0.21875
0 0.5985576923076923 0.6213942307692307 0.40865384615384615 0.13942307692307693
0 0.8004807692307693 0.7764423076923077 0.22355769230769232 0.15625
0 0.8473557692307693 0.890625 0.1201923076923077 0.08653846153846154
0 0.9423076923076923 0.8509615384615384 0.07211538461538461 0.11538461538461539
0 0.8617788461538461 0.9471153846153846 0.23317307692307693 0.10096153846153846