0 0.7620192307692307 0.21514423076923078 0.3894230769230769 0.24519230769230768
0 0.6983173076923077 0.44471153846153844 0.28365384615384615 0.23076923076923078
0 0.6766826923076923 0.7163461538461539 0.33653846153846156 0.27884615384615385
0 0.3737980769230769 0.8221153846153846 0.34134615384615385 0.25240384615384615
0 0.36899038461538464 0.5168269230769231 0.375 0.2692307692307692
0 0.14182692307692307 0.42788461538461536 0.27403846153846156 0.22596153846153846
0 0.9050480769230769 0.9038461538461539 0.18509615384615385 0.1875
0 0.17668269230769232 0.11057692307692307 0.2980769230769231 0.21634615384615385
0 0.14182692307692307 0.8125 0.27403846153846156 0.21875
0 0.5372596153846154 0.04807692307692308 0.49759615384615385 0.09615384615384616
0 0.421875 0.24278846153846154 0.2668269230769231 0.2692307692307692
0 0.6598557692307693 0.9290865384615384 0.2932692307692308 0.1346153846153846