0 0.8473557692307693 0.8737980769230769 0.12259615384615384 0.10576923076923077
0 0.8822115384615384 0.9699519230769231 0.052884615384615384 0.052884615384615384
0 0.8473557692307693 0.9495192307692307 0.08173076923076923 0.055288461538461536
0 0.7668269230769231 0.9495192307692307 0.08173076923076923 0.07211538461538461
0 0.7836538461538461 0.9795673076923077 0.1971153846153846 0.03365384615384615
0 0.6947115384615384 0.9459134615384616 0.10576923076923077 0.10096153846153846
0 0.9194711538461539 0.8846153846153846 0.04326923076923077 0.10576923076923077
0 0.90625 0.7764423076923077 0.06971153846153846 0.057692307692307696
0 0.9122596153846154 0.7151442307692307 0.057692307692307696 0.04807692307692308
0 0.90625 0.6502403846153846 0.06971153846153846 0.07451923076923077
0 0.78125 0.7079326923076923 0.08653846153846154 0.08653846153846154
0 0.6742788461538461 0.7319711538461539 0.09615384615384616 0.09615384615384616
0 0.7427884615384616 0.7992788461538461 0.07451923076923077 0.06009615384615385
0 0.5745192307692307 0.765625 0.11057692307692307 0.1346153846153846
0 0.6742788461538461 0.8088942307692307 0.18269230769230768 0.17307692307692307
0 0.578125 0.8569711538461539 0.20192307692307693 0.07211538461538461
0 0.37740384615384615 0.9314903846153846 0.27403846153846156 0.12980769230769232
0 0.21394230769230768 0.8954326923076923 0.32211538461538464 0.16346153846153846
0 0.18990384615384615 0.8377403846153846 0.21875 0.16826923076923078
0 0.10216346153846154 0.9038461538461539 0.10576923076923077 0.0673076923076923
0 0.06971153846153846 0.7752403846153846 0.12980769230769232 0.14423076923076922
0 0.2536057692307692 0.703125 0.2403846153846154 0.1346153846153846
0 0.24278846153846154 0.6370192307692307 0.3269230769230769 0.16105769230769232
0 0.17067307692307693 0.13341346153846154 0.2980769230769231 0.1778846153846154
0 0.06971153846153846 0.1971153846153846 0.13942307692307693 0.10576923076923077
0 0.32091346153846156 0.07451923076923077 0.24519230769230768 0.07451923076923077
0 0.2776442307692308 0.021634615384615384 0.20432692307692307 0.038461538461538464
0 0.49158653846153844 0.0889423076923077 0.23557692307692307 0.14182692307692307
0 0.6153846153846154 0.14302884615384615 0.14903846153846154 0.10096153846153846
0 0.7668269230769231 0.06129807692307692 0.25 0.07692307692307693
0 0.7908653846153846 0.23798076923076922 0.14903846153846154 0.2980769230769231
0 0.8713942307692307 0.2956730769230769 0.10576923076923077 0.10096153846153846
0 0.8954326923076923 0.20673076923076922 0.10096153846153846 0.08653846153846154
0 0.9038461538461539 0.12620192307692307 0.07451923076923077 0.09615384615384616
0 0.8533653846153846 0.4182692307692308 0.1658653846153846 0.07692307692307693
0 0.7487980769230769 0.45552884615384615 0.09615384615384616 0.07692307692307693
0 0.7644230769230769 0.546875 0.13942307692307693 0.08173076923076923
0 0.8737980769230769 0.5745192307692307 0.12259615384615384 0.07692307692307693
0 0.7331730769230769 0.6778846153846154 0.09615384615384616 0.15384615384615385
0 0.5132211538461539 0.6826923076923077 0.10576923076923077 0.09134615384615384
0 0.4254807692307692 0.78125 0.09134615384615384 0.20673076923076922
0 0.08052884615384616 0.3473557692307692 0.15865384615384615 0.15865384615384615
0 0.030048076923076924 0.4807692307692308 0.06009615384615385 0.09134615384615384
0 0.08533653846153846 0.4182692307692308 0.09615384615384616 0.04807692307692308
0 0.23557692307692307 0.46634615384615385 0.375 0.13701923076923078
0 0.21153846153846154 0.5504807692307693 0.09134615384615384 0.0673076923076923
0 0.11778846153846154 0.5504807692307693 0.09615384615384616 0.09615384615384616
0 0.17908653846153846 0.3737980769230769 0.08173076923076923 0.040865384615384616
0 0.2512019230769231 0.35096153846153844 0.17067307692307693 0.07211538461538461
0 0.3798076923076923 0.39783653846153844 0.15865384615384615 0.038461538461538464
0 0.40625 0.34615384615384615 0.11778846153846154 0.057692307692307696
0 0.4519230769230769 0.3137019230769231 0.2620192307692308 0.08653846153846154
0 0.3473557692307692 0.24158653846153846 0.27884615384615385 0.17067307692307693
0 0.2704326923076923 0.23918269230769232 0.10096153846153846 0.07692307692307693
0 0.41947115384615385 0.24759615384615385 0.09134615384615384 0.04807692307692308
0 0.5745192307692307 0.21875 0.1971153846153846 0.09615384615384616
0 0.6682692307692307 0.2548076923076923 0.09615384615384616 0.13701923076923078
0 0.59375 0.296875 0.12980769230769232 0.09615384615384616
0 0.7139423076923077 0.35697115384615385 0.15384615384615385 0.0889423076923077
0 0.5697115384615384 0.3918269230769231 0.14423076923076922 0.10096153846153846
0 0.6358173076923077 0.43509615384615385 0.10576923076923077 0.07451923076923077
0 0.4651442307692308 0.4495192307692308 0.07451923076923077 0.08173076923076923
0 0.4567307692307692 0.5480769230769231 0.06971153846153846 0.08653846153846154
0 0.5829326923076923 0.5276442307692307 0.22596153846153846 0.15625
0 0.5673076923076923 0.6538461538461539 0.22596153846153846 0.1346153846153846
0 0.05889423076923077 0.6322115384615384 0.11778846153846154 0.15625
0 0.11538461538461539 0.006009615384615385 0.09134615384615384 0.009615384615384616