0 0.9122596153846154 0.9290865384615384 0.14423076923076922 0.12980769230769232
0 0.9579326923076923 0.9122596153846154 0.07692307692307693 0.16346153846153846
0 0.9747596153846154 0.7596153846153846 0.04326923076923077 0.1971153846153846
0 0.9110576923076923 0.734375 0.15625 0.24759615384615385
0 0.9723557692307693 0.5600961538461539 0.04807692307692308 0.15865384615384615
0 0.9254807692307693 0.3798076923076923 0.14182692307692307 0.2692307692307692
0 0.9783653846153846 0.23197115384615385 0.036057692307692304 0.11538461538461539
0 0.9639423076923077 0.1778846153846154 0.06490384615384616 0.14903846153846154
0 0.8834134615384616 0.21634615384615385 0.15384615384615385 0.21153846153846154
0 0.8834134615384616 0.06129807692307692 0.17067307692307693 0.11778846153846154
0 0.953125 0.09254807692307693 0.08173076923076923 0.0673076923076923
0 0.9795673076923077 0.046875 0.03365384615384615 0.09134615384615384
0 0.8088942307692307 0.12259615384615384 0.07692307692307693 0.09375
0 0.7764423076923077 0.052884615384615384 0.07211538461538461 0.10096153846153846
0 0.7451923076923077 0.23798076923076922 0.15384615384615385 0.22355769230769232
0 0.7512019230769231 0.4074519230769231 0.12740384615384615 0.18028846153846154
0 0.8485576923076923 0.48677884615384615 0.18509615384615385 0.27403846153846156
0 0.7127403846153846 0.5516826923076923 0.09615384615384616 0.11057692307692307
0 0.7740384615384616 0.6862980769230769 0.12980769230769232 0.23557692307692307
0 0.8197115384615384 0.8665865384615384 0.09134615384615384 0.14903846153846154
0 0.9146634615384616 0.9290865384615384 0.16346153846153846 0.12980769230769232
0 0.7896634615384616 0.9567307692307693 0.13942307692307693 0.07692307692307693
0 0.6959134615384616 0.8665865384615384 0.16346153846153846 0.25721153846153844
0 0.6141826923076923 0.6586538461538461 0.1971153846153846 0.20192307692307693
0 0.5985576923076923 0.7704326923076923 0.16346153846153846 0.2403846153846154
0 0.5204326923076923 0.9182692307692307 0.16826923076923078 0.15384615384615385
0 0.44591346153846156 0.7620192307692307 0.14903846153846154 0.3317307692307692
0 0.4543269230769231 0.6418269230769231 0.14423076923076922 0.14903846153846154
0 0.5685096153846154 0.4831730769230769 0.1778846153846154 0.25721153846153844
0 0.6670673076923077 0.4375 0.1346153846153846 0.23076923076923078
0 0.7632211538461539 0.4230769230769231 0.08653846153846154 0.15865384615384615
0 0.5673076923076923 0.33052884615384615 0.09615384615384616 0.07211538461538461
0 0.5949519230769231 0.20432692307692307 0.14903846153846154 0.25721153846153844
0 0.6947115384615384 0.09495192307692307 0.15384615384615385 0.18509615384615385
0 0.6129807692307693 0.03485576923076923 0.07692307692307693 0.06490384615384616
0 0.5096153846153846 0.08052884615384616 0.16346153846153846 0.15625
0 0.43990384615384615 0.21875 0.17548076923076922 0.20673076923076922
0 0.3858173076923077 0.042067307692307696 0.11778846153846154 0.07932692307692307
0 0.3293269230769231 0.1502403846153846 0.14182692307692307 0.22355769230769232
0 0.24759615384615385 0.2127403846153846 0.16105769230769232 0.23076923076923078
0 0.3125 0.3605769230769231 0.11778846153846154 0.17307692307692307
0 0.3798076923076923 0.5432692307692307 0.17067307692307693 0.2692307692307692
0 0.2776442307692308 0.6201923076923077 0.1778846153846154 0.24519230769230768
0 0.22956730769230768 0.7403846153846154 0.17548076923076922 0.25721153846153844
0 0.31850961538461536 0.8581730769230769 0.16346153846153846 0.23076923076923078
0 0.22235576923076922 0.9338942307692307 0.21875 0.1201923076923077
0 0.3798076923076923 0.9723557692307693 0.08413461538461539 0.04326923076923077
0 0.09615384615384616 0.8557692307692307 0.15625 0.22355769230769232
0 0.06129807692307692 0.953125 0.11057692307692307 0.08173076923076923
0 0.02283653846153846 0.7956730769230769 0.040865384615384616 0.14903846153846154
0 0.09134615384615384 0.6117788461538461 0.18269230769230768 0.3269230769230769
0 0.17427884615384615 0.4206730769230769 0.18269230769230768 0.2403846153846154
0 0.12139423076923077 0.12860576923076922 0.1778846153846154 0.24519230769230768
0 0.05048076923076923 0.328125 0.09615384615384616 0.24278846153846154
0 0.1201923076923077 0.2980769230769231 0.04326923076923077 0.09134615384615384
0 0.04927884615384615 0.08173076923076923 0.09375 0.15865384615384615
0 0.17427884615384615 0.027644230769230768 0.16826923076923078 0.055288461538461536
0 0.21875 0.07932692307692307 0.08173076923076923 0.10336538461538461
0 0.27884615384615385 0.015625 0.07692307692307693 0.026442307692307692
0 0.5 0.4987980769230769 0.9951923076923077 0.9927884615384616