0 0.6658653846153846 0.8173076923076923 0.31971153846153844 0.28846153846153844
0 0.7367788461538461 0.5985576923076923 0.15625 0.2692307692307692
0 0.5949519230769231 0.546875 0.20673076923076922 0.2620192307692308
0 0.5240384615384616 0.6033653846153846 0.12980769230769232 0.16826923076923078
0 0.42908653846153844 0.7079326923076923 0.13221153846153846 0.20192307692307693
0 0.3786057692307692 0.5576923076923077 0.12980769230769232 0.16346153846153846
0 0.4182692307692308 0.48677884615384615 0.12980769230769232 0.1201923076923077
0 0.25240384615384615 0.6009615384615384 0.0985576923076923 0.1201923076923077
0 0.234375 0.6826923076923077 0.10576923076923077 0.08653846153846154
0 0.1346153846153846 0.5625 0.11057692307692307 0.16346153846153846
0 0.19951923076923078 0.5216346153846154 0.10096153846153846 0.13701923076923078
0 0.12740384615384615 0.43990384615384615 0.10336538461538461 0.10336538461538461
0 0.1346153846153846 0.328125 0.15384615384615385 0.17307692307692307
0 0.2764423076923077 0.33052884615384615 0.11778846153846154 0.14903846153846154
0 0.19591346153846154 0.21634615384615385 0.2548076923076923 0.17067307692307693
0 0.2704326923076923 0.13341346153846154 0.10576923076923077 0.13701923076923078
0 0.35216346153846156 0.15865384615384615 0.07451923076923077 0.12980769230769232
0 0.45072115384615385 0.21634615384615385 0.13221153846153846 0.20192307692307693
0 0.5745192307692307 0.2620192307692308 0.16105769230769232 0.20673076923076922
0 0.7451923076923077 0.3389423076923077 0.13942307692307693 0.14182692307692307
0 0.8473557692307693 0.3858173076923077 0.11538461538461539 0.18028846153846154
0 0.7379807692307693 0.13701923076923078 0.16826923076923078 0.1875
0 0.8930288461538461 0.1502403846153846 0.14903846153846154 0.14903846153846154
0 0.9074519230769231 0.3173076923076923 0.17067307692307693 0.17307692307692307