0 0.5012019230769231 0.4987980769230769 0.9927884615384616 0.9975961538461539
0 0.5552884615384616 0.9375 0.8701923076923077 0.11538461538461539
0 0.5048076923076923 0.8954326923076923 0.9038461538461539 0.19951923076923078
0 0.4735576923076923 0.7620192307692307 0.9182692307692307 0.24519230769230768
0 0.45552884615384615 0.8533653846153846 0.9038461538461539 0.10817307692307693
0 0.49278846153846156 0.6574519230769231 0.8173076923076923 0.0625
0 0.5144230769230769 0.6959134615384616 0.9663461538461539 0.07932692307692307
0 0.5132211538461539 0.5444711538461539 0.8485576923076923 0.0673076923076923
0 0.5084134615384616 0.5889423076923077 0.9735576923076923 0.09375
0 0.3485576923076923 0.40384615384615385 0.5649038461538461 0.08173076923076923
0 0.5 0.4483173076923077 0.9903846153846154 0.07211538461538461
0 0.47836538461538464 0.47836538461538464 0.8125 0.057692307692307696
0 0.47836538461538464 0.3485576923076923 0.8485576923076923 0.16346153846153846
0 0.12860576923076922 0.3401442307692308 0.25 0.0673076923076923
0 0.0733173076923077 0.2800480769230769 0.13942307692307693 0.0625
0 0.53125 0.30649038461538464 0.8942307692307693 0.20432692307692307
0 0.2668269230769231 0.13942307692307693 0.39903846153846156 0.2620192307692308
0 0.2620192307692308 0.18269230769230768 0.25 0.11538461538461539
0 0.49158653846153844 0.15504807692307693 0.9735576923076923 0.1346153846153846
0 0.3713942307692308 0.04927884615384615 0.5096153846153846 0.09615384615384616