0 0.056490384615384616 0.8545673076923077 0.08173076923076923 0.09134615384615384
0 0.025240384615384616 0.8064903846153846 0.04567307692307692 0.12259615384615384
0 0.037259615384615384 0.7439903846153846 0.052884615384615384 0.0625
0 0.12980769230769232 0.6742788461538461 0.16346153846153846 0.11298076923076923
0 0.140625 0.7295673076923077 0.15144230769230768 0.09134615384615384
0 0.12139423076923077 0.7788461538461539 0.1346153846153846 0.052884615384615384
0 0.15384615384615385 0.8185096153846154 0.15625 0.08413461538461539
0 0.1622596153846154 0.9098557692307693 0.13942307692307693 0.12980769230769232
0 0.10576923076923077 0.9435096153846154 0.10096153846153846 0.09134615384615384
0 0.17307692307692307 0.9783653846153846 0.11057692307692307 0.038461538461538464
0 0.03365384615384615 0.9242788461538461 0.0625 0.12740384615384615
0 0.0673076923076923 0.25600961538461536 0.11298076923076923 0.1346153846153846
0 0.08052884615384616 0.14543269230769232 0.04326923076923077 0.040865384615384616
0 0.07572115384615384 0.12139423076923077 0.052884615384615384 0.04326923076923077
0 0.11658653846153846 0.14182692307692307 0.04807692307692308 0.03365384615384615
0 0.09134615384615384 0.1778846153846154 0.052884615384615384 0.03365384615384615
0 0.12980769230769232 0.17307692307692307 0.03365384615384615 0.028846153846153848
0 0.11057692307692307 0.21153846153846154 0.026442307692307692 0.02403846153846154
0 0.14302884615384615 0.1935096153846154 0.026442307692307692 0.02403846153846154
0 0.140625 0.04447115384615385 0.09615384615384616 0.08173076923076923
0 0.2644230769230769 0.09014423076923077 0.20673076923076922 0.1658653846153846
0 0.33533653846153844 0.07211538461538461 0.18269230769230768 0.1346153846153846
0 0.41947115384615385 0.028846153846153848 0.08173076923076923 0.052884615384615384
0 0.5480769230769231 0.08052884615384616 0.23076923076923078 0.15384615384615385
0 0.484375 0.16346153846153846 0.23076923076923078 0.14423076923076922
0 0.4411057692307692 0.20793269230769232 0.23076923076923078 0.12980769230769232
0 0.6887019230769231 0.027644230769230768 0.08173076923076923 0.04807692307692308
0 0.7355769230769231 0.013221153846153846 0.03365384615384615 0.019230769230769232
0 0.8221153846153846 0.052884615384615384 0.28125 0.10096153846153846
0 0.9867788461538461 0.15625 0.014423076923076924 0.2980769230769231
0 0.9459134615384616 0.17427884615384615 0.09615384615384616 0.2692307692307692
0 0.8569711538461539 0.19110576923076922 0.10096153846153846 0.27163461538461536
0 0.7944711538461539 0.20793269230769232 0.08653846153846154 0.2980769230769231
0 0.7355769230769231 0.21634615384615385 0.10817307692307693 0.25721153846153844
0 0.6730769230769231 0.23317307692307693 0.11298076923076923 0.2692307692307692
0 0.6730769230769231 0.29927884615384615 0.125 0.22596153846153846
0 0.6274038461538461 0.32572115384615385 0.12980769230769232 0.29086538461538464
0 0.7163461538461539 0.43990384615384615 0.04807692307692308 0.0625
0 0.703125 0.38221153846153844 0.06490384615384616 0.052884615384615384
0 0.7704326923076923 0.37259615384615385 0.06971153846153846 0.06971153846153846
0 0.8161057692307693 0.3713942307692308 0.07692307692307693 0.038461538461538464
0 0.8677884615384616 0.3786057692307692 0.057692307692307696 0.052884615384615384
0 0.8978365384615384 0.35336538461538464 0.06490384615384616 0.057692307692307696
0 0.9435096153846154 0.3125 0.057692307692307696 0.038461538461538464
0 0.8461538461538461 0.4098557692307692 0.10096153846153846 0.055288461538461536
0 0.7896634615384616 0.43990384615384615 0.10817307692307693 0.10096153846153846
0 0.7295673076923077 0.5072115384615384 0.1201923076923077 0.08173076923076923
0 0.6382211538461539 0.47475961538461536 0.08653846153846154 0.16346153846153846
0 0.5997596153846154 0.5024038461538461 0.15144230769230768 0.18028846153846154
0 0.7079326923076923 0.5721153846153846 0.1201923076923077 0.08413461538461539
0 0.9627403846153846 0.6490384615384616 0.06490384615384616 0.2548076923076923
0 0.9110576923076923 0.7007211538461539 0.16826923076923078 0.34134615384615385
0 0.9807692307692307 0.8858173076923077 0.026442307692307692 0.052884615384615384
0 0.8329326923076923 0.7367788461538461 0.23798076923076922 0.3269230769230769
0 0.9242788461538461 0.9206730769230769 0.1201923076923077 0.08413461538461539
0 0.8293269230769231 0.9086538461538461 0.08173076923076923 0.07451923076923077
0 0.7728365384615384 0.8713942307692307 0.06490384615384616 0.0673076923076923
0 0.7572115384615384 0.8088942307692307 0.03365384615384615 0.052884615384615384
0 0.7536057692307693 0.9086538461538461 0.04807692307692308 0.052884615384615384
0 0.7920673076923077 0.9507211538461539 0.08173076923076923 0.06971153846153846
0 0.8269230769230769 0.9795673076923077 0.09134615384615384 0.036057692307692304
0 0.8882211538461539 0.96875 0.08413461538461539 0.057692307692307696
0 0.6923076923076923 0.6382211538461539 0.052884615384615384 0.07692307692307693
0 0.6189903846153846 0.625 0.09134615384615384 0.07211538461538461
0 0.5673076923076923 0.6141826923076923 0.04326923076923077 0.08173076923076923
0 0.6021634615384616 0.6742788461538461 0.11298076923076923 0.0625
0 0.5 0.6009615384615384 0.08173076923076923 0.08413461538461539
0 0.5132211538461539 0.5444711538461539 0.10817307692307693 0.08653846153846154
0 0.4326923076923077 0.5180288461538461 0.06490384615384616 0.057692307692307696
0 0.3870192307692308 0.48677884615384615 0.057692307692307696 0.0625
0 0.4266826923076923 0.47115384615384615 0.06490384615384616 0.052884615384615384
0 0.4483173076923077 0.4266826923076923 0.15144230769230768 0.13942307692307693
0 0.5024038461538461 0.34975961538461536 0.10817307692307693 0.11778846153846154
0 0.5216346153846154 0.32572115384615385 0.1346153846153846 0.10576923076923077
0 0.4026442307692308 0.31490384615384615 0.14423076923076922 0.1346153846153846
0 0.29447115384615385 0.19110576923076922 0.057692307692307696 0.038461538461538464
0 0.2536057692307692 0.20552884615384615 0.09615384615384616 0.04326923076923077
0 0.2247596153846154 0.25240384615384615 0.125 0.03365384615384615
0 0.2512019230769231 0.2704326923076923 0.057692307692307696 0.03365384615384615
0 0.21875 0.28725961538461536 0.06971153846153846 0.038461538461538464
0 0.2860576923076923 0.33653846153846156 0.09615384615384616 0.08413461538461539
0 0.3161057692307692 0.29927884615384615 0.06971153846153846 0.0625
0 0.30288461538461536 0.24759615384615385 0.052884615384615384 0.06971153846153846
0 0.36177884615384615 0.3713942307692308 0.10817307692307693 0.11778846153846154
0 0.36177884615384615 0.42788461538461536 0.09615384615384616 0.06971153846153846
0 0.31850961538461536 0.4891826923076923 0.1201923076923077 0.13221153846153846
0 0.359375 0.49399038461538464 0.09134615384615384 0.10096153846153846
0 0.4375 0.5961538461538461 0.13942307692307693 0.11057692307692307
0 0.44591346153846156 0.6394230769230769 0.15625 0.09615384615384616
0 0.4266826923076923 0.6778846153846154 0.04326923076923077 0.03365384615384615
0 0.49759615384615385 0.7091346153846154 0.06490384615384616 0.0673076923076923
0 0.5480769230769231 0.7055288461538461 0.038461538461538464 0.0673076923076923
0 0.5300480769230769 0.75 0.052884615384615384 0.07211538461538461
0 0.5805288461538461 0.7872596153846154 0.038461538461538464 0.052884615384615384
0 0.5480769230769231 0.7403846153846154 0.11298076923076923 0.1201923076923077
0 0.5841346153846154 0.7391826923076923 0.1201923076923077 0.11778846153846154
0 0.6298076923076923 0.7283653846153846 0.04807692307692308 0.04326923076923077
0 0.2403846153846154 0.47836538461538464 0.1346153846153846 0.15384615384615385
0 0.21634615384615385 0.40865384615384615 0.03365384615384615 0.15384615384615385
0 0.23557692307692307 0.3954326923076923 0.04807692307692308 0.1658653846153846
0 0.25961538461538464 0.375 0.06490384615384616 0.13221153846153846
0 0.3161057692307692 0.5480769230769231 0.026442307692307692 0.021634615384615384
0 0.36778846153846156 0.6274038461538461 0.07692307692307693 0.12980769230769232
0 0.36538461538461536 0.5805288461538461 0.026442307692307692 0.052884615384615384
0 0.47596153846153844 0.8088942307692307 0.03365384615384615 0.052884615384615384
0 0.4543269230769231 0.7439903846153846 0.04326923076923077 0.11538461538461539
0 0.5048076923076923 0.8125 0.026442307692307692 0.04326923076923077
0 0.5372596153846154 0.8293269230769231 0.026442307692307692 0.040865384615384616
0 0.5564903846153846 0.8088942307692307 0.052884615384615384 0.057692307692307696
0 0.11057692307692307 0.23918269230769232 0.014423076923076924 0.021634615384615384
0 0.1346153846153846 0.22956730769230768 0.03365384615384615 0.02403846153846154
0 0.16706730769230768 0.2403846153846154 0.04326923076923077 0.03365384615384615
0 0.10817307692307693 0.2644230769230769 0.03365384615384615 0.028846153846153848
0 0.14543269230769232 0.27163461538461536 0.03365384615384615 0.028846153846153848
0 0.17548076923076922 0.2848557692307692 0.014423076923076924 0.019230769230769232
0 0.140625 0.30288461538461536 0.04326923076923077 0.03365384615384615
0 0.17307692307692307 0.30528846153846156 0.03365384615384615 0.021634615384615384
0 0.14302884615384615 0.33052884615384615 0.026442307692307692 0.021634615384615384
0 0.18629807692307693 0.32572115384615385 0.038461538461538464 0.02403846153846154
0 0.08653846153846154 0.33774038461538464 0.07692307692307693 0.08173076923076923
0 0.16466346153846154 0.35697115384615385 0.057692307692307696 0.028846153846153848
0 0.09735576923076923 0.45913461538461536 0.12980769230769232 0.15384615384615385
0 0.140625 0.5564903846153846 0.052884615384615384 0.04807692307692308
0 0.16706730769230768 0.5649038461538461 0.052884615384615384 0.040865384615384616
0 0.1778846153846154 0.5168269230769231 0.08653846153846154 0.0625
0 0.18389423076923078 0.48197115384615385 0.04326923076923077 0.038461538461538464
0 0.16466346153846154 0.45552884615384615 0.038461538461538464 0.021634615384615384
0 0.15625 0.43990384615384615 0.03365384615384615 0.02403846153846154
0 0.16466346153846154 0.40384615384615385 0.04807692307692308 0.038461538461538464
0 0.17067307692307693 0.38461538461538464 0.04807692307692308 0.03365384615384615
0 0.1814903846153846 0.3605769230769231 0.026442307692307692 0.014423076923076924
0 0.23798076923076922 0.5348557692307693 0.08653846153846154 0.07692307692307693
0 0.36538461538461536 0.6213942307692307 0.057692307692307696 0.13221153846153846
0 0.3485576923076923 0.6778846153846154 0.026442307692307692 0.055288461538461536
0 0.35096153846153844 0.9519230769230769 0.021634615384615384 0.028846153846153848
0 0.36177884615384615 0.9242788461538461 0.009615384615384616 0.026442307692307692
0 0.359375 0.9026442307692307 0.014423076923076924 0.019230769230769232
0 0.35096153846153844 0.8882211538461539 0.009615384615384616 0.009615384615384616
0 0.359375 0.9867788461538461 0.014423076923076924 0.02403846153846154
0 0.39903846153846156 0.9795673076923077 0.057692307692307696 0.036057692307692304
0 0.4026442307692308 0.9543269230769231 0.04807692307692308 0.03365384615384615
0 0.4110576923076923 0.9278846153846154 0.052884615384615384 0.03365384615384615
0 0.41586538461538464 0.8882211538461539 0.07692307692307693 0.06971153846153846
0 0.4026442307692308 0.8509615384615384 0.038461538461538464 0.03365384615384615
0 0.41586538461538464 0.8257211538461539 0.052884615384615384 0.04807692307692308
0 0.39783653846153844 0.7920673076923077 0.038461538461538464 0.04807692307692308
0 0.3762019230769231 0.7560096153846154 0.038461538461538464 0.040865384615384616
0 0.3701923076923077 0.7091346153846154 0.026442307692307692 0.052884615384615384
0 0.3942307692307692 0.7151442307692307 0.03365384615384615 0.040865384615384616
0 0.42427884615384615 0.7127403846153846 0.014423076923076924 0.038461538461538464
0 0.40865384615384615 0.7608173076923077 0.026442307692307692 0.038461538461538464
0 0.42427884615384615 0.7524038461538461 0.014423076923076924 0.02403846153846154
0 0.4266826923076923 0.7956730769230769 0.021634615384615384 0.02403846153846154
0 0.44591346153846156 0.8233173076923077 0.014423076923076924 0.028846153846153848
0 0.44591346153846156 0.8533653846153846 0.026442307692307692 0.038461538461538464
0 0.45913461538461536 0.8966346153846154 0.04326923076923077 0.04326923076923077
0 0.484375 0.8653846153846154 0.038461538461538464 0.040865384615384616
0 0.49759615384615385 0.8497596153846154 0.03365384615384615 0.028846153846153848
0 0.5408653846153846 0.8605769230769231 0.04326923076923077 0.028846153846153848
0 0.515625 0.8846153846153846 0.057692307692307696 0.03365384615384615
0 0.4891826923076923 0.9266826923076923 0.04807692307692308 0.04326923076923077
0 0.5048076923076923 0.9098557692307693 0.038461538461538464 0.040865384615384616
0 0.47596153846153844 0.9435096153846154 0.052884615384615384 0.04807692307692308
0 0.4519230769230769 0.9627403846153846 0.04807692307692308 0.038461538461538464
0 0.453125 0.984375 0.04567307692307692 0.026442307692307692