0 0.8545673076923077 0.18629807692307693 0.24519230769230768 0.2644230769230769
0 0.9639423076923077 0.14302884615384615 0.06490384615384616 0.1875
0 0.9459134615384616 0.028846153846153848 0.10336538461538461 0.052884615384615384
0 0.7992788461538461 0.03485576923076923 0.2620192307692308 0.06490384615384616
0 0.6358173076923077 0.10216346153846154 0.20673076923076922 0.17067307692307693
0 0.7175480769230769 0.2692307692307692 0.10817307692307693 0.1875
0 0.48197115384615385 0.12620192307692307 0.09375 0.1201923076923077
0 0.2980769230769231 0.09735576923076923 0.25961538461538464 0.18990384615384615
0 0.4326923076923077 0.039663461538461536 0.10576923076923077 0.07451923076923077
0 0.5697115384615384 0.03125 0.21634615384615385 0.057692307692307696
0 0.38221153846153844 0.1622596153846154 0.1778846153846154 0.20192307692307693
0 0.29927884615384615 0.29086538461538464 0.18509615384615385 0.17548076923076922
0 0.48677884615384615 0.26322115384615385 0.19951923076923078 0.1875
0 0.6213942307692307 0.18389423076923078 0.18509615384615385 0.20192307692307693
0 0.6706730769230769 0.3137019230769231 0.15865384615384615 0.0985576923076923
0 0.7151442307692307 0.4170673076923077 0.23557692307692307 0.2091346153846154
0 0.90625 0.5829326923076923 0.15384615384615385 0.25240384615384615
0 0.7391826923076923 0.6129807692307693 0.21634615384615385 0.28125
0 0.8149038461538461 0.8161057692307693 0.23076923076923078 0.3125
0 0.5961538461538461 0.859375 0.22115384615384615 0.2692307692307692
0 0.6225961538461539 0.6622596153846154 0.057692307692307696 0.17067307692307693
0 0.5829326923076923 0.5444711538461539 0.15384615384615385 0.2980769230769231
0 0.5709134615384616 0.3401442307692308 0.09615384615384616 0.15384615384615385
0 0.4579326923076923 0.4807692307692308 0.18509615384615385 0.25961538461538464
0 0.44591346153846156 0.7391826923076923 0.2692307692307692 0.27884615384615385
0 0.24278846153846154 0.6899038461538461 0.2403846153846154 0.27884615384615385
0 0.3605769230769231 0.5408653846153846 0.09134615384615384 0.25961538461538464
0 0.2956730769230769 0.42908653846153844 0.18509615384615385 0.2764423076923077
0 0.125 0.5084134615384616 0.1778846153846154 0.3245192307692308