0 0.4338942307692308 0.5745192307692307 0.19230769230769232 0.24519230769230768
0 0.6021634615384616 0.6694711538461539 0.17548076923076922 0.21394230769230768
0 0.7668269230769231 0.5396634615384616 0.19471153846153846 0.24519230769230768
0 0.8810096153846154 0.38341346153846156 0.15865384615384615 0.2091346153846154
0 0.5997596153846154 0.43990384615384615 0.19471153846153846 0.23557692307692307
0 0.7307692307692307 0.3329326923076923 0.14903846153846154 0.1778846153846154
0 0.7367788461538461 0.16466346153846154 0.14423076923076922 0.16826923076923078
0 0.5877403846153846 0.21394230769230768 0.1778846153846154 0.21875
0 0.42788461538461536 0.328125 0.20192307692307693 0.25961538461538464
0 0.43028846153846156 0.14423076923076922 0.18269230769230768 0.12980769230769232
0 0.25240384615384615 0.20192307692307693 0.21153846153846154 0.24519230769230768
0 0.125 0.36538461538461536 0.17307692307692307 0.21394230769230768
0 0.2764423076923077 0.4675480769230769 0.1778846153846154 0.2403846153846154
0 0.11899038461538461 0.5997596153846154 0.19230769230769232 0.2548076923076923
0 0.29086538461538464 0.7067307692307693 0.19230769230769232 0.2403846153846154
0 0.4579326923076923 0.7980769230769231 0.17548076923076922 0.22355769230769232
0 0.6310096153846154 0.8894230769230769 0.2091346153846154 0.21634615384615385
0 0.7524038461538461 0.7487980769230769 0.15144230769230768 0.17307692307692307
0 0.31850961538461536 0.9098557692307693 0.15865384615384615 0.1778846153846154
0 0.15384615384615385 0.8533653846153846 0.1778846153846154 0.21394230769230768
0 0.4735576923076923 0.953125 0.21634615384615385 0.0889423076923077