0 0.06370192307692307 0.7872596153846154 0.09134615384615384 0.057692307692307696
0 0.06370192307692307 0.703125 0.09134615384615384 0.1201923076923077
0 0.056490384615384616 0.5372596153846154 0.08173076923076923 0.125
0 0.0733173076923077 0.5817307692307693 0.04807692307692308 0.07932692307692307
0 0.042067307692307696 0.6153846153846154 0.052884615384615384 0.04326923076923077
0 0.09615384615384616 0.6262019230769231 0.057692307692307696 0.0625
0 0.10336538461538461 0.5637019230769231 0.04326923076923077 0.07211538461538461
0 0.15144230769230768 0.53125 0.07692307692307693 0.10576923076923077
0 0.10697115384615384 0.484375 0.03365384615384615 0.07211538461538461
0 0.13221153846153846 0.4266826923076923 0.08173076923076923 0.08413461538461539
0 0.109375 0.3557692307692308 0.06009615384615385 0.07932692307692307
0 0.09615384615384616 0.29447115384615385 0.0625 0.0625
0 0.05048076923076923 0.3870192307692308 0.07211538461538461 0.15384615384615385
0 0.039663461538461536 0.2764423076923077 0.04326923076923077 0.057692307692307696
0 0.07692307692307693 0.15504807692307693 0.11538461538461539 0.23557692307692307
0 0.19831730769230768 0.23197115384615385 0.16346153846153846 0.21153846153846154
0 0.13581730769230768 0.30528846153846156 0.052884615384615384 0.0625
0 0.1658653846153846 0.3605769230769231 0.052884615384615384 0.0673076923076923
0 0.20793269230769232 0.3629807692307692 0.06009615384615385 0.052884615384615384
0 0.23557692307692307 0.4362980769230769 0.11538461538461539 0.13701923076923078
0 0.20552884615384615 0.5372596153846154 0.057692307692307696 0.0625
0 0.28125 0.5420673076923077 0.11057692307692307 0.22115384615384615
0 0.1466346153846154 0.6346153846153846 0.04567307692307692 0.057692307692307696
0 0.1658653846153846 0.7235576923076923 0.0985576923076923 0.17307692307692307
0 0.23918269230769232 0.7548076923076923 0.125 0.12980769230769232
0 0.36177884615384615 0.5180288461538461 0.0985576923076923 0.1201923076923077
0 0.375 0.4026442307692308 0.04807692307692308 0.04807692307692308
0 0.3449519230769231 0.3629807692307692 0.09375 0.18990384615384615
0 0.2776442307692308 0.3293269230769231 0.07932692307692307 0.0889423076923077
0 0.4543269230769231 0.203125 0.21634615384615385 0.1201923076923077
0 0.3004807692307692 0.2283653846153846 0.09375 0.14182692307692307
0 0.25600961538461536 0.15504807692307693 0.038461538461538464 0.038461538461538464
0 0.16826923076923078 0.11538461538461539 0.07932692307692307 0.08413461538461539
0 0.21754807692307693 0.07932692307692307 0.19951923076923078 0.07211538461538461
0 0.3173076923076923 0.055288461538461536 0.07692307692307693 0.04807692307692308
0 0.4230769230769231 0.10216346153846154 0.14423076923076922 0.15384615384615385
0 0.5336538461538461 0.12139423076923077 0.125 0.16826923076923078
0 0.5264423076923077 0.03365384615384615 0.04807692307692308 0.026442307692307692
0 0.7043269230769231 0.16826923076923078 0.2980769230769231 0.3173076923076923
0 0.9170673076923077 0.15264423076923078 0.07692307692307693 0.09615384615384616
0 0.9182692307692307 0.07932692307692307 0.04807692307692308 0.0625
0 0.875 0.1346153846153846 0.038461538461538464 0.057692307692307696
0 0.8713942307692307 0.28966346153846156 0.1658653846153846 0.09615384615384616
0 0.8473557692307693 0.2283653846153846 0.0625 0.04807692307692308
0 0.8798076923076923 0.38461538461538464 0.15865384615384615 0.16826923076923078
0 0.7620192307692307 0.3918269230769231 0.1658653846153846 0.14182692307692307
0 0.8112980769230769 0.6502403846153846 0.2932692307692308 0.3629807692307692
0 0.7980769230769231 0.7788461538461539 0.15384615384615385 0.10576923076923077
0 0.9014423076923077 0.71875 0.10576923076923077 0.18269230769230768
0 0.6201923076923077 0.5817307692307693 0.0625 0.07932692307692307
0 0.7259615384615384 0.42908653846153844 0.08653846153846154 0.1201923076923077
0 0.890625 0.5048076923076923 0.08173076923076923 0.09615384615384616
0 0.6298076923076923 0.7896634615384616 0.08173076923076923 0.09615384615384616
0 0.4675480769230769 0.7163461538461539 0.38461538461538464 0.22115384615384615
0 0.4014423076923077 0.5793269230769231 0.04807692307692308 0.0625
0 0.3701923076923077 0.6237980769230769 0.06009615384615385 0.07932692307692307
0 0.32211538461538464 0.5637019230769231 0.04807692307692308 0.0625
0 0.43149038461538464 0.5420673076923077 0.0625 0.125
0 0.44350961538461536 0.453125 0.07211538461538461 0.08413461538461539
0 0.42788461538461536 0.3942307692307692 0.07932692307692307 0.11538461538461539
0 0.453125 0.27884615384615385 0.15144230769230768 0.14903846153846154
0 0.4338942307692308 0.19230769230769232 0.15865384615384615 0.10096153846153846
0 0.38100961538461536 0.28725961538461536 0.052884615384615384 0.057692307692307696