0 0.34134615384615385 0.36538461538461536 0.1346153846153846 0.11057692307692307
0 0.5805288461538461 0.19230769230769232 0.13942307692307693 0.0889423076923077
0 0.6826923076923077 0.21754807692307693 0.13942307692307693 0.125
0 0.6069711538461539 0.4831730769230769 0.14903846153846154 0.14903846153846154
0 0.5588942307692307 0.39903846153846156 0.12980769230769232 0.07211538461538461
0 0.6237980769230769 0.625 0.19230769230769232 0.15144230769230768
0 0.6502403846153846 0.7560096153846154 0.13942307692307693 0.11778846153846154
0 0.5480769230769231 0.7932692307692307 0.21634615384615385 0.14182692307692307
0 0.49158653846153844 0.6658653846153846 0.25240384615384615 0.13701923076923078
0 0.4519230769230769 0.5817307692307693 0.12980769230769232 0.03365384615384615
0 0.4326923076923077 0.49759615384615385 0.2091346153846154 0.15384615384615385
0 0.3713942307692308 0.43149038461538464 0.06490384615384616 0.0673076923076923
0 0.3112980769230769 0.44471153846153844 0.07692307692307693 0.07692307692307693
0 0.3173076923076923 0.5240384615384616 0.10576923076923077 0.11057692307692307
0 0.34134615384615385 0.6370192307692307 0.1346153846153846 0.11538461538461539
0 0.2608173076923077 0.59375 0.06971153846153846 0.0889423076923077
0 0.4567307692307692 0.39663461538461536 0.11778846153846154 0.0625
0 0.45913461538461536 0.34375 0.09134615384615384 0.0673076923076923