0 0.7319711538461539 0.7908653846153846 0.1778846153846154 0.22115384615384615
0 0.5612980769230769 0.8197115384615384 0.17067307692307693 0.2548076923076923
0 0.515625 0.5889423076923077 0.1778846153846154 0.21634615384615385
0 0.6370192307692307 0.6730769230769231 0.07932692307692307 0.12980769230769232
0 0.3786057692307692 0.7752403846153846 0.20192307692307693 0.2403846153846154
0 0.3798076923076923 0.6286057692307693 0.16826923076923078 0.1346153846153846
0 0.18870192307692307 0.6959134615384616 0.19230769230769232 0.2403846153846154
0 0.24158653846153846 0.5649038461538461 0.17067307692307693 0.15865384615384615
0 0.3389423076923077 0.484375 0.27403846153846156 0.13221153846153846
0 0.5264423076923077 0.2644230769230769 0.09615384615384616 0.49759615384615385
0 0.6790865384615384 0.5444711538461539 0.19230769230769232 0.16826923076923078