0 0.7680288461538461 0.8834134615384616 0.18269230769230768 0.08653846153846154
0 0.6141826923076923 0.8966346153846154 0.16826923076923078 0.07692307692307693
0 0.5192307692307693 0.7956730769230769 0.16826923076923078 0.09615384615384616
0 0.5396634615384616 0.7271634615384616 0.12980769230769232 0.04326923076923077
0 0.6009615384615384 0.6826923076923077 0.14903846153846154 0.08173076923076923
0 0.7043269230769231 0.7872596153846154 0.12259615384615384 0.10576923076923077
0 0.8100961538461539 0.7764423076923077 0.16826923076923078 0.1346153846153846
0 0.8629807692307693 0.6802884615384616 0.12980769230769232 0.1346153846153846
0 0.7235576923076923 0.6346153846153846 0.1971153846153846 0.10096153846153846
0 0.4579326923076923 0.6574519230769231 0.21153846153846154 0.11057692307692307
0 0.33774038461538464 0.6526442307692307 0.13942307692307693 0.1346153846153846
0 0.2620192307692308 0.5637019230769231 0.18990384615384615 0.1201923076923077
0 0.3161057692307692 0.6033653846153846 0.08413461538461539 0.057692307692307696
0 0.27403846153846156 0.49278846153846156 0.0673076923076923 0.07211538461538461
0 0.3605769230769231 0.4951923076923077 0.12980769230769232 0.07451923076923077
0 0.32091346153846156 0.38822115384615385 0.12980769230769232 0.12980769230769232
0 0.3713942307692308 0.39302884615384615 0.14903846153846154 0.14182692307692307
0 0.5024038461538461 0.4254807692307692 0.16826923076923078 0.14903846153846154
0 0.49158653846153844 0.5444711538461539 0.23557692307692307 0.11538461538461539
0 0.6538461538461539 0.47836538461538464 0.18990384615384615 0.10576923076923077
0 0.8100961538461539 0.5600961538461539 0.18990384615384615 0.09134615384615384
0 0.6478365384615384 0.5528846153846154 0.12259615384615384 0.07211538461538461
0 0.8653846153846154 0.484375 0.21153846153846154 0.11057692307692307
0 0.7235576923076923 0.42427884615384615 0.16346153846153846 0.08173076923076923
0 0.8413461538461539 0.39903846153846156 0.12980769230769232 0.0673076923076923
0 0.7487980769230769 0.3545673076923077 0.10096153846153846 0.0625
0 0.6370192307692307 0.3293269230769231 0.15625 0.10576923076923077
0 0.39903846153846156 0.29447115384615385 0.10576923076923077 0.07211538461538461
0 0.4639423076923077 0.28365384615384615 0.16826923076923078 0.09134615384615384
0 0.46634615384615385 0.20552884615384615 0.1971153846153846 0.10096153846153846
0 0.6838942307692307 0.24639423076923078 0.25 0.09615384615384616
0 0.8521634615384616 0.3016826923076923 0.18269230769230768 0.1346153846153846
0 0.8040865384615384 0.18028846153846154 0.20192307692307693 0.10096153846153846
0 0.7427884615384616 0.13341346153846154 0.21153846153846154 0.10336538461538461
0 0.5673076923076923 0.0889423076923077 0.1971153846153846 0.15625
0 0.6670673076923077 0.09735576923076923 0.20673076923076922 0.16826923076923078
0 0.8161057692307693 0.07572115384615384 0.21153846153846154 0.11057692307692307