0 0.42908653846153844 0.5 0.40865384615384615 0.38221153846153844
0 0.6442307692307693 0.13221153846153846 0.3389423076923077 0.25961538461538464
0 0.8173076923076923 0.12860576923076922 0.11538461538461539 0.12740384615384615
0 0.7379807692307693 0.3401442307692308 0.1875 0.1778846153846154
0 0.7235576923076923 0.46153846153846156 0.23557692307692307 0.125
0 0.8665865384615384 0.4050480769230769 0.08173076923076923 0.15625
0 0.9206730769230769 0.5324519230769231 0.09134615384615384 0.09134615384615384
0 0.9314903846153846 0.2776442307692308 0.125 0.4831730769230769
0 0.8257211538461539 0.052884615384615384 0.20673076923076922 0.0985576923076923
0 0.6610576923076923 0.7271634615384616 0.6682692307692307 0.4951923076923077
0 0.8485576923076923 0.9783653846153846 0.2980769230769231 0.038461538461538464
0 0.47836538461538464 0.7451923076923077 0.32211538461538464 0.2980769230769231
0 0.671875 0.9278846153846154 0.2764423076923077 0.13942307692307693
0 0.29927884615384615 0.9002403846153846 0.21394230769230768 0.19471153846153846
0 0.4387019230769231 0.9134615384615384 0.25240384615384615 0.16826923076923078
0 0.5384615384615384 0.25240384615384615 0.14903846153846154 0.20673076923076922
0 0.3737980769230769 0.21634615384615385 0.22355769230769232 0.19230769230769232
0 0.37740384615384615 0.21514423076923078 0.20673076923076922 0.2692307692307692
0 0.38822115384615385 0.042067307692307696 0.20673076923076922 0.07692307692307693
0 0.33052884615384615 0.20192307692307693 0.15865384615384615 0.30288461538461536
0 0.16947115384615385 0.21634615384615385 0.1971153846153846 0.14182692307692307
0 0.14182692307692307 0.17067307692307693 0.2620192307692308 0.30528846153846156
0 0.171875 0.3557692307692308 0.13701923076923078 0.11057692307692307
0 0.14182692307692307 0.4110576923076923 0.1875 0.15865384615384615
0 0.18028846153846154 0.5612980769230769 0.08653846153846154 0.1346153846153846
0 0.14423076923076922 0.6201923076923077 0.13701923076923078 0.25961538461538464
0 0.13341346153846154 0.8725961538461539 0.10336538461538461 0.1971153846153846
0 0.2403846153846154 0.7067307692307693 0.1971153846153846 0.19951923076923078
0 0.09254807692307693 0.8485576923076923 0.11057692307692307 0.19230769230769232
0 0.15264423076923078 0.9699519230769231 0.0889423076923077 0.055288461538461536