0 0.7415865384615384 0.6286057692307693 0.4855769230769231 0.6875
0 0.21995192307692307 0.28125 0.4326923076923077 0.5625
0 0.04326923076923077 0.6418269230769231 0.08173076923076923 0.21153846153846154
0 0.15985576923076922 0.7596153846153846 0.22596153846153846 0.15384615384615385
0 0.078125 0.8966346153846154 0.14903846153846154 0.1971153846153846
0 0.31490384615384615 0.7764423076923077 0.07692307692307693 0.3269230769230769
0 0.4014423076923077 0.9290865384615384 0.19951923076923078 0.12980769230769232
0 0.2764423076923077 0.9699519230769231 0.05048076923076923 0.04807692307692308
0 0.5288461538461539 0.1141826923076923 0.0985576923076923 0.15384615384615385
0 0.4110576923076923 0.07692307692307693 0.07211538461538461 0.15384615384615385
0 0.5024038461538461 0.019230769230769232 0.05048076923076923 0.038461538461538464
0 0.6141826923076923 0.09254807692307693 0.16826923076923078 0.14182692307692307
0 0.7728365384615384 0.10697115384615384 0.14182692307692307 0.11538461538461539
0 0.7415865384615384 0.21634615384615385 0.057692307692307696 0.14903846153846154
0 0.8341346153846154 0.21033653846153846 0.09134615384615384 0.21153846153846154
0 0.9122596153846154 0.25721153846153844 0.10096153846153846 0.17307692307692307
0 0.9723557692307693 0.14783653846153846 0.052884615384615384 0.1201923076923077
0 0.8918269230769231 0.06370192307692307 0.15865384615384615 0.12740384615384615