0 0.203125 0.020432692307692308 0.07932692307692307 0.03365384615384615
0 0.24759615384615385 0.12860576923076922 0.052884615384615384 0.04567307692307692
0 0.234375 0.18870192307692307 0.0889423076923077 0.06009615384615385
0 0.28365384615384615 0.2692307692307692 0.0625 0.04807692307692308
0 0.27163461538461536 0.34134615384615385 0.0673076923076923 0.04807692307692308
0 0.18990384615384615 0.3269230769230769 0.04326923076923077 0.026442307692307692
0 0.1310096153846154 0.44471153846153844 0.052884615384615384 0.038461538461538464
0 0.3918269230769231 0.2956730769230769 0.07932692307692307 0.0625
0 0.36538461538461536 0.25240384615384615 0.0673076923076923 0.038461538461538464
0 0.39783653846153844 0.1814903846153846 0.038461538461538464 0.038461538461538464
0 0.39783653846153844 0.11899038461538461 0.057692307692307696 0.0625
0 0.4362980769230769 0.0985576923076923 0.052884615384615384 0.052884615384615384
0 0.43990384615384615 0.03245192307692308 0.0673076923076923 0.057692307692307696
0 0.47836538461538464 0.06370192307692307 0.052884615384615384 0.06009615384615385
0 0.48197115384615385 0.14302884615384615 0.057692307692307696 0.06009615384615385
0 0.4735576923076923 0.11177884615384616 0.03125 0.026442307692307692
0 0.5024038461538461 0.09975961538461539 0.057692307692307696 0.04807692307692308
0 0.4338942307692308 0.15865384615384615 0.04807692307692308 0.04567307692307692
0 0.44711538461538464 0.20793269230769232 0.052884615384615384 0.04567307692307692
0 0.4735576923076923 0.26802884615384615 0.04326923076923077 0.052884615384615384
0 0.5180288461538461 0.2283653846153846 0.038461538461538464 0.04326923076923077
0 0.6526442307692307 0.07932692307692307 0.052884615384615384 0.0673076923076923
0 0.5973557692307693 0.036057692307692304 0.0673076923076923 0.0625
0 0.7475961538461539 0.06009615384615385 0.0625 0.04567307692307692
0 0.6995192307692307 0.02403846153846154 0.0625 0.04326923076923077
0 0.7211538461538461 0.11899038461538461 0.04326923076923077 0.04807692307692308
0 0.6658653846153846 0.10697115384615384 0.04807692307692308 0.03365384615384615
0 0.6574519230769231 0.07572115384615384 0.04326923076923077 0.052884615384615384
0 0.6899038461538461 0.2247596153846154 0.0625 0.04326923076923077
0 0.8100961538461539 0.14302884615384615 0.052884615384615384 0.038461538461538464
0 0.8425480769230769 0.06610576923076923 0.09615384615384616 0.07211538461538461
0 0.8497596153846154 0.14543269230769232 0.04807692307692308 0.03365384615384615
0 0.9026442307692307 0.10216346153846154 0.04807692307692308 0.06009615384615385
0 0.8689903846153846 0.19230769230769232 0.04326923076923077 0.052884615384615384
0 0.8233173076923077 0.18509615384615385 0.057692307692307696 0.052884615384615384
0 0.8581730769230769 0.23197115384615385 0.08413461538461539 0.04807692307692308
0 0.9050480769230769 0.21153846153846154 0.03125 0.028846153846153848
0 0.8978365384615384 0.28725961538461536 0.057692307692307696 0.052884615384615384
0 0.9447115384615384 0.2439903846153846 0.04807692307692308 0.04807692307692308
0 0.9879807692307693 0.203125 0.019230769230769232 0.055288461538461536
0 0.7740384615384616 0.3485576923076923 0.0625 0.03365384615384615
0 0.7475961538461539 0.3088942307692308 0.052884615384615384 0.04567307692307692
0 0.7055288461538461 0.33413461538461536 0.0625 0.04807692307692308
0 0.7391826923076923 0.25841346153846156 0.038461538461538464 0.04326923076923077
0 0.71875 0.28725961538461536 0.026442307692307692 0.038461538461538464
0 0.6442307692307693 0.35096153846153844 0.0889423076923077 0.0673076923076923
0 0.6971153846153846 0.3798076923076923 0.038461538461538464 0.03365384615384615
0 0.7163461538461539 0.4230769230769231 0.04326923076923077 0.04567307692307692
0 0.6634615384615384 0.41466346153846156 0.0625 0.04567307692307692
0 0.5973557692307693 0.3870192307692308 0.04807692307692308 0.04807692307692308
0 0.5637019230769231 0.34375 0.052884615384615384 0.07692307692307693
0 0.5841346153846154 0.2824519230769231 0.07211538461538461 0.052884615384615384
0 0.5084134615384616 0.33052884615384615 0.04807692307692308 0.04807692307692308
0 0.4495192307692308 0.3449519230769231 0.0673076923076923 0.07932692307692307
0 0.5 0.390625 0.0625 0.04807692307692308
0 0.5372596153846154 0.4098557692307692 0.07211538461538461 0.04326923076923077
0 0.5240384615384616 0.44711538461538464 0.04807692307692308 0.04807692307692308
0 0.5264423076923077 0.5 0.07211538461538461 0.0625
0 0.45552884615384615 0.4699519230769231 0.057692307692307696 0.04326923076923077
0 0.46634615384615385 0.43028846153846156 0.0673076923076923 0.0673076923076923
0 0.4110576923076923 0.44350961538461536 0.052884615384615384 0.04326923076923077
0 0.3894230769230769 0.4206730769230769 0.0625 0.04326923076923077
0 0.3870192307692308 0.4795673076923077 0.04807692307692308 0.038461538461538464
0 0.3425480769230769 0.49038461538461536 0.052884615384615384 0.04567307692307692
0 0.35216346153846156 0.5324519230769231 0.052884615384615384 0.038461538461538464
0 0.5084134615384616 0.546875 0.04807692307692308 0.038461538461538464
0 0.5444711538461539 0.5697115384615384 0.04807692307692308 0.028846153846153848
0 0.5288461538461539 0.5961538461538461 0.026442307692307692 0.02403846153846154
0 0.5865384615384616 0.5637019230769231 0.057692307692307696 0.04807692307692308
0 0.5817307692307693 0.5204326923076923 0.057692307692307696 0.038461538461538464
0 0.5264423076923077 0.5024038461538461 0.0625 0.052884615384615384
0 0.6550480769230769 0.5336538461538461 0.04807692307692308 0.04807692307692308
0 0.7079326923076923 0.5288461538461539 0.04807692307692308 0.052884615384615384
0 0.6706730769230769 0.48677884615384615 0.057692307692307696 0.04567307692307692
0 0.71875 0.4831730769230769 0.038461538461538464 0.038461538461538464
0 0.7680288461538461 0.5240384615384616 0.0625 0.04567307692307692
0 0.765625 0.47596153846153844 0.057692307692307696 0.04567307692307692
0 0.8233173076923077 0.3798076923076923 0.057692307692307696 0.03365384615384615
0 0.9026442307692307 0.4375 0.0673076923076923 0.04567307692307692
0 0.9603365384615384 0.3870192307692308 0.04807692307692308 0.04807692307692308
0 0.9831730769230769 0.3581730769230769 0.028846153846153848 0.07211538461538461
0 0.96875 0.43149038461538464 0.052884615384615384 0.04807692307692308
0 0.8425480769230769 0.5637019230769231 0.0625 0.04326923076923077
0 0.8473557692307693 0.5360576923076923 0.021634615384615384 0.014423076923076924
0 0.8076923076923077 0.6057692307692307 0.0673076923076923 0.057692307692307696
0 0.8317307692307693 0.6550480769230769 0.04326923076923077 0.04807692307692308
0 0.7896634615384616 0.7283653846153846 0.03125 0.03125
0 0.8689903846153846 0.734375 0.04326923076923077 0.04807692307692308
0 0.8762019230769231 0.6995192307692307 0.038461538461538464 0.03365384615384615
0 0.8978365384615384 0.7319711538461539 0.026442307692307692 0.028846153846153848
0 0.9314903846153846 0.6153846153846154 0.03125 0.038461538461538464
0 0.9314903846153846 0.5793269230769231 0.04326923076923077 0.03365384615384615
0 0.9110576923076923 0.5432692307692307 0.03125 0.04567307692307692
0 0.9795673076923077 0.578125 0.036057692307692304 0.04567307692307692
0 0.9831730769230769 0.5444711538461539 0.028846153846153848 0.036057692307692304
0 0.9855769230769231 0.6322115384615384 0.02403846153846154 0.04807692307692308
0 0.9723557692307693 0.6358173076923077 0.05048076923076923 0.05048076923076923
0 0.9338942307692307 0.7620192307692307 0.038461538461538464 0.02403846153846154
0 0.9579326923076923 0.7379807692307693 0.04326923076923077 0.04326923076923077
0 0.9723557692307693 0.7211538461538461 0.05048076923076923 0.03365384615384615
0 0.9747596153846154 0.765625 0.04567307692307692 0.036057692307692304
0 0.9579326923076923 0.7872596153846154 0.04326923076923077 0.03365384615384615
0 0.9927884615384616 0.7956730769230769 0.009615384615384616 0.038461538461538464
0 0.9795673076923077 0.8137019230769231 0.036057692307692304 0.036057692307692304
0 0.9110576923076923 0.8774038461538461 0.0625 0.04326923076923077
0 0.8293269230769231 0.8810096153846154 0.0673076923076923 0.04326923076923077
0 0.8004807692307693 0.8942307692307693 0.052884615384615384 0.038461538461538464
0 0.765625 0.9170673076923077 0.04807692307692308 0.052884615384615384
0 0.7680288461538461 0.9699519230769231 0.052884615384615384 0.052884615384615384
0 0.8040865384615384 0.9927884615384616 0.06971153846153846 0.009615384615384616
0 0.49158653846153844 0.7524038461538461 0.07932692307692307 0.04807692307692308
0 0.4026442307692308 0.6814903846153846 0.0673076923076923 0.04807692307692308
0 0.36899038461538464 0.7079326923076923 0.0625 0.03365384615384615
0 0.4110576923076923 0.7451923076923077 0.08413461538461539 0.057692307692307696
0 0.36899038461538464 0.7848557692307693 0.052884615384615384 0.028846153846153848
0 0.3389423076923077 0.7487980769230769 0.04807692307692308 0.057692307692307696
0 0.46875 0.7848557692307693 0.0625 0.038461538461538464
0 0.5132211538461539 0.8016826923076923 0.04807692307692308 0.057692307692307696
0 0.4891826923076923 0.8533653846153846 0.052884615384615384 0.04567307692307692
0 0.45552884615384615 0.8269230769230769 0.057692307692307696 0.04567307692307692
0 0.4026442307692308 0.8413461538461539 0.0673076923076923 0.052884615384615384
0 0.4362980769230769 0.8677884615384616 0.0625 0.038461538461538464
0 0.49759615384615385 0.8930288461538461 0.038461538461538464 0.03365384615384615
0 0.5240384615384616 0.9146634615384616 0.04807692307692308 0.04326923076923077
0 0.53125 0.8846153846153846 0.03125 0.03365384615384615
0 0.5709134615384616 0.8798076923076923 0.057692307692307696 0.04567307692307692
0 0.5817307692307693 0.8377403846153846 0.04807692307692308 0.038461538461538464
0 0.6237980769230769 0.8665865384615384 0.038461538461538464 0.03365384615384615
0 0.6478365384615384 0.890625 0.0625 0.038461538461538464
0 0.703125 0.9338942307692307 0.057692307692307696 0.04326923076923077
0 0.703125 0.9699519230769231 0.038461538461538464 0.02403846153846154
0 0.6550480769230769 0.9579326923076923 0.057692307692307696 0.052884615384615384
0 0.7223557692307693 0.9867788461538461 0.07932692307692307 0.021634615384615384
0 0.6442307692307693 0.9891826923076923 0.028846153846153848 0.016826923076923076
0 0.6129807692307693 0.9314903846153846 0.026442307692307692 0.036057692307692304
0 0.5709134615384616 0.9314903846153846 0.04807692307692308 0.04567307692307692
0 0.46033653846153844 0.9771634615384616 0.09375 0.040865384615384616
0 0.40024038461538464 0.9399038461538461 0.0625 0.04567307692307692
0 0.38100961538461536 0.8846153846153846 0.057692307692307696 0.06490384615384616
0 0.33653846153846156 0.8942307692307693 0.052884615384615384 0.06009615384615385
0 0.3425480769230769 0.8317307692307693 0.052884615384615384 0.057692307692307696
0 0.28125 0.7872596153846154 0.0673076923076923 0.057692307692307696
0 0.31009615384615385 0.7524038461538461 0.052884615384615384 0.0625
0 0.2283653846153846 0.8401442307692307 0.0673076923076923 0.05048076923076923
0 0.24759615384615385 0.890625 0.04326923076923077 0.038461538461538464
0 0.15745192307692307 0.8245192307692307 0.052884615384615384 0.055288461538461536
0 0.17908653846153846 0.9206730769230769 0.08413461538461539 0.06009615384615385
0 0.18629807692307693 0.9699519230769231 0.06971153846153846 0.055288461538461536
0 0.10576923076923077 0.5793269230769231 0.052884615384615384 0.04807692307692308
0 0.1346153846153846 0.609375 0.0673076923076923 0.04326923076923077
0 0.18990384615384615 0.6322115384615384 0.08413461538461539 0.0625
0 0.14423076923076922 0.6550480769230769 0.04807692307692308 0.04807692307692308
0 0.09975961538461539 0.6382211538461539 0.04326923076923077 0.06009615384615385
0 0.10817307692307693 0.7115384615384616 0.04807692307692308 0.06490384615384616
0 0.16105769230769232 0.7091346153846154 0.0673076923076923 0.06009615384615385
0 0.2283653846153846 0.6887019230769231 0.057692307692307696 0.04326923076923077
0 0.23918269230769232 0.6514423076923077 0.04807692307692308 0.03365384615384615
0 0.27403846153846156 0.6682692307692307 0.04326923076923077 0.052884615384615384
0 0.23918269230769232 0.7283653846153846 0.04807692307692308 0.04567307692307692
0 0.18990384615384615 0.765625 0.07211538461538461 0.06009615384615385