0 0.59375 0.8629807692307693 0.28365384615384615 0.22596153846153846
0 0.8978365384615384 0.8317307692307693 0.19230769230769232 0.18990384615384615
0 0.765625 0.8137019230769231 0.14182692307692307 0.11298076923076923
0 0.8473557692307693 0.7487980769230769 0.07932692307692307 0.052884615384615384
0 0.6322115384615384 0.9002403846153846 0.21634615384615385 0.19230769230769232
0 0.7512019230769231 0.9350961538461539 0.09134615384615384 0.12259615384615384
0 0.7800480769230769 0.9314903846153846 0.07932692307692307 0.12980769230769232
0 0.828125 0.9362980769230769 0.038461538461538464 0.1201923076923077
0 0.7007211538461539 0.7944711538461539 0.07932692307692307 0.04567307692307692
0 0.47475961538461536 0.9170673076923077 0.1466346153846154 0.10096153846153846
0 0.4326923076923077 0.9338942307692307 0.14182692307692307 0.10576923076923077
0 0.33653846153846156 0.9206730769230769 0.1201923076923077 0.10817307692307693
0 0.2512019230769231 0.9002403846153846 0.07211538461538461 0.06009615384615385
0 0.23677884615384615 0.9435096153846154 0.42788461538461536 0.10576923076923077
0 0.39302884615384615 0.8365384615384616 0.12980769230769232 0.09615384615384616
0 0.27403846153846156 0.8317307692307693 0.14182692307692307 0.1201923076923077
0 0.15504807692307693 0.828125 0.1201923076923077 0.10576923076923077
0 0.0829326923076923 0.8473557692307693 0.16105769230769232 0.10336538461538461
0 0.9290865384615384 0.6838942307692307 0.12980769230769232 0.12740384615384615
0 0.8329326923076923 0.5084134615384616 0.15384615384615385 0.0985576923076923
0 0.9459134615384616 0.5048076923076923 0.09615384615384616 0.06971153846153846
0 0.8978365384615384 0.6538461538461539 0.19230769230769232 0.13701923076923078
0 0.8701923076923077 0.6298076923076923 0.25 0.15144230769230768
0 0.8112980769230769 0.6081730769230769 0.2548076923076923 0.16346153846153846
0 0.7199519230769231 0.6153846153846154 0.1875 0.12259615384615384
0 0.6887019230769231 0.6141826923076923 0.23557692307692307 0.1201923076923077
0 0.6670673076923077 0.7163461538461539 0.16826923076923078 0.07692307692307693
0 0.7259615384615384 0.7475961538461539 0.2091346153846154 0.06971153846153846
0 0.5144230769230769 0.7247596153846154 0.1346153846153846 0.12980769230769232
0 0.39302884615384615 0.7283653846153846 0.1201923076923077 0.07211538461538461
0 0.42427884615384615 0.7752403846153846 0.04567307692307692 0.021634615384615384
0 0.35336538461538464 0.7788461538461539 0.09615384615384616 0.04807692307692308
0 0.29086538461538464 0.7163461538461539 0.10576923076923077 0.0625
0 0.21995192307692307 0.7644230769230769 0.125 0.06971153846153846
0 0.13581730769230768 0.7560096153846154 0.057692307692307696 0.038461538461538464
0 0.057692307692307696 0.7163461538461539 0.11057692307692307 0.11538461538461539
0 0.04567307692307692 0.7752403846153846 0.09134615384615384 0.04326923076923077
0 0.9266826923076923 0.3629807692307692 0.1346153846153846 0.10096153846153846
0 0.90625 0.4338942307692308 0.12980769230769232 0.052884615384615384
0 0.9375 0.44350961538461536 0.11298076923076923 0.06009615384615385
0 0.7884615384615384 0.38822115384615385 0.17548076923076922 0.10096153846153846
0 0.8762019230769231 0.41346153846153844 0.10096153846153846 0.057692307692307696
0 0.6947115384615384 0.44591346153846156 0.16826923076923078 0.0985576923076923
0 0.7067307692307693 0.49278846153846156 0.1346153846153846 0.08173076923076923
0 0.5673076923076923 0.4807692307692308 0.12980769230769232 0.09134615384615384
0 0.46634615384615385 0.5192307692307693 0.12980769230769232 0.06971153846153846
0 0.5757211538461539 0.5408653846153846 0.09134615384615384 0.028846153846153848
0 0.6610576923076923 0.5637019230769231 0.1466346153846154 0.06009615384615385
0 0.5673076923076923 0.6069711538461539 0.09615384615384616 0.057692307692307696
0 0.5228365384615384 0.6382211538461539 0.09615384615384616 0.04326923076923077
0 0.3016826923076923 0.5540865384615384 0.1875 0.11057692307692307
0 0.34975961538461536 0.6057692307692307 0.1346153846153846 0.08173076923076923
0 0.47716346153846156 0.5865384615384616 0.14182692307692307 0.0625
0 0.3894230769230769 0.6574519230769231 0.15865384615384615 0.0673076923076923
0 0.23677884615384615 0.6646634615384616 0.1466346153846154 0.08173076923076923
0 0.15264423076923078 0.6899038461538461 0.11298076923076923 0.08653846153846154
0 0.10216346153846154 0.5637019230769231 0.20192307692307693 0.15865384615384615
0 0.0625 0.5685096153846154 0.125 0.16826923076923078
0 0.1778846153846154 0.5240384615384616 0.12980769230769232 0.09615384615384616
0 0.06610576923076923 0.44350961538461536 0.12740384615384615 0.08413461538461539
0 0.06129807692307692 0.3798076923076923 0.11778846153846154 0.125
0 0.02403846153846154 0.38100961538461536 0.04326923076923077 0.06971153846153846
0 0.4807692307692308 0.4362980769230769 0.22596153846153846 0.12980769230769232
0 0.3112980769230769 0.41346153846153844 0.23557692307692307 0.11057692307692307
0 0.234375 0.44591346153846156 0.28846153846153844 0.1201923076923077
0 0.16706730769230768 0.3713942307692308 0.07211538461538461 0.03365384615384615
0 0.14423076923076922 0.3161057692307692 0.15384615384615385 0.1201923076923077
0 0.05889423076923077 0.3004807692307692 0.05048076923076923 0.0673076923076923
0 0.02403846153846154 0.2704326923076923 0.04326923076923077 0.11298076923076923
0 0.037259615384615384 0.2824519230769231 0.05048076923076923 0.06009615384615385
0 0.07091346153846154 0.2403846153846154 0.0625 0.06009615384615385
0 0.11899038461538461 0.23677884615384615 0.0673076923076923 0.06009615384615385
0 0.2283653846153846 0.2439903846153846 0.16346153846153846 0.08173076923076923
0 0.3076923076923077 0.30528846153846156 0.17548076923076922 0.0625
0 0.2512019230769231 0.32572115384615385 0.1201923076923077 0.07692307692307693
0 0.3161057692307692 0.4014423076923077 0.25961538461538464 0.14423076923076922
0 0.39302884615384615 0.28365384615384615 0.1971153846153846 0.0985576923076923
0 0.36177884615384615 0.21875 0.125 0.08173076923076923
0 0.052884615384615384 0.16466346153846154 0.10096153846153846 0.06971153846153846
0 0.12980769230769232 0.13822115384615385 0.10096153846153846 0.10096153846153846
0 0.13221153846153846 0.19110576923076922 0.038461538461538464 0.04567307692307692
0 0.19230769230769232 0.18629807692307693 0.1346153846153846 0.03365384615384615
0 0.23197115384615385 0.13701923076923078 0.21634615384615385 0.10576923076923077
0 0.6634615384615384 0.33533653846153844 0.2764423076923077 0.14423076923076922
0 0.49158653846153844 0.3473557692307692 0.10096153846153846 0.06971153846153846
0 0.8016826923076923 0.16466346153846154 0.22596153846153846 0.16826923076923078
0 0.8701923076923077 0.2283653846153846 0.125 0.21634615384615385
0 0.8930288461538461 0.25841346153846156 0.11298076923076923 0.1875
0 0.9242788461538461 0.2668269230769231 0.08653846153846154 0.1346153846153846
0 0.9627403846153846 0.27524038461538464 0.0625 0.07211538461538461
0 0.671875 0.25841346153846156 0.15865384615384615 0.08173076923076923
0 0.7740384615384616 0.29086538461538464 0.10096153846153846 0.07692307692307693
0 0.6670673076923077 0.19831730769230768 0.09134615384615384 0.052884615384615384
0 0.5853365384615384 0.18990384615384615 0.10576923076923077 0.0625
0 0.5504807692307693 0.24759615384615385 0.12980769230769232 0.09615384615384616
0 0.47115384615384615 0.20192307692307693 0.1201923076923077 0.08653846153846154
0 0.44591346153846156 0.171875 0.15865384615384615 0.057692307692307696
0 0.47115384615384615 0.09615384615384616 0.24278846153846154 0.12259615384615384
0 0.6670673076923077 0.08653846153846154 0.1346153846153846 0.15144230769230768
0 0.7199519230769231 0.09375 0.22355769230769232 0.1875
0 0.5336538461538461 0.038461538461538464 0.22115384615384615 0.07692307692307693
0 0.2932692307692308 0.06490384615384616 0.11298076923076923 0.04567307692307692
0 0.3389423076923077 0.15144230769230768 0.18028846153846154 0.13942307692307693
0 0.3076923076923077 0.04567307692307692 0.1971153846153846 0.09134615384615384