0 0.8870192307692307 0.32572115384615385 0.21634615384615385 0.14423076923076922
0 0.8353365384615384 0.11177884615384616 0.31971153846153844 0.1778846153846154
0 0.6346153846153846 0.06370192307692307 0.16346153846153846 0.1201923076923077
0 0.6935096153846154 0.20072115384615385 0.24278846153846154 0.18509615384615385
0 0.6802884615384616 0.39903846153846156 0.24759615384615385 0.2283653846153846
0 0.8713942307692307 0.5192307692307693 0.22596153846153846 0.2283653846153846
0 0.8629807692307693 0.7235576923076923 0.2644230769230769 0.18990384615384615
0 0.7752403846153846 0.8569711538461539 0.33653846153846156 0.20192307692307693
0 0.6622596153846154 0.671875 0.18028846153846154 0.20673076923076922
0 0.5204326923076923 0.6298076923076923 0.2692307692307692 0.2692307692307692
0 0.7007211538461539 0.5384615384615384 0.11298076923076923 0.0673076923076923
0 0.4206730769230769 0.43990384615384615 0.25240384615384615 0.1466346153846154
0 0.47475961538461536 0.3317307692307692 0.16346153846153846 0.11538461538461539
0 0.4387019230769231 0.24278846153846154 0.24759615384615385 0.10096153846153846
0 0.43509615384615385 0.12740384615384615 0.2644230769230769 0.16346153846153846
0 0.6442307692307693 0.9435096153846154 0.31971153846153844 0.10576923076923077
0 0.42788461538461536 0.8605769230769231 0.34134615384615385 0.21634615384615385
0 0.2704326923076923 0.625 0.25240384615384615 0.2620192307692308
0 0.22956730769230768 0.4495192307692308 0.14903846153846154 0.12740384615384615
0 0.30408653846153844 0.3629807692307692 0.1971153846153846 0.12980769230769232
0 0.15264423076923078 0.328125 0.17067307692307693 0.11538461538461539
0 0.06490384615384616 0.21754807692307693 0.12980769230769232 0.1346153846153846
0 0.22956730769230768 0.1935096153846154 0.22115384615384615 0.18509615384615385
0 0.04326923076923077 0.3389423076923077 0.08173076923076923 0.125
0 0.1346153846153846 0.7872596153846154 0.24759615384615385 0.19230769230769232
0 0.07932692307692307 0.5300480769230769 0.15384615384615385 0.35336538461538464