0 0.90625 0.052884615384615384 0.18028846153846154 0.09615384615384616
0 0.9146634615384616 0.1622596153846154 0.16346153846153846 0.25721153846153844
0 0.7463942307692307 0.3545673076923077 0.27403846153846156 0.6971153846153846
0 0.9326923076923077 0.4026442307692308 0.12740384615384615 0.3245192307692308
0 0.8401442307692307 0.6117788461538461 0.22115384615384615 0.4639423076923077
0 0.9290865384615384 0.7872596153846154 0.1346153846153846 0.4230769230769231
0 0.8125 0.9242788461538461 0.30528846153846156 0.14903846153846154
0 0.6947115384615384 0.9314903846153846 0.12980769230769232 0.13221153846153846
0 0.6262019230769231 0.6838942307692307 0.27884615384615385 0.6298076923076923
0 0.4182692307692308 0.6502403846153846 0.4110576923076923 0.6971153846153846
0 0.42788461538461536 0.2512019230769231 0.4375 0.49038461538461536
0 0.47716346153846156 0.19230769230769232 0.3942307692307692 0.375
0 0.1346153846153846 0.30408653846153844 0.2692307692307692 0.5961538461538461
0 0.11298076923076923 0.8509615384615384 0.22596153846153846 0.2932692307692308
0 0.14543269230769232 0.7572115384615384 0.29086538461538464 0.40865384615384615
0 0.14543269230769232 0.5697115384615384 0.14182692307692307 0.22355769230769232