0 0.7980769230769231 0.9230769230769231 0.39903846153846156 0.14903846153846154
0 0.7608173076923077 0.7163461538461539 0.46875 0.3269230769230769
0 0.9122596153846154 0.5925480769230769 0.16346153846153846 0.2956730769230769
0 0.7836538461538461 0.4110576923076923 0.3605769230769231 0.2980769230769231
0 0.8293269230769231 0.39903846153846156 0.3293269230769231 0.375
0 0.9098557692307693 0.25841346153846156 0.17067307692307693 0.07692307692307693
0 0.7836538461538461 0.12980769230769232 0.4230769230769231 0.25
0 0.5048076923076923 0.3161057692307692 0.35096153846153844 0.3317307692307692
0 0.4026442307692308 0.11778846153846154 0.3293269230769231 0.21153846153846154
0 0.48197115384615385 0.07091346153846154 0.18028846153846154 0.1346153846153846
0 0.32211538461538464 0.2512019230769231 0.1201923076923077 0.08653846153846154
0 0.1346153846153846 0.03125 0.23557692307692307 0.052884615384615384
0 0.19831730769230768 0.1141826923076923 0.17067307692307693 0.14423076923076922
0 0.07211538461538461 0.15264423076923078 0.125 0.12740384615384615
0 0.21634615384615385 0.2800480769230769 0.25721153846153844 0.20432692307692307
0 0.296875 0.359375 0.1201923076923077 0.10096153846153846
0 0.22956730769230768 0.4651442307692308 0.21153846153846154 0.12740384615384615
0 0.2548076923076923 0.7079326923076923 0.31490384615384615 0.4831730769230769
0 0.4098557692307692 0.6177884615384616 0.10817307692307693 0.09134615384615384
0 0.3762019230769231 0.7139423076923077 0.2980769230769231 0.3173076923076923
0 0.4074519230769231 0.5192307692307693 0.08173076923076923 0.0673076923076923
0 0.5769230769230769 0.4735576923076923 0.10336538461538461 0.10576923076923077
0 0.33774038461538464 0.45913461538461536 0.04807692307692308 0.0625
0 0.46875 0.5168269230769231 0.10336538461538461 0.0625
0 0.5288461538461539 0.7824519230769231 0.15865384615384615 0.2283653846153846
0 0.5144230769230769 0.9266826923076923 0.22596153846153846 0.14182692307692307
0 0.33052884615384615 0.9579326923076923 0.1658653846153846 0.07932692307692307