0 0.09375 0.9471153846153846 0.1875 0.10096153846153846
0 0.30649038461538464 0.9338942307692307 0.35336538461538464 0.12740384615384615
0 0.734375 0.9146634615384616 0.5216346153846154 0.16826923076923078
0 0.8365384615384616 0.8112980769230769 0.16826923076923078 0.15865384615384615
0 0.9290865384615384 0.9795673076923077 0.13221153846153846 0.036057692307692304
0 0.5576923076923077 0.8004807692307693 0.4735576923076923 0.34615384615384615
0 0.7764423076923077 0.5168269230769231 0.4375 0.3317307692307692
0 0.8737980769230769 0.7151442307692307 0.2403846153846154 0.21634615384615385
0 0.28725961538461536 0.5300480769230769 0.47836538461538464 0.3125
0 0.27403846153846156 0.3173076923076923 0.13701923076923078 0.11298076923076923
0 0.44471153846153844 0.25841346153846156 0.3317307692307692 0.2692307692307692
0 0.4266826923076923 0.11899038461538461 0.04326923076923077 0.026442307692307692
0 0.5552884615384616 0.13581730769230768 0.038461538461538464 0.02403846153846154
0 0.5685096153846154 0.11658653846153846 0.021634615384615384 0.014423076923076924
0 0.5264423076923077 0.08653846153846154 0.052884615384615384 0.028846153846153848
0 0.6862980769230769 0.08533653846153846 0.038461538461538464 0.026442307692307692
0 0.36899038461538464 0.06370192307692307 0.04326923076923077 0.02403846153846154
0 0.055288461538461536 0.41466346153846156 0.11057692307692307 0.20432692307692307
0 0.9362980769230769 0.33413461538461536 0.11538461538461539 0.15384615384615385
0 0.8233173076923077 0.15504807692307693 0.20673076923076922 0.1971153846153846
0 0.6706730769230769 0.19471153846153846 0.1201923076923077 0.13221153846153846
0 0.6658653846153846 0.29086538461538464 0.10096153846153846 0.0985576923076923
0 0.7716346153846154 0.3137019230769231 0.17307692307692307 0.08173076923076923
0 0.16346153846153846 0.7716346153846154 0.3269230769230769 0.32211538461538464