0 0.15865384615384615 0.1346153846153846 0.3125 0.2644230769230769
0 0.43509615384615385 0.10336538461538461 0.21153846153846154 0.1971153846153846
0 0.9362980769230769 0.20432692307692307 0.1201923076923077 0.39903846153846156
0 0.7632211538461539 0.1466346153846154 0.2932692307692308 0.27163461538461536
0 0.8173076923076923 0.16706730769230768 0.2980769230769231 0.31490384615384615
0 0.8725961538461539 0.5108173076923077 0.24519230769230768 0.31971153846153844
0 0.7295673076923077 0.4362980769230769 0.13942307692307693 0.13942307692307693
0 0.6177884615384616 0.39903846153846156 0.22115384615384615 0.21153846153846154
0 0.8149038461538461 0.2956730769230769 0.14423076923076922 0.1346153846153846
0 0.4807692307692308 0.27163461538461536 0.4254807692307692 0.2764423076923077
0 0.5396634615384616 0.07451923076923077 0.09375 0.11538461538461539
0 0.16947115384615385 0.055288461538461536 0.27403846153846156 0.10096153846153846
0 0.25 0.37740384615384615 0.22355769230769232 0.5432692307692307
0 0.09495192307692307 0.4338942307692308 0.16826923076923078 0.43028846153846156
0 0.03365384615384615 0.34134615384615385 0.0625 0.35096153846153844
0 0.07211538461538461 0.6887019230769231 0.13942307692307693 0.30528846153846156
0 0.17908653846153846 0.8341346153846154 0.12259615384615384 0.3269230769230769
0 0.39903846153846156 0.8064903846153846 0.14903846153846154 0.38221153846153844
0 0.019230769230769232 0.9362980769230769 0.03365384615384615 0.12259615384615384
0 0.06490384615384616 0.8533653846153846 0.125 0.28846153846153844
0 0.6862980769230769 0.5829326923076923 0.3269230769230769 0.1658653846153846
0 0.6694711538461539 0.7920673076923077 0.40625 0.2764423076923077
0 0.8509615384615384 0.765625 0.2091346153846154 0.28846153846153844
0 0.8858173076923077 0.8737980769230769 0.22355769230769232 0.24759615384615385
0 0.9699519230769231 0.6778846153846154 0.052884615384615384 0.1346153846153846
0 0.6887019230769231 0.9411057692307693 0.20432692307692307 0.11538461538461539
0 0.5456730769230769 0.9375 0.15865384615384615 0.1201923076923077
0 0.4891826923076923 0.5721153846153846 0.22355769230769232 0.5384615384615384
0 0.3605769230769231 0.6947115384615384 0.13221153846153846 0.5576923076923077