0 0.125 0.20192307692307693 0.24278846153846154 0.2548076923076923
0 0.0733173076923077 0.5048076923076923 0.13942307692307693 0.35096153846153844
0 0.078125 0.8004807692307693 0.14903846153846154 0.25
0 0.18509615384615385 0.6045673076923077 0.31009615384615385 0.3942307692307692
0 0.14903846153846154 0.8942307692307693 0.2932692307692308 0.20673076923076922
0 0.3233173076923077 0.8076923076923077 0.3004807692307692 0.3798076923076923
0 0.5528846153846154 0.6862980769230769 0.7211538461538461 0.4519230769230769
0 0.4699519230769231 0.53125 0.6899038461538461 0.40384615384615385
0 0.5072115384615384 0.4951923076923077 0.6514423076923077 0.46634615384615385
0 0.5925480769230769 0.44711538461538464 0.5432692307692307 0.5192307692307693
0 0.5564903846153846 0.453125 0.1201923076923077 0.18269230769230768
0 0.5420673076923077 0.5997596153846154 0.09134615384615384 0.1201923076923077
0 0.6021634615384616 0.5757211538461539 0.07692307692307693 0.1466346153846154
0 0.6814903846153846 0.6045673076923077 0.1346153846153846 0.20432692307692307
0 0.6646634615384616 0.38461538461538464 0.36778846153846156 0.41346153846153844
0 0.8581730769230769 0.6129807692307693 0.21634615384615385 0.125
0 0.8341346153846154 0.43509615384615385 0.3269230769230769 0.4519230769230769
0 0.9206730769230769 0.2403846153846154 0.1346153846153846 0.1778846153846154
0 0.4699519230769231 0.8786057692307693 0.30528846153846156 0.23798076923076922
0 0.6274038461538461 0.8485576923076923 0.057692307692307696 0.1346153846153846
0 0.6634615384615384 0.8173076923076923 0.0985576923076923 0.08413461538461539
0 0.6706730769230769 0.7620192307692307 0.0985576923076923 0.0889423076923077
0 0.7824519230769231 0.8557692307692307 0.09615384615384616 0.12980769230769232
0 0.6947115384615384 0.8137019230769231 0.09615384615384616 0.12980769230769232
0 0.6814903846153846 0.9567307692307693 0.16105769230769232 0.08173076923076923
0 0.6911057692307693 0.9134615384615384 0.14903846153846154 0.10096153846153846
0 0.7944711538461539 0.9567307692307693 0.0889423076923077 0.08173076923076923
0 0.8257211538461539 0.9375 0.11538461538461539 0.11538461538461539
0 0.9314903846153846 0.8930288461538461 0.1346153846153846 0.11057692307692307
0 0.9098557692307693 0.7355769230769231 0.17548076923076922 0.22596153846153846
0 0.9399038461538461 0.9002403846153846 0.11538461538461539 0.12740384615384615
0 0.9495192307692307 0.9723557692307693 0.09615384615384616 0.05048076923076923