0 0.7524038461538461 0.5012019230769231 0.35096153846153844 0.1971153846153846
0 0.6310096153846154 0.34134615384615385 0.3557692307692308 0.16346153846153846
0 0.3605769230769231 0.29447115384615385 0.24519230769230768 0.11057692307692307
0 0.47596153846153844 0.421875 0.32211538461538464 0.22355769230769232
0 0.19591346153846154 0.38822115384615385 0.2620192307692308 0.18269230769230768
0 0.2800480769230769 0.46274038461538464 0.14423076923076922 0.10096153846153846
0 0.22956730769230768 0.6045673076923077 0.3629807692307692 0.22355769230769232
0 0.5384615384615384 0.6322115384615384 0.3269230769230769 0.18990384615384615
0 0.47596153846153844 0.7932692307692307 0.3317307692307692 0.18028846153846154
0 0.30649038461538464 0.6899038461538461 0.16105769230769232 0.10576923076923077
0 0.7704326923076923 0.6213942307692307 0.10096153846153846 0.057692307692307696