0 0.7944711538461539 0.453125 0.23557692307692307 0.3293269230769231
0 0.7584134615384616 0.21634615384615385 0.22115384615384615 0.27884615384615385
0 0.5564903846153846 0.12139423076923077 0.18028846153846154 0.23798076923076922
0 0.5769230769230769 0.3173076923076923 0.19230769230769232 0.27403846153846156
0 0.35216346153846156 0.15625 0.22596153846153846 0.24519230769230768
0 0.17427884615384615 0.24879807692307693 0.28365384615384615 0.24759615384615385
0 0.3605769230769231 0.3858173076923077 0.2403846153846154 0.28846153846153844
0 0.17427884615384615 0.49399038461538464 0.28365384615384615 0.3125
0 0.25600961538461536 0.6610576923076923 0.0985576923076923 0.17307692307692307
0 0.18028846153846154 0.7043269230769231 0.0985576923076923 0.15384615384615385
0 0.296875 0.7728365384615384 0.1346153846153846 0.15865384615384615
0 0.3161057692307692 0.6610576923076923 0.036057692307692304 0.0985576923076923
0 0.34375 0.8581730769230769 0.14182692307692307 0.1875
0 0.47475961538461536 0.8774038461538461 0.12740384615384615 0.18028846153846154
0 0.5877403846153846 0.9074519230769231 0.0985576923076923 0.14182692307692307
0 0.6694711538461539 0.8473557692307693 0.10096153846153846 0.1875
0 0.765625 0.7704326923076923 0.1201923076923077 0.1971153846153846
0 0.8197115384615384 0.671875 0.08413461538461539 0.15384615384615385
0 0.7055288461538461 0.6262019230769231 0.11057692307692307 0.11538461538461539
0 0.65625 0.6802884615384616 0.1201923076923077 0.15865384615384615
0 0.5769230769230769 0.6478365384615384 0.07692307692307693 0.10336538461538461
0 0.5612980769230769 0.7680288461538461 0.14182692307692307 0.13701923076923078
0 0.4230769230769231 0.7427884615384616 0.1346153846153846 0.12980769230769232
0 0.3894230769230769 0.671875 0.12980769230769232 0.0985576923076923
0 0.49759615384615385 0.6862980769230769 0.08173076923076923 0.10336538461538461
0 0.5204326923076923 0.5793269230769231 0.08653846153846154 0.12980769230769232
0 0.6177884615384616 0.5276442307692307 0.14423076923076922 0.15865384615384615
0 0.5060096153846154 0.4891826923076923 0.08173076923076923 0.07211538461538461
0 0.4326923076923077 0.5709134615384616 0.09615384615384616 0.11538461538461539
0 0.3449519230769231 0.5769230769230769 0.08653846153846154 0.10336538461538461