0 0.2848557692307692 0.3641826923076923 0.27163461538461536 0.2403846153846154
0 0.09495192307692307 0.28365384615384615 0.18269230769230768 0.21394230769230768
0 0.2764423076923077 0.578125 0.43990384615384615 0.4182692307692308
0 0.45552884615384615 0.59375 0.10336538461538461 0.1346153846153846
0 0.4735576923076923 0.7007211538461539 0.30528846153846156 0.3798076923076923
0 0.5120192307692307 0.5228365384615384 0.30528846153846156 0.3605769230769231
0 0.3449519230769231 0.28365384615384615 0.1346153846153846 0.17307692307692307
0 0.7139423076923077 0.6670673076923077 0.0673076923076923 0.08173076923076923
0 0.6923076923076923 0.7704326923076923 0.1346153846153846 0.1346153846153846
0 0.7103365384615384 0.7524038461538461 0.28846153846153844 0.15144230769230768
0 0.859375 0.75 0.0673076923076923 0.0625
0 0.8377403846153846 0.8088942307692307 0.31971153846153844 0.18028846153846154
0 0.4987980769230769 0.4483173076923077 0.9975961538461539 0.8918269230769231