0 0.6634615384615384 0.6598557692307693 0.21153846153846154 0.2692307692307692
0 0.8173076923076923 0.515625 0.3581730769230769 0.3605769230769231
0 0.8774038461538461 0.28365384615384615 0.23798076923076922 0.38221153846153844
0 0.6923076923076923 0.21634615384615385 0.17067307692307693 0.27884615384615385
0 0.6286057692307693 0.32211538461538464 0.21875 0.22115384615384615
0 0.6057692307692307 0.3473557692307692 0.2668269230769231 0.33653846153846156
0 0.47836538461538464 0.5288461538461539 0.25721153846153844 0.33653846153846156
0 0.4266826923076923 0.7391826923076923 0.21634615384615385 0.14903846153846154
0 0.18629807692307693 0.6394230769230769 0.2668269230769231 0.28846153846153844
0 0.3293269230769231 0.4170673076923077 0.28125 0.38221153846153844
0 0.4579326923076923 0.18269230769230768 0.23798076923076922 0.2932692307692308
0 0.20432692307692307 0.22716346153846154 0.2620192307692308 0.2692307692307692
0 0.08774038461538461 0.4098557692307692 0.17067307692307693 0.2860576923076923
0 0.08173076923076923 0.17908653846153846 0.15865384615384615 0.21875