0 0.6129807692307693 0.32572115384615385 0.375 0.19230769230769232
0 0.6935096153846154 0.3557692307692308 0.6081730769230769 0.1778846153846154
0 0.6478365384615384 0.5432692307692307 0.5817307692307693 0.37740384615384615
0 0.5685096153846154 0.6971153846153846 0.6442307692307693 0.5961538461538461
0 0.6310096153846154 0.9230769230769231 0.0985576923076923 0.14182692307692307
0 0.4963942307692308 0.84375 0.15625 0.3004807692307692
0 0.5276442307692307 0.65625 0.057692307692307696 0.0985576923076923
0 0.47596153846153844 0.6418269230769231 0.028846153846153848 0.06009615384615385
0 0.33774038461538464 0.8004807692307693 0.07451923076923077 0.3125
0 0.4423076923076923 0.140625 0.8798076923076923 0.2764423076923077
0 0.19230769230769232 0.2127403846153846 0.3798076923076923 0.2620192307692308
0 0.18389423076923078 0.32211538461538464 0.3605769230769231 0.15384615384615385
0 0.1310096153846154 0.4483173076923077 0.2548076923076923 0.25240384615384615
0 0.12139423076923077 0.6694711538461539 0.055288461538461536 0.23317307692307693
0 0.039663461538461536 0.6370192307692307 0.07451923076923077 0.22355769230769232
0 0.21634615384615385 0.6526442307692307 0.03365384615384615 0.11538461538461539