0 0.34375 0.9002403846153846 0.49038461538461536 0.19471153846153846
0 0.5973557692307693 0.8088942307692307 0.1971153846153846 0.12740384615384615
0 0.6935096153846154 0.9350961538461539 0.21394230769230768 0.125
0 0.5372596153846154 0.71875 0.21153846153846154 0.1346153846153846
0 0.3161057692307692 0.765625 0.36778846153846156 0.1658653846153846
0 0.20673076923076922 0.7379807692307693 0.32211538461538464 0.1658653846153846
0 0.43149038461538464 0.6538461538461539 0.25240384615384615 0.08653846153846154
0 0.5024038461538461 0.6189903846153846 0.20192307692307693 0.07211538461538461
0 0.6670673076923077 0.6033653846153846 0.10336538461538461 0.0673076923076923
0 0.6237980769230769 0.5528846153846154 0.09615384615384616 0.057692307692307696
0 0.6490384615384616 0.4891826923076923 0.11538461538461539 0.0673076923076923
0 0.6153846153846154 0.42427884615384615 0.11538461538461539 0.0673076923076923
0 0.6670673076923077 0.36778846153846156 0.125 0.07211538461538461
0 0.7103365384615384 0.2536057692307692 0.13221153846153846 0.07932692307692307
0 0.6033653846153846 0.18629807692307693 0.28846153846153844 0.1658653846153846
0 0.49759615384615385 0.09134615384615384 0.1201923076923077 0.08653846153846154
0 0.6442307692307693 0.07932692307692307 0.125 0.07692307692307693
0 0.6009615384615384 0.056490384615384616 0.11057692307692307 0.07932692307692307
0 0.3942307692307692 0.040865384615384616 0.3269230769230769 0.07692307692307693
0 0.2704326923076923 0.0673076923076923 0.34615384615384615 0.08653846153846154
0 0.21514423076923078 0.019230769230769232 0.2692307692307692 0.03125
0 0.16105769230769232 0.24158653846153846 0.32211538461538464 0.47596153846153844
0 0.3016826923076923 0.22115384615384615 0.3389423076923077 0.2620192307692308
0 0.4735576923076923 0.2620192307692308 0.14423076923076922 0.09615384615384616
0 0.5540865384615384 0.33774038461538464 0.21153846153846154 0.14423076923076922
0 0.5576923076923077 0.4362980769230769 0.10336538461538461 0.07211538461538461
0 0.38461538461538464 0.3557692307692308 0.125 0.07692307692307693
0 0.41346153846153844 0.4567307692307692 0.21875 0.14182692307692307
0 0.17307692307692307 0.5192307692307693 0.34615384615384615 0.16346153846153846
0 0.08413461538461539 0.4639423076923077 0.16826923076923078 0.09615384615384616
0 0.1502403846153846 0.7379807692307693 0.3004807692307692 0.3557692307692308