0 0.08413461538461539 0.8064903846153846 0.15865384615384615 0.37740384615384615
0 0.17427884615384615 0.5192307692307693 0.28365384615384615 0.4375
0 0.02403846153846154 0.5817307692307693 0.038461538461538464 0.08173076923076923
0 0.0673076923076923 0.36658653846153844 0.12740384615384615 0.3605769230769231
0 0.15865384615384615 0.3473557692307692 0.052884615384615384 0.10336538461538461
0 0.11057692307692307 0.390625 0.04807692307692308 0.08173076923076923
0 0.2512019230769231 0.8389423076923077 0.21875 0.3125
0 0.3762019230769231 0.7163461538461539 0.22115384615384615 0.3269230769230769
0 0.49038461538461536 0.8858173076923077 0.30528846153846156 0.21875
0 0.7848557692307693 0.9338942307692307 0.31971153846153844 0.1201923076923077
0 0.8377403846153846 0.7596153846153846 0.32211538461538464 0.3701923076923077
0 0.625 0.65625 0.29086538461538464 0.4375
0 0.5108173076923077 0.5925480769230769 0.11298076923076923 0.27884615384615385
0 0.7475961538461539 0.5060096153846154 0.1778846153846154 0.22355769230769232
0 0.9170673076923077 0.5240384615384616 0.16105769230769232 0.1778846153846154
0 0.8149038461538461 0.6069711538461539 0.08653846153846154 0.0673076923076923
0 0.2980769230769231 0.34375 0.2403846153846154 0.49038461538461536
0 0.1622596153846154 0.12259615384615384 0.14182692307692307 0.21153846153846154
0 0.0733173076923077 0.1778846153846154 0.08653846153846154 0.10336538461538461
0 0.014423076923076924 0.1971153846153846 0.021634615384615384 0.11057692307692307
0 0.04567307692307692 0.0985576923076923 0.08413461538461539 0.12980769230769232
0 0.1346153846153846 0.040865384615384616 0.12980769230769232 0.08173076923076923
0 0.039663461538461536 0.036057692307692304 0.07211538461538461 0.07211538461538461
0 0.8509615384615384 0.07572115384615384 0.2932692307692308 0.15144230769230768
0 0.8653846153846154 0.22115384615384615 0.21875 0.3317307692307692
0 0.6850961538461539 0.21875 0.23557692307692307 0.3269230769230769
0 0.6887019230769231 0.030048076923076924 0.04807692307692308 0.06009615384615385
0 0.9819711538461539 0.1935096153846154 0.03125 0.21394230769230768
0 0.9206730769230769 0.36899038461538464 0.15384615384615385 0.16105769230769232
0 0.17427884615384615 0.03365384615384615 0.19951923076923078 0.0673076923076923
0 0.3293269230769231 0.07091346153846154 0.1778846153846154 0.14182692307692307
0 0.4230769230769231 0.1778846153846154 0.19230769230769232 0.25721153846153844
0 0.49399038461538464 0.34375 0.21875 0.27403846153846156
0 0.5600961538461539 0.06850961538461539 0.21153846153846154 0.13701923076923078
0 0.5456730769230769 0.18870192307692307 0.06490384615384616 0.125