0 0.8052884615384616 0.14903846153846154 0.2668269230769231 0.28846153846153844
0 0.953125 0.09495192307692307 0.08653846153846154 0.18028846153846154
0 0.3762019230769231 0.14423076923076922 0.36778846153846156 0.27884615384615385
0 0.6274038461538461 0.03125 0.15865384615384615 0.052884615384615384
0 0.0985576923076923 0.030048076923076924 0.19230769230769232 0.055288461538461536
0 0.671875 0.5024038461538461 0.19230769230769232 0.25240384615384615
0 0.8209134615384616 0.546875 0.18269230769230768 0.21634615384615385
0 0.9290865384615384 0.4206730769230769 0.1346153846153846 0.24278846153846154
0 0.8689903846153846 0.2860576923076923 0.15384615384615385 0.22115384615384615
0 0.6983173076923077 0.2932692307692308 0.1778846153846154 0.20673076923076922
0 0.5709134615384616 0.28125 0.13942307692307693 0.22115384615384615
0 0.6430288461538461 0.08774038461538461 0.0889423076923077 0.10336538461538461
0 0.4807692307692308 0.4795673076923077 0.18269230769230768 0.23557692307692307
0 0.38221153846153844 0.3245192307692308 0.2091346153846154 0.16346153846153846
0 0.14302884615384615 0.27884615384615385 0.23317307692307693 0.3004807692307692
0 0.06850961538461539 0.1141826923076923 0.13221153846153846 0.14182692307692307
0 0.06610576923076923 0.5432692307692307 0.13221153846153846 0.21153846153846154
0 0.026442307692307692 0.3605769230769231 0.04807692307692308 0.15865384615384615
0 0.2283653846153846 0.484375 0.16346153846153846 0.17548076923076922
0 0.37259615384615385 0.5288461538461539 0.1346153846153846 0.21153846153846154
0 0.45552884615384615 0.6526442307692307 0.08653846153846154 0.10817307692307693
0 0.5829326923076923 0.703125 0.18509615384615385 0.24278846153846154
0 0.6971153846153846 0.8377403846153846 0.1201923076923077 0.17067307692307693
0 0.8305288461538461 0.7788461538461539 0.18509615384615385 0.22596153846153846
0 0.7139423076923077 0.6935096153846154 0.07692307692307693 0.10817307692307693
0 0.9435096153846154 0.8425480769230769 0.10576923076923077 0.23076923076923078
0 0.9495192307692307 0.6418269230769231 0.09134615384615384 0.19230769230769232
0 0.7932692307692307 0.9338942307692307 0.12980769230769232 0.12740384615384615
0 0.9242788461538461 0.9543269230769231 0.15144230769230768 0.08653846153846154
0 0.6526442307692307 0.9507211538461539 0.1778846153846154 0.09615384615384616
0 0.5733173076923077 0.8846153846153846 0.0889423076923077 0.09615384615384616
0 0.484375 0.8245192307692307 0.15144230769230768 0.21634615384615385
0 0.47475961538461536 0.9543269230769231 0.19471153846153846 0.08653846153846154
0 0.3076923076923077 0.9747596153846154 0.19230769230769232 0.04567307692307692
0 0.31850961538461536 0.8449519230769231 0.18990384615384615 0.22596153846153846
0 0.203125 0.6959134615384616 0.20432692307692307 0.23557692307692307
0 0.3605769230769231 0.6754807692307693 0.1201923076923077 0.10336538461538461
0 0.055288461538461536 0.7752403846153846 0.10576923076923077 0.23317307692307693
0 0.09014423076923077 0.9122596153846154 0.1201923076923077 0.15384615384615385
0 0.18509615384615385 0.8846153846153846 0.13942307692307693 0.18028846153846154