0 0.3269230769230769 0.109375 0.3918269230769231 0.21153846153846154
0 0.06850961538461539 0.06850961538461539 0.125 0.12980769230769232
0 0.6009615384615384 0.08052884615384616 0.10576923076923077 0.06971153846153846
0 0.5757211538461539 0.027644230769230768 0.10576923076923077 0.04807692307692308
0 0.7223557692307693 0.04807692307692308 0.13701923076923078 0.09134615384615384
0 0.6538461538461539 0.05048076923076923 0.09134615384615384 0.09375
0 0.6634615384615384 0.10697115384615384 0.07211538461538461 0.036057692307692304
0 0.6105769230769231 0.14302884615384615 0.16346153846153846 0.055288461538461536
0 0.7283653846153846 0.11538461538461539 0.07211538461538461 0.04807692307692308
0 0.7259615384615384 0.17307692307692307 0.10576923076923077 0.0625
0 0.6574519230769231 0.2127403846153846 0.125 0.0625
0 0.5757211538461539 0.18509615384615385 0.10576923076923077 0.0673076923076923
0 0.5757211538461539 0.23677884615384615 0.06490384615384616 0.028846153846153848
0 0.6574519230769231 0.30408653846153844 0.125 0.028846153846153848
0 0.7127403846153846 0.26322115384615385 0.07692307692307693 0.06971153846153846
0 0.6141826923076923 0.2704326923076923 0.14423076923076922 0.04326923076923077
0 0.24519230769230768 0.23677884615384615 0.47596153846153844 0.2980769230769231
0 0.3918269230769231 0.5588942307692307 0 0.04807692307692308
0 0.43509615384615385 0.5300480769230769 0.057692307692307696 0.028846153846153848
0 0.3954326923076923 0.5769230769230769 0.04567307692307692 0.036057692307692304
0 0.1045673076923077 0.484375 0.15865384615384615 0.06971153846153846
0 0.14423076923076922 0.5997596153846154 0.14423076923076922 0.057692307692307696
0 0.2848557692307692 0.44350961538461536 0.16346153846153846 0.09134615384615384
0 0.36658653846153844 0.39302884615384615 0.14423076923076922 0.06971153846153846
0 0.49399038461538464 0.4362980769230769 0.057692307692307696 0.04567307692307692
0 0.6923076923076923 0.36658653846153844 0.10576923076923077 0.03365384615384615
0 0.6694711538461539 0.3894230769230769 0.08653846153846154 0.036057692307692304
0 0.6502403846153846 0.33533653846153844 0.07211538461538461 0.028846153846153848
0 0.6009615384615384 0.34975961538461536 0.09134615384615384 0.036057692307692304
0 0.5949519230769231 0.38100961538461536 0.09134615384615384 0.038461538461538464
0 0.5913461538461539 0.41947115384615385 0.08653846153846154 0.036057692307692304
0 0.6670673076923077 0.42908653846153844 0.10576923076923077 0.04807692307692308
0 0.5985576923076923 0.45552884615384615 0.07211538461538461 0.028846153846153848
0 0.9278846153846154 0.34615384615384615 0.09134615384615384 0.028846153846153848
0 0.9278846153846154 0.32091346153846156 0.06490384615384616 0.021634615384615384
0 0.9375 0.36778846153846156 0.07211538461538461 0.02403846153846154
0 0.9891826923076923 0.29086538461538464 0.016826923076923076 0.10576923076923077
0 0.859375 0.38461538461538464 0.08653846153846154 0.038461538461538464
0 0.8497596153846154 0.3449519230769231 0.07692307692307693 0.04567307692307692
0 0.8665865384615384 0.30649038461538464 0.057692307692307696 0.036057692307692304
0 0.9375 0.265625 0.0985576923076923 0.04567307692307692
0 0.8954326923076923 0.5997596153846154 0.11778846153846154 0.028846153846153848
0 0.9314903846153846 0.5673076923076923 0.125 0.038461538461538464
0 0.9375 0.5420673076923077 0.11057692307692307 0.04567307692307692
0 0.8725961538461539 0.5841346153846154 0.0985576923076923 0.019230769230769232
0 0.8461538461538461 0.5697115384615384 0.0985576923076923 0.028846153846153848
0 0.8954326923076923 0.5360576923076923 0.15865384615384615 0.03365384615384615
0 0.8233173076923077 0.5180288461538461 0.052884615384615384 0.028846153846153848
0 0.8822115384615384 0.5216346153846154 0.07692307692307693 0.028846153846153848
0 0.9579326923076923 0.5060096153846154 0.07211538461538461 0.03365384615384615
0 0.8822115384615384 0.4831730769230769 0.09134615384615384 0.04326923076923077
0 0.6923076923076923 0.5793269230769231 0.09134615384615384 0.038461538461538464
0 0.6862980769230769 0.5384615384615384 0.07692307692307693 0.04326923076923077
0 0.6213942307692307 0.5240384615384616 0.06490384615384616 0.038461538461538464
0 0.6574519230769231 0.49278846153846156 0.057692307692307696 0.02403846153846154
0 0.6177884615384616 0.5637019230769231 0.057692307692307696 0.04567307692307692
0 0.6213942307692307 0.5985576923076923 0.052884615384615384 0.04326923076923077
0 0.08533653846153846 0.9375 0.16105769230769232 0.1201923076923077
0 0.039663461538461536 0.8112980769230769 0.06490384615384616 0.1346153846153846
0 0.2127403846153846 0.6778846153846154 0.31971153846153844 0.10336538461538461
0 0.5288461538461539 0.5973557692307693 0.07692307692307693 0.14423076923076922
0 0.41466346153846156 0.6502403846153846 0.125 0.04807692307692308
0 0.7151442307692307 0.71875 0.057692307692307696 0.03365384615384615
0 0.8762019230769231 0.7920673076923077 0.09134615384615384 0.11298076923076923
0 0.7091346153846154 0.6911057692307693 0.04567307692307692 0.021634615384615384
0 0.703125 0.6682692307692307 0.057692307692307696 0.02403846153846154
0 0.6959134615384616 0.6514423076923077 0.03365384615384615 0.009615384615384616
0 0.6598557692307693 0.734375 0.06490384615384616 0.03365384615384615
0 0.6502403846153846 0.7067307692307693 0.07211538461538461 0.028846153846153848
0 0.6502403846153846 0.6778846153846154 0.057692307692307696 0.019230769230769232
0 0.6502403846153846 0.6646634615384616 0.03365384615384615 0.009615384615384616
0 0.6274038461538461 0.7451923076923077 0.06490384615384616 0.028846153846153848
0 0.6045673076923077 0.7259615384615384 0.057692307692307696 0.02403846153846154
0 0.6081730769230769 0.7019230769230769 0.052884615384615384 0.02403846153846154
0 0.6009615384615384 0.6766826923076923 0.052884615384615384 0.021634615384615384
0 0.5685096153846154 0.7644230769230769 0.06490384615384616 0.028846153846153848
0 0.5492788461538461 0.7283653846153846 0.07692307692307693 0.03365384615384615
0 0.5649038461538461 0.6995192307692307 0.04567307692307692 0.019230769230769232
0 0.6730769230769231 0.8545673076923077 0.026442307692307692 0.02403846153846154
0 0.6670673076923077 0.8221153846153846 0.038461538461538464 0.03365384615384615
0 0.6442307692307693 0.8581730769230769 0.019230769230769232 0.021634615384615384
0 0.6081730769230769 0.8317307692307693 0.038461538461538464 0.021634615384615384
0 0.8990384615384616 0.039663461538461536 0.18990384615384615 0.028846153846153848
0 0.8990384615384616 0.018028846153846152 0.1778846153846154 0.019230769230769232
0 0.8918269230769231 0.009615384615384616 0.16346153846153846 0.01201923076923077
0 0.8954326923076923 0.057692307692307696 0.1971153846153846 0.019230769230769232
0 0.8665865384615384 0.0733173076923077 0.1778846153846154 0.019230769230769232
0 0.9555288461538461 0.1045673076923077 0.08413461538461539 0.06009615384615385
0 0.8689903846153846 0.10216346153846154 0.15865384615384615 0.052884615384615384
0 0.9435096153846154 0.15625 0.10817307692307693 0.04807692307692308
0 0.8894230769230769 0.1875 0.10576923076923077 0.04567307692307692
0 0.859375 0.13822115384615385 0.08653846153846154 0.057692307692307696