0 0.04326923076923077 0.9350961538461539 0.052884615384615384 0.1201923076923077
0 0.020432692307692308 0.8725961538461539 0.03365384615384615 0.13701923076923078
0 0.042067307692307696 0.7800480769230769 0.07692307692307693 0.18990384615384615
0 0.016826923076923076 0.7824519230769231 0.026442307692307692 0.04326923076923077
0 0.07692307692307693 0.75 0.06009615384615385 0.12980769230769232
0 0.125 0.7524038461538461 0.057692307692307696 0.10096153846153846
0 0.12379807692307693 0.8509615384615384 0.07211538461538461 0.14423076923076922
0 0.20552884615384615 0.8365384615384616 0.08173076923076923 0.07692307692307693
0 0.10697115384615384 0.9519230769230769 0.08653846153846154 0.08173076923076923
0 0.21153846153846154 0.9350961538461539 0.16826923076923078 0.1201923076923077
0 0.31490384615384615 0.9639423076923077 0.04326923076923077 0.06009615384615385
0 0.41346153846153844 0.8245192307692307 0.25961538461538464 0.31490384615384615
0 0.41346153846153844 0.8425480769230769 0.15384615384615385 0.1971153846153846
0 0.3329326923076923 0.7139423076923077 0.04807692307692308 0.09615384615384616
0 0.27283653846153844 0.7884615384615384 0.13942307692307693 0.23076923076923078
0 0.28966346153846156 0.6610576923076923 0.04807692307692308 0.09615384615384616
0 0.33533653846153844 0.6394230769230769 0.038461538461538464 0.06490384615384616
0 0.36177884615384615 0.7079326923076923 0.057692307692307696 0.1201923076923077
0 0.2536057692307692 0.6394230769230769 0.04807692307692308 0.07692307692307693
0 0.24158653846153846 0.5769230769230769 0.04326923076923077 0.06009615384615385
0 0.24278846153846154 0.5 0.038461538461538464 0.06009615384615385
0 0.28725961538461536 0.5180288461538461 0.052884615384615384 0.09615384615384616
0 0.29447115384615385 0.5949519230769231 0.038461538461538464 0.036057692307692304
0 0.18990384615384615 0.49399038461538464 0.06009615384615385 0.09615384615384616
0 0.1466346153846154 0.4879807692307692 0.04807692307692308 0.10576923076923077
0 0.0733173076923077 0.5300480769230769 0.13942307692307693 0.32211538461538464
0 0.17668269230769232 0.6514423076923077 0.11298076923076923 0.1971153846153846
0 0.15384615384615385 0.38100961538461536 0.07211538461538461 0.12980769230769232
0 0.07451923076923077 0.3425480769230769 0.06971153846153846 0.11298076923076923
0 0.12620192307692307 0.25841346153846156 0.0673076923076923 0.11298076923076923
0 0.15985576923076922 0.14903846153846154 0.08173076923076923 0.12980769230769232
0 0.08774038461538461 0.15504807692307693 0.0625 0.12980769230769232
0 0.11778846153846154 0.054086538461538464 0.07692307692307693 0.10576923076923077
0 0.052884615384615384 0.036057692307692304 0.07211538461538461 0.07211538461538461
0 0.1778846153846154 0.038461538461538464 0.04326923076923077 0.07692307692307693
0 0.06009615384615385 0.22355769230769232 0.11298076923076923 0.375
0 0.19831730769230768 0.24158653846153846 0.07692307692307693 0.16105769230769232
0 0.203125 0.10096153846153846 0.04807692307692308 0.08173076923076923
0 0.28846153846153844 0.1935096153846154 0.0625 0.10096153846153846
0 0.3317307692307692 0.04807692307692308 0.05048076923076923 0.09615384615384616
0 0.25841346153846156 0.09254807692307693 0.12980769230769232 0.18509615384615385
0 0.27884615384615385 0.2704326923076923 0.07692307692307693 0.125
0 0.23557692307692307 0.36658653846153844 0.07692307692307693 0.16105769230769232
0 0.24519230769230768 0.4579326923076923 0.07692307692307693 0.07211538461538461
0 0.30288461538461536 0.4014423076923077 0.07211538461538461 0.14903846153846154
0 0.3317307692307692 0.3425480769230769 0.07692307692307693 0.10096153846153846
0 0.3605769230769231 0.17908653846153846 0.09375 0.18990384615384615
0 0.36177884615384615 0.5240384615384616 0.11057692307692307 0.22596153846153846
0 0.4411057692307692 0.6490384615384616 0.125 0.10576923076923077
0 0.5528846153846154 0.6490384615384616 0.15384615384615385 0.12980769230769232
0 0.5204326923076923 0.5649038461538461 0.18028846153846154 0.1201923076923077
0 0.47836538461538464 0.49399038461538464 0.09615384615384616 0.14423076923076922
0 0.4483173076923077 0.5360576923076923 0.06971153846153846 0.12980769230769232
0 0.5120192307692307 0.5264423076923077 0.06971153846153846 0.14903846153846154
0 0.4254807692307692 0.3425480769230769 0.09615384615384616 0.2932692307692308
0 0.453125 0.09495192307692307 0.13942307692307693 0.18990384615384615
0 0.3485576923076923 0.042067307692307696 0.11538461538461539 0.08173076923076923
0 0.44711538461538464 0.9555288461538461 0.08653846153846154 0.07692307692307693
0 0.5144230769230769 0.9375 0.06971153846153846 0.11298076923076923
0 0.5588942307692307 0.9735576923076923 0.07692307692307693 0.04326923076923077
0 0.5997596153846154 0.9254807692307693 0.08653846153846154 0.13701923076923078
0 0.6634615384615384 0.9735576923076923 0.0673076923076923 0.04326923076923077
0 0.5685096153846154 0.8149038461538461 0.11057692307692307 0.16826923076923078
0 0.5612980769230769 0.7439903846153846 0.04326923076923077 0
0 0.5564903846153846 0.6514423076923077 0.04807692307692308 0.10096153846153846
0 0.5745192307692307 0.6105769230769231 0.04326923076923077 0.125
0 0.6430288461538461 0.5889423076923077 0.09375 0.18990384615384615
0 0.6370192307692307 0.4639423076923077 0.07211538461538461 0.09615384615384616
0 0.5661057692307693 0.41346153846153844 0.0673076923076923 0.2548076923076923
0 0.5096153846153846 0.31850961538461536 0.11298076923076923 0.17307692307692307
0 0.5516826923076923 0.20192307692307693 0.11538461538461539 0.15384615384615385
0 0.546875 0.06009615384615385 0.08173076923076923 0.1201923076923077
0 0.6682692307692307 0.11298076923076923 0.18269230769230768 0.22596153846153846
0 0.7415865384615384 0.25240384615384615 0.09134615384615384 0.14903846153846154
0 0.6598557692307693 0.31009615384615385 0.125 0.1778846153846154
0 0.7403846153846154 0.3894230769230769 0.1466346153846154 0.20673076923076922
0 0.7632211538461539 0.46153846153846156 0.15384615384615385 0.10096153846153846
0 0.7644230769230769 0.5324519230769231 0.16346153846153846 0.052884615384615384
0 0.7836538461538461 0.5709134615384616 0.1875 0.06009615384615385
0 0.7752403846153846 0.5985576923076923 0.15625 0.11298076923076923
0 0.7680288461538461 0.6454326923076923 0.15625 0.0889423076923077
0 0.7319711538461539 0.6995192307692307 0.09134615384615384 0.0889423076923077
0 0.6814903846153846 0.7355769230769231 0.08173076923076923 0.14903846153846154
0 0.7319711538461539 0.8269230769230769 0.0625 0.16826923076923078
0 0.6887019230769231 0.8485576923076923 0.05048076923076923 0.10096153846153846
0 0.6935096153846154 0.8125 0.20673076923076922 0.3629807692307692
0 0.8305288461538461 0.140625 0.1658653846153846 0.28125
0 0.9122596153846154 0.03245192307692308 0.07692307692307693 0.06490384615384616
0 0.9543269230769231 0.15384615384615385 0.08653846153846154 0.3076923076923077
0 0.9867788461538461 0.33774038461538464 0.021634615384615384 0.07932692307692307
0 0.9014423076923077 0.3485576923076923 0.14903846153846154 0.23076923076923078
0 0.8822115384615384 0.5084134615384616 0.0625 0.10096153846153846
0 0.7944711538461539 0.3870192307692308 0.11057692307692307 0.20192307692307693
0 0.8701923076923077 0.8209134615384616 0.2548076923076923 0.3485576923076923
0 0.9495192307692307 0.9675480769230769 0.04807692307692308 0.052884615384615384
0 0.9855769230769231 0.9699519230769231 0.02403846153846154 0.05048076923076923
0 0.9302884615384616 0.6875 0.1346153846153846 0.28365384615384615
0 0.9579326923076923 0.4735576923076923 0.08173076923076923 0.20673076923076922
0 0.5012019230769231 0.49759615384615385 0.9951923076923077 0.9951923076923077