0 0.18269230769230768 0.33413461538461536 0.28846153846153844 0.31971153846153844
0 0.4014423076923077 0.26322115384615385 0.2692307692307692 0.15625
0 0.453125 0.4050480769230769 0.2620192307692308 0.20673076923076922
0 0.39663461538461536 0.47596153846153844 0.16826923076923078 0.12980769230769232
0 0.2920673076923077 0.5709134615384616 0.20192307692307693 0.12980769230769232
0 0.4423076923076923 0.6213942307692307 0.16346153846153846 0.12980769230769232
0 0.5132211538461539 0.5817307692307693 0.1201923076923077 0.12980769230769232
0 0.39903846153846156 0.7475961538461539 0.1201923076923077 0.0985576923076923
0 0.3173076923076923 0.765625 0.08653846153846154 0.10576923076923077
0 0.4375 0.8653846153846154 0.16346153846153846 0.11057692307692307
0 0.47836538461538464 0.8004807692307693 0.13701923076923078 0.10096153846153846
0 0.5600961538461539 0.8725961538461539 0.10336538461538461 0.10096153846153846
0 0.671875 0.8653846153846154 0.17307692307692307 0.15384615384615385
0 0.6694711538461539 0.7235576923076923 0.14903846153846154 0.11538461538461539
0 0.7836538461538461 0.8040865384615384 0.16826923076923078 0.2548076923076923
0 0.8665865384615384 0.7295673076923077 0.13701923076923078 0.10576923076923077
0 0.8413461538461539 0.6478365384615384 0.12980769230769232 0.07211538461538461
0 0.7836538461538461 0.5492788461538461 0.20192307692307693 0.12980769230769232
0 0.7379807692307693 0.4254807692307692 0.20673076923076922 0.15865384615384615
0 0.6610576923076923 0.2548076923076923 0.14182692307692307 0.13942307692307693
0 0.6141826923076923 0.15264423076923078 0.18028846153846154 0.11538461538461539
0 0.8629807692307693 0.2620192307692308 0.1875 0.16826923076923078
0 0.8497596153846154 0.10697115384615384 0.14903846153846154 0.14903846153846154
0 0.6826923076923077 0.09254807692307693 0.17307692307692307 0.17067307692307693