0 0.5769230769230769 0.5096153846153846 0.3317307692307692 0.22355769230769232
0 0.4879807692307692 0.328125 0.3557692307692308 0.16826923076923078
0 0.5480769230769231 0.21514423076923078 0.10576923076923077 0.0625
0 0.43990384615384615 0.18269230769230768 0.12980769230769232 0.0625
0 0.5144230769230769 0.15264423076923078 0.125 0.057692307692307696
0 0.43509615384615385 0.13822115384615385 0.06009615384615385 0.028846153846153848
0 0.49399038461538464 0.10576923076923077 0.1201923076923077 0.04326923076923077
0 0.35096153846153844 0.24278846153846154 0.32211538461538464 0.13701923076923078
0 0.15264423076923078 0.3473557692307692 0.30528846153846156 0.24278846153846154
0 0.36899038461538464 0.4699519230769231 0.2980769230769231 0.20432692307692307
0 0.44591346153846156 0.6117788461538461 0.08173076923076923 0.052884615384615384
0 0.30649038461538464 0.5865384615384616 0.17307692307692307 0.09134615384615384
0 0.13341346153846154 0.5540865384615384 0.2548076923076923 0.21153846153846154
0 0.18509615384615385 0.6466346153846154 0.14423076923076922 0.07692307692307693
0 0.31490384615384615 0.6754807692307693 0.12980769230769232 0.08173076923076923
0 0.4230769230769231 0.6766826923076923 0.08173076923076923 0.0625
0 0.48197115384615385 0.6887019230769231 0.04807692307692308 0.03365384615384615
0 0.5300480769230769 0.6538461538461539 0.10576923076923077 0.05048076923076923
0 0.5625 0.6923076923076923 0.06490384615384616 0.038461538461538464
0 0.6165865384615384 0.6442307692307693 0.06490384615384616 0.038461538461538464
0 0.5060096153846154 0.71875 0.14423076923076922 0.04807692307692308
0 0.23557692307692307 0.7944711538461539 0.3870192307692308 0.15865384615384615
0 0.37259615384615385 0.7403846153846154 0.10096153846153846 0.057692307692307696
0 0.4014423076923077 0.7848557692307693 0.07692307692307693 0.0625
0 0.4519230769230769 0.8173076923076923 0.07211538461538461 0.05048076923076923
0 0.49158653846153844 0.8004807692307693 0.0889423076923077 0.057692307692307696
0 0.49399038461538464 0.7644230769230769 0.08173076923076923 0.038461538461538464
0 0.5889423076923077 0.8161057692307693 0.1201923076923077 0.038461538461538464
0 0.5925480769230769 0.8461538461538461 0.10096153846153846 0.026442307692307692
0 0.5060096153846154 0.859375 0.06009615384615385 0.06009615384615385
0 0.09254807692307693 0.7259615384615384 0.06490384615384616 0.038461538461538464
0 0.054086538461538464 0.7043269230769231 0.04807692307692308 0.03125
0 0.14903846153846154 0.6971153846153846 0.08173076923076923 0.04326923076923077
0 0.16346153846153846 0.7439903846153846 0.07692307692307693 0.038461538461538464
0 0.08653846153846154 0.7620192307692307 0.06490384615384616 0.038461538461538464
0 0.1935096153846154 0.859375 0.3870192307692308 0.15384615384615385
0 0.056490384615384616 0.6322115384615384 0.11298076923076923 0.1201923076923077
0 0.06850961538461539 0.6466346153846154 0.10096153846153846 0.028846153846153848