0 0.8040865384615384 0.9771634615384616 0.09134615384615384 0.038461538461538464
0 0.7043269230769231 0.9771634615384616 0.11057692307692307 0.038461538461538464
0 0.7211538461538461 0.9447115384615384 0.09615384615384616 0.055288461538461536
0 0.7271634615384616 0.8978365384615384 0.1201923076923077 0.07211538461538461
0 0.8040865384615384 0.9362980769230769 0.057692307692307696 0.057692307692307696
0 0.8245192307692307 0.8942307692307693 0.038461538461538464 0.0673076923076923
0 0.7896634615384616 0.8185096153846154 0.09615384615384616 0.09375
0 0.6862980769230769 0.8221153846153846 0.14423076923076922 0.07932692307692307
0 0.671875 0.8653846153846154 0.04567307692307692 0.028846153846153848
0 0.6322115384615384 0.9002403846153846 0.125 0.07692307692307693
0 0.5661057692307693 0.8737980769230769 0.20192307692307693 0.24519230769230768
0 0.3762019230769231 0.9206730769230769 0.24759615384615385 0.07692307692307693
0 0.5348557692307693 0.7487980769230769 0.10336538461538461 0.08173076923076923
0 0.5829326923076923 0.8004807692307693 0.07451923076923077 0.0625
0 0.6298076923076923 0.7572115384615384 0.08653846153846154 0.07932692307692307
0 0.7151442307692307 0.7487980769230769 0.1201923076923077 0.09615384615384616
0 0.7872596153846154 0.7139423076923077 0.10336538461538461 0.10336538461538461
0 0.640625 0.6742788461538461 0.11057692307692307 0.0673076923076923
0 0.71875 0.6947115384615384 0.057692307692307696 0.052884615384615384
0 0.7620192307692307 0.6586538461538461 0.07451923076923077 0.04807692307692308
0 0.7932692307692307 0.6262019230769231 0.10336538461538461 0.10096153846153846
0 0.7043269230769231 0.6105769230769231 0.07451923076923077 0.04807692307692308
0 0.6899038461538461 0.6382211538461539 0.09134615384615384 0.03365384615384615
0 0.5600961538461539 0.6394230769230769 0.1201923076923077 0.07211538461538461
0 0.5228365384615384 0.6971153846153846 0.09134615384615384 0.055288461538461536
0 0.5973557692307693 0.7115384615384616 0.09134615384615384 0.052884615384615384
0 0.609375 0.5949519230769231 0.09134615384615384 0.057692307692307696
0 0.46875 0.5901442307692307 0.08653846153846154 0.07692307692307693
0 0.5144230769230769 0.5721153846153846 0.08653846153846154 0.055288461538461536
0 0.4651442307692308 0.6670673076923077 0.08173076923076923 0.10096153846153846
0 0.390625 0.5685096153846154 0.13942307692307693 0.1875
0 0.53125 0.5204326923076923 0.09615384615384616 0.0625
0 0.4651442307692308 0.5360576923076923 0.057692307692307696 0.04326923076923077
0 0.4338942307692308 0.5528846153846154 0.052884615384615384 0.038461538461538464
0 0.44591346153846156 0.4795673076923077 0.11057692307692307 0.0673076923076923
0 0.7379807692307693 0.5108173076923077 0.21153846153846154 0.13942307692307693
0 0.7932692307692307 0.3605769230769231 0.10336538461538461 0.14903846153846154
0 0.609375 0.4963942307692308 0.09134615384615384 0.0673076923076923
0 0.6899038461538461 0.4651442307692308 0.0673076923076923 0.055288461538461536
0 0.7331730769230769 0.421875 0.09615384615384616 0.08653846153846154
0 0.6382211538461539 0.40024038461538464 0.11538461538461539 0.0673076923076923
0 0.5540865384615384 0.42788461538461536 0.1201923076923077 0.08173076923076923
0 0.5264423076923077 0.46875 0.08653846153846154 0.055288461538461536
0 0.4651442307692308 0.4074519230769231 0.13942307692307693 0.08173076923076923
0 0.390625 0.3942307692307692 0.057692307692307696 0.0673076923076923
0 0.33653846153846156 0.3581730769230769 0.08653846153846154 0.0625
0 0.33052884615384615 0.42788461538461536 0.09615384615384616 0.0673076923076923
0 0.3329326923076923 0.32572115384615385 0.09134615384615384 0.04326923076923077
0 0.3798076923076923 0.3293269230769231 0.03365384615384615 0.04326923076923077
0 0.4567307692307692 0.35697115384615385 0.14423076923076922 0.07932692307692307
0 0.5685096153846154 0.3581730769230769 0.0673076923076923 0.07692307692307693
0 0.5396634615384616 0.28846153846153844 0.13942307692307693 0.08653846153846154
0 0.6153846153846154 0.32211538461538464 0.04567307692307692 0.04326923076923077
0 0.671875 0.3293269230769231 0.0673076923076923 0.0673076923076923
0 0.71875 0.35697115384615385 0.03365384615384615 0.038461538461538464
0 0.7415865384615384 0.3016826923076923 0.10336538461538461 0.07211538461538461
0 0.7896634615384616 0.25 0.0625 0.052884615384615384
0 0.8305288461538461 0.25 0.028846153846153848 0.038461538461538464
0 0.6862980769230769 0.2608173076923077 0.13221153846153846 0.0673076923076923
0 0.6117788461538461 0.22235576923076922 0.09615384615384616 0.10096153846153846
0 0.7127403846153846 0.19471153846153846 0.11538461538461539 0.0673076923076923
0 0.8016826923076923 0.1875 0.0625 0.0673076923076923
0 0.8245192307692307 0.1346153846153846 0.028846153846153848 0.04807692307692308
0 0.8161057692307693 0.07932692307692307 0.04567307692307692 0.0673076923076923
0 0.7872596153846154 0.03485576923076923 0.09134615384615384 0.0673076923076923
0 0.78125 0.09615384615384616 0.08173076923076923 0.055288461538461536
0 0.71875 0.12620192307692307 0.08173076923076923 0.057692307692307696
0 0.7620192307692307 0.1466346153846154 0.1201923076923077 0.038461538461538464
0 0.7067307692307693 0.05048076923076923 0.125 0.07932692307692307
0 0.6346153846153846 0.06370192307692307 0.1201923076923077 0.09134615384615384
0 0.609375 0.14182692307692307 0.125 0.0673076923076923
0 0.53125 0.17548076923076922 0.09615384615384616 0.08173076923076923
0 0.5600961538461539 0.24519230769230768 0.038461538461538464 0.055288461538461536
0 0.5024038461538461 0.2548076923076923 0.07451923076923077 0.055288461538461536
0 0.41947115384615385 0.27403846153846156 0.09134615384615384 0.07211538461538461
0 0.46274038461538464 0.21153846153846154 0.07451923076923077 0.057692307692307696
0 0.5120192307692307 0.10697115384615384 0.10336538461538461 0.0673076923076923
0 0.5745192307692307 0.04326923076923077 0.11538461538461539 0.052884615384615384
0 0.5949519230769231 0.010817307692307692 0.08653846153846154 0.019230769230769232
0 0.4831730769230769 0.030048076923076924 0.09615384615384616 0.06009615384615385
0 0.38461538461538464 0.036057692307692304 0.10336538461538461 0.07211538461538461
0 0.42788461538461536 0.08052884615384616 0.09615384615384616 0.052884615384615384
0 0.36177884615384615 0.09134615384615384 0.057692307692307696 0.0673076923076923
0 0.3016826923076923 0.09615384615384616 0.09615384615384616 0.0673076923076923
0 0.30408653846153844 0.046875 0.057692307692307696 0.04326923076923077
0 0.2956730769230769 0.01201923076923077 0.0625 0.02403846153846154
0 0.2644230769230769 0.12980769230769232 0.057692307692307696 0.04326923076923077
0 0.28125 0.17427884615384615 0.0673076923076923 0.038461538461538464
0 0.25240384615384615 0.1935096153846154 0.0673076923076923 0.040865384615384616
0 0.2704326923076923 0.23677884615384615 0.0673076923076923 0.057692307692307696
0 0.3245192307692308 0.23918269230769232 0.052884615384615384 0.03125
0 0.35336538461538464 0.27283653846153844 0.0625 0.04807692307692308
0 0.31850961538461536 0.24519230769230768 0.038461538461538464 0.03365384615384615
0 0.3389423076923077 0.21514423076923078 0.08173076923076923 0.052884615384615384
0 0.3161057692307692 0.1875 0.057692307692307696 0.04326923076923077
0 0.3701923076923077 0.17427884615384615 0.0625 0.052884615384615384
0 0.35336538461538464 0.14423076923076922 0.052884615384615384 0.04807692307692308
0 0.4074519230769231 0.12740384615384615 0.03365384615384615 0.040865384615384616
0 0.4651442307692308 0.12259615384615384 0.09134615384615384 0.0673076923076923
0 0.43990384615384615 0.17548076923076922 0.0625 0.055288461538461536
0 0.5288461538461539 0.1778846153846154 0.10336538461538461 0.07211538461538461
0 0.38221153846153844 0.23918269230769232 0.0625 0.04326923076923077
0 0.5348557692307693 0.28846153846153844 0.125 0.07211538461538461
0 0.6778846153846154 0.25841346153846156 0.11538461538461539 0.055288461538461536
0 0.6237980769230769 0.23798076923076922 0.07451923076923077 0.0625
0 0.6262019230769231 0.1875 0.0673076923076923 0.03125
3 0.24519230769230768 0.71875 0.4855769230769231 0.3701923076923077