0 0.8725961538461539 0.9639423076923077 0.24759615384615385 0.06009615384615385
0 0.9038461538461539 0.8173076923076923 0.18509615384615385 0.3004807692307692
0 0.9122596153846154 0.47596153846153844 0.16826923076923078 0.23076923076923078
0 0.8762019230769231 0.3173076923076923 0.13942307692307693 0.12980769230769232
0 0.9567307692307693 0.20432692307692307 0.08173076923076923 0.18028846153846154
0 0.6634615384615384 0.7704326923076923 0.2644230769230769 0.40384615384615385
0 0.7415865384615384 0.6141826923076923 0.14423076923076922 0.17067307692307693
0 0.5745192307692307 0.5769230769230769 0.18269230769230768 0.3125
0 0.6382211538461539 0.4375 0.1778846153846154 0.23076923076923078
0 0.6838942307692307 0.33653846153846156 0.09615384615384616 0.14903846153846154
0 0.5745192307692307 0.22355769230769232 0.17548076923076922 0.2620192307692308
0 0.6730769230769231 0.15625 0.08653846153846154 0.11538461538461539
0 0.4567307692307692 0.06129807692307692 0.12980769230769232 0.11778846153846154
0 0.46033653846153844 0.24639423076923078 0.10576923076923077 0.16346153846153846
0 0.47115384615384615 0.4098557692307692 0.15625 0.21875
0 0.41947115384615385 0.6694711538461539 0.1778846153846154 0.28846153846153844
0 0.265625 0.8257211538461539 0.2548076923076923 0.3389423076923077
0 0.35216346153846156 0.9783653846153846 0.16826923076923078 0.03365384615384615
0 0.28125 0.5841346153846154 0.17067307692307693 0.1971153846153846
0 0.33052884615384615 0.45913461538461536 0.16826923076923078 0.1971153846153846
0 0.14423076923076922 0.4567307692307692 0.19951923076923078 0.25721153846153844
0 0.31971153846153844 0.265625 0.17548076923076922 0.19230769230769232
0 0.2704326923076923 0.15865384615384615 0.14903846153846154 0.15384615384615385
0 0.2668269230769231 0.07692307692307693 0.16346153846153846 0.15384615384615385