0 0.7223557692307693 0.8137019230769231 0.18509615384615385 0.16346153846153846
0 0.8713942307692307 0.1935096153846154 0.18509615384615385 0.17067307692307693
0 0.9387019230769231 0.7199519230769231 0.11778846153846154 0.16105769230769232
0 0.6742788461538461 0.3581730769230769 0.46153846153846156 0.33413461538461536
0 0.6382211538461539 0.3713942307692308 0.19951923076923078 0.08653846153846154
0 0.6670673076923077 0.4423076923076923 0.09134615384615384 0.08653846153846154
0 0.8221153846153846 0.4891826923076923 0.16826923076923078 0.15865384615384615
0 0.5576923076923077 0.5192307692307693 0.12740384615384615 0.1971153846153846
0 0.4891826923076923 0.5793269230769231 0.0625 0.11057692307692307
0 0.4579326923076923 0.3629807692307692 0.08173076923076923 0.09134615384615384
0 0.5024038461538461 0.31971153846153844 0.125 0.125
0 0.5997596153846154 0.2956730769230769 0.11538461538461539 0.08653846153846154
0 0.6418269230769231 0.5841346153846154 0.0625 0.08653846153846154
0 0.6454326923076923 0.6935096153846154 0.0625 0.07692307692307693
0 0.7620192307692307 0.7103365384615384 0.09134615384615384 0.0985576923076923
0 0.8485576923076923 0.7463942307692307 0.0673076923076923 0.07211538461538461
0 0.8377403846153846 0.6394230769230769 0.0673076923076923 0.0985576923076923
0 0.7367788461538461 0.6610576923076923 0.10576923076923077 0.0985576923076923
0 0.6514423076923077 0.6502403846153846 0.15384615384615385 0.17307692307692307
0 0.5913461538461539 0.7788461538461539 0.0625 0.04807692307692308
0 0.6021634615384616 0.6935096153846154 0.0625 0.1201923076923077
0 0.546875 0.6911057692307693 0.0673076923076923 0.11538461538461539
0 0.5288461538461539 0.7427884615384616 0.06971153846153846 0.08653846153846154
0 0.4326923076923077 0.7872596153846154 0.11778846153846154 0.16346153846153846
0 0.21875 0.6069711538461539 0.21153846153846154 0.17307692307692307
0 0.31490384615384615 0.44591346153846156 0.0985576923076923 0.19230769230769232
0 0.24158653846153846 0.4014423076923077 0.12740384615384615 0.10336538461538461
0 0.39783653846153844 0.4567307692307692 0.11298076923076923 0.25721153846153844
0 0.6310096153846154 0.5060096153846154 0.5721153846153846 0.6081730769230769
0 0.2848557692307692 0.2091346153846154 0.53125 0.41346153846153844
0 0.19471153846153846 0.3004807692307692 0.1346153846153846 0.14182692307692307
0 0.1658653846153846 0.3088942307692308 0.1346153846153846 0.10336538461538461
0 0.2548076923076923 0.07091346153846154 0.125 0.0985576923076923
0 0.07451923076923077 0.12620192307692307 0.1201923076923077 0.17307692307692307
0 0.12379807692307693 0.3473557692307692 0.07451923076923077 0.04807692307692308
0 0.09134615384615384 0.27884615384615385 0.05048076923076923 0.021634615384615384
0 0.22956730769230768 0.171875 0.13942307692307693 0.10336538461538461
0 0.3293269230769231 0.11778846153846154 0.09134615384615384 0.13701923076923078
0 0.1875 0.42908653846153844 0.08413461538461539 0.07211538461538461