0 0.8786057692307693 0.21754807692307693 0.10096153846153846 0.2644230769230769
0 0.8317307692307693 0.08173076923076923 0.125 0.15384615384615385
0 0.9110576923076923 0.05889423076923077 0.04567307692307692 0.10576923076923077
0 0.8581730769230769 0.44591346153846156 0.14423076923076922 0.25
0 0.8665865384615384 0.5625 0.125 0.16346153846153846
0 0.7680288461538461 0.7439903846153846 0.3389423076923077 0.5072115384615384
0 0.7103365384615384 0.2800480769230769 0.23557692307692307 0.5480769230769231
0 0.4699519230769231 0.13822115384615385 0.27403846153846156 0.2644230769230769
0 0.38461538461538464 0.3112980769230769 0.29086538461538464 0.6105769230769231
0 0.18990384615384615 0.13221153846153846 0.1971153846153846 0.2548076923076923
0 0.28125 0.04567307692307692 0.13942307692307693 0.07932692307692307
0 0.22596153846153846 0.39302884615384615 0.2692307692307692 0.5384615384615384
0 0.042067307692307696 0.16105769230769232 0.08413461538461539 0.3125
0 0.051682692307692304 0.3137019230769231 0.10336538461538461 0.18990384615384615
0 0.021634615384615384 0.38100961538461536 0.04326923076923077 0.1201923076923077
0 0.09615384615384616 0.8942307692307693 0.19230769230769232 0.20673076923076922
0 0.1310096153846154 0.8485576923076923 0.2283653846153846 0.2980769230769231
0 0.007211538461538462 0.5985576923076923 0.014423076923076924 0.27163461538461536
0 0.20072115384615385 0.7019230769230769 0.37259615384615385 0.5913461538461539
0 0.5120192307692307 0.7548076923076923 0.33653846153846156 0.3317307692307692
0 0.4855769230769231 0.9302884615384616 0.22115384615384615 0.1346153846153846
0 0.6550480769230769 0.8774038461538461 0.1658653846153846 0.2403846153846154
0 0.796875 0.9675480769230769 0.15144230769230768 0.06009615384615385