0 0.6334134615384616 0.35336538461538464 0.3076923076923077 0.25721153846153844
0 0.6334134615384616 0.16826923076923078 0.0985576923076923 0.07211538461538461
0 0.6117788461538461 0.09014423076923077 0.09375 0.08413461538461539
0 0.5072115384615384 0.08173076923076923 0.09375 0.052884615384615384
0 0.5252403846153846 0.14423076923076922 0.11057692307692307 0.08173076923076923
0 0.546875 0.203125 0.08413461538461539 0.06009615384615385
0 0.41586538461538464 0.1466346153846154 0.0985576923076923 0.0673076923076923
0 0.44350961538461536 0.21033653846153846 0.08413461538461539 0.08413461538461539
0 0.38822115384615385 0.24879807692307693 0.052884615384615384 0.04807692307692308
0 0.20192307692307693 0.2283653846153846 0.39903846153846156 0.3557692307692308
0 0.5769230769230769 0.265625 0.2932692307692308 0.20192307692307693
0 0.09134615384615384 0.45552884615384615 0.15384615384615385 0.27884615384615385
0 0.32211538461538464 0.5360576923076923 0.34615384615384615 0.5096153846153846
0 0.5120192307692307 0.6682692307692307 0.6298076923076923 0.3557692307692308
0 0.703125 0.7451923076923077 0.38461538461538464 0.3173076923076923
0 0.27163461538461536 0.8834134615384616 0.5384615384615384 0.2283653846153846
0 0.6346153846153846 0.9338942307692307 0.28846153846153844 0.12740384615384615