0 0.6634615384615384 0.6298076923076923 0.32211538461538464 0.23798076923076922
0 0.6105769230769231 0.4266826923076923 0.39663461538461536 0.23557692307692307
0 0.47596153846153844 0.8161057692307693 0.20192307692307693 0.21634615384615385
0 0.4254807692307692 0.8004807692307693 0.15384615384615385 0.1875
0 0.4026442307692308 0.7463942307692307 0.15865384615384615 0.15384615384615385
0 0.296875 0.8557692307692307 0.18028846153846154 0.20673076923076922
0 0.18028846153846154 0.8473557692307693 0.22115384615384615 0.25240384615384615
0 0.4362980769230769 0.5324519230769231 0.11057692307692307 0.15384615384615385
0 0.37259615384615385 0.65625 0.22596153846153846 0.23557692307692307
0 0.29086538461538464 0.390625 0.2644230769230769 0.23317307692307693
0 0.19591346153846154 0.5132211538461539 0.3389423076923077 0.25240384615384615
0 0.16105769230769232 0.65625 0.29086538461538464 0.23076923076923078
0 0.026442307692307692 0.5997596153846154 0.04326923076923077 0.09375