0 0.36899038461538464 0.7932692307692307 0.19230769230769232 0.16826923076923078
0 0.5 0.6983173076923077 0.125 0.11057692307692307
0 0.28966346153846156 0.6850961538461539 0.16346153846153846 0.0985576923076923
0 0.21033653846153846 0.765625 0.125 0.12740384615384615
0 0.3004807692307692 0.49038461538461536 0.27403846153846156 0.12980769230769232
0 0.3004807692307692 0.5072115384615384 0.27403846153846156 0.09134615384615384
0 0.30649038461538464 0.5685096153846154 0.2956730769230769 0.19230769230769232
0 0.20793269230769232 0.5817307692307693 0.0985576923076923 0.06490384615384616
0 0.28365384615384615 0.6129807692307693 0.2620192307692308 0.16346153846153846
0 0.6177884615384616 0.37259615384615385 0.40384615384615385 0.33653846153846156
0 0.4074519230769231 0.34134615384615385 0.22355769230769232 0.16826923076923078
0 0.24879807692307693 0.35096153846153844 0.09134615384615384 0.16346153846153846
0 0.5853365384615384 0.14182692307692307 0.4639423076923077 0.27884615384615385
0 0.5300480769230769 0.8401442307692307 0.15384615384615385 0.08653846153846154
0 0.6117788461538461 0.7896634615384616 0.15384615384615385 0.08173076923076923
0 0.5985576923076923 0.9783653846153846 0.125 0.036057692307692304
0 0.6069711538461539 0.9399038461538461 0.08653846153846154 0.055288461538461536
0 0.9086538461538461 0.8257211538461539 0.1778846153846154 0.34375
0 0.8990384615384616 0.9495192307692307 0.14903846153846154 0.09615384615384616
0 0.9495192307692307 0.9074519230769231 0.09615384615384616 0.12259615384615384
0 0.9819711538461539 0.8317307692307693 0.03125 0.08653846153846154
0 0.9627403846153846 0.7608173076923077 0.06971153846153846 0.08413461538461539
0 0.9290865384615384 0.6923076923076923 0.12980769230769232 0.07692307692307693
0 0.7271634615384616 0.9230769230769231 0.14182692307692307 0.09615384615384616
0 0.6201923076923077 0.8822115384615384 0.09134615384615384 0.055288461538461536
0 0.5240384615384616 0.9350961538461539 0.0985576923076923 0.057692307692307696
0 0.49759615384615385 0.9711538461538461 0.07692307692307693 0.028846153846153848