0 0.6033653846153846 0.6490384615384616 0.2980769230769231 0.6899038461538461
0 0.8028846153846154 0.6670673076923077 0.1201923076923077 0.3557692307692308
0 0.9158653846153846 0.9290865384615384 0.16105769230769232 0.12980769230769232
0 0.9134615384615384 0.8245192307692307 0.1466346153846154 0.2548076923076923
0 0.9242788461538461 0.5685096153846154 0.14423076923076922 0.4230769230769231
0 0.8161057692307693 0.31009615384615385 0.3605769230769231 0.3942307692307692
0 0.9735576923076923 0.10096153846153846 0.04807692307692308 0.20192307692307693
0 0.8689903846153846 0.07451923076923077 0.1875 0.14903846153846154
0 0.7271634615384616 0.08413461538461539 0.12740384615384615 0.16826923076923078
0 0.5673076923076923 0.19951923076923078 0.22355769230769232 0.39903846153846156
0 0.4879807692307692 0.41346153846153844 0.08173076923076923 0.1971153846153846
0 0.3858173076923077 0.6274038461538461 0.18269230769230768 0.2692307692307692
0 0.4326923076923077 0.7884615384615384 0.09134615384615384 0.27884615384615385
0 0.49278846153846156 0.5060096153846154 0.038461538461538464 0.08173076923076923
0 0.39663461538461536 0.10096153846153846 0.14423076923076922 0.20192307692307693
0 0.34975961538461536 0.2920673076923077 0.25721153846153844 0.40384615384615385
0 0.29447115384615385 0.5805288461538461 0.08173076923076923 0.2692307692307692
0 0.21033653846153846 0.8004807692307693 0.20192307692307693 0.3870192307692308
0 0.34134615384615385 0.9254807692307693 0.1201923076923077 0.13701923076923078
0 0.35096153846153844 0.8125 0.08173076923076923 0.125
0 0.1201923076923077 0.6454326923076923 0.2403846153846154 0.3870192307692308
0 0.05889423076923077 0.8894230769230769 0.11538461538461539 0.20673076923076922
0 0.21875 0.3245192307692308 0.15865384615384615 0.47115384615384615
0 0.12379807692307693 0.22956730769230768 0.15384615384615385 0.4567307692307692
0 0.22956730769230768 0.0625 0.1778846153846154 0.125
0 0.04567307692307692 0.0625 0.09134615384615384 0.125
0 0.046875 0.27403846153846156 0.09375 0.2980769230769231
0 0.0625 0.4735576923076923 0.125 0.1971153846153846