0 0.375 0.24519230769230768 0.47596153846153844 0.4807692307692308
0 0.6574519230769231 0.3557692307692308 0.14423076923076922 0.1875
0 0.7704326923076923 0.5757211538461539 0.22355769230769232 0.3125
0 0.8858173076923077 0.4338942307692308 0.08653846153846154 0.2932692307692308
0 0.9350961538461539 0.41947115384615385 0.1201923076923077 0.32211538461538464
0 0.9194711538461539 0.171875 0.14423076923076922 0.16105769230769232
0 0.9290865384615384 0.08052884615384616 0.10096153846153846 0.15144230769230768
0 0.7980769230769231 0.0985576923076923 0.13701923076923078 0.1875
0 0.6959134615384616 0.1466346153846154 0.19951923076923078 0.28365384615384615
0 0.6237980769230769 0.03485576923076923 0.07692307692307693 0.05048076923076923
0 0.7800480769230769 0.2824519230769231 0.18028846153846154 0.17307692307692307
0 0.4879807692307692 0.6057692307692307 0.42788461538461536 0.5865384615384616
0 0.6646634615384616 0.7776442307692307 0.15384615384615385 0.1201923076923077
0 0.5564903846153846 0.8461538461538461 0.16346153846153846 0.15625
0 0.921875 0.9543269230769231 0.07692307692307693 0.06009615384615385
0 0.5576923076923077 0.9711538461538461 0.18269230769230768 0.052884615384615384
0 0.3389423076923077 0.7692307692307693 0.25 0.4567307692307692
0 0.15144230769230768 0.3557692307692308 0.19230769230769232 0.47115384615384615
0 0.09975961538461539 0.7752403846153846 0.19951923076923078 0.23557692307692307
0 0.046875 0.6394230769230769 0.09375 0.23557692307692307
0 0.13581730769230768 0.6105769230769231 0.07451923076923077 0.07211538461538461