0 0.8269230769230769 0.06490384615384616 0.15625 0.12259615384615384
0 0.6887019230769231 0.025240384615384616 0.13221153846153846 0.04326923076923077
0 0.7512019230769231 0.08413461538461539 0.10096153846153846 0.06971153846153846
0 0.6730769230769231 0.0985576923076923 0.125 0.0985576923076923
0 0.5625 0.040865384615384616 0.13221153846153846 0.07692307692307693
0 0.49759615384615385 0.09375 0.1201923076923077 0.057692307692307696
0 0.578125 0.0985576923076923 0.052884615384615384 0.038461538461538464
0 0.37740384615384615 0.08413461538461539 0.1778846153846154 0.0889423076923077
0 0.4074519230769231 0.03245192307692308 0.13221153846153846 0.057692307692307696
0 0.25721153846153844 0.11057692307692307 0.19230769230769232 0.06971153846153846
0 0.2127403846153846 0.078125 0.17307692307692307 0.057692307692307696
0 0.2091346153846154 0.02283653846153846 0.28846153846153844 0.038461538461538464
0 0.11658653846153846 0.056490384615384616 0.2091346153846154 0.10576923076923077
0 0.15865384615384615 0.14302884615384615 0.125 0.02403846153846154
0 0.07692307692307693 0.125 0.14903846153846154 0.0673076923076923
0 0.046875 0.04447115384615385 0.0889423076923077 0.08413461538461539
0 0.17307692307692307 0.2776442307692308 0.16826923076923078 0.09134615384615384
0 0.23317307692307693 0.19591346153846154 0.15625 0.10096153846153846
0 0.36177884615384615 0.19591346153846154 0.17307692307692307 0.11538461538461539
0 0.3173076923076923 0.3112980769230769 0.1778846153846154 0.12259615384615384
0 0.19110576923076922 0.3449519230769231 0.13221153846153846 0.0625
0 0.06129807692307692 0.24879807692307693 0.11778846153846154 0.08413461538461539
0 0.028846153846153848 0.20673076923076922 0.052884615384615384 0.0673076923076923
0 0.078125 0.32211538461538464 0.10817307692307693 0.06971153846153846
0 0.019230769230769232 0.34134615384615385 0.03365384615384615 0.057692307692307696
0 0.016826923076923076 0.27884615384615385 0.028846153846153848 0.0673076923076923
0 0.6670673076923077 0.1778846153846154 0.35336538461538464 0.0673076923076923
0 0.6850961538461539 0.24759615384615385 0.28125 0.08653846153846154
0 0.5444711538461539 0.24879807692307693 0.3701923076923077 0.09615384615384616
0 0.44591346153846156 0.28846153846153844 0.2692307692307692 0.17548076923076922
0 0.4879807692307692 0.33653846153846156 0.16346153846153846 0.08653846153846154
0 0.6021634615384616 0.3269230769230769 0.23317307692307693 0.10576923076923077
0 0.5865384615384616 0.37740384615384615 0.14423076923076922 0.09615384615384616
0 0.6262019230769231 0.3858173076923077 0.1971153846153846 0.16346153846153846
0 0.7572115384615384 0.328125 0.14903846153846154 0.14903846153846154
0 0.7608173076923077 0.37259615384615385 0.13221153846153846 0.08653846153846154
0 0.11057692307692307 0.9543269230769231 0.11538461538461539 0.08653846153846154
0 0.171875 0.9771634615384616 0.05048076923076923 0.040865384615384616
0 0.17668269230769232 0.9411057692307693 0.0673076923076923 0.03365384615384615
0 0.17067307692307693 0.90625 0.052884615384615384 0.028846153846153848
0 0.21875 0.8990384615384616 0.0673076923076923 0.04326923076923077
0 0.26322115384615385 0.9387019230769231 0.1201923076923077 0.06971153846153846
0 0.28125 0.8978365384615384 0.07211538461538461 0.03365384615384615
0 0.33533653846153844 0.9194711538461539 0.07211538461538461 0.05048076923076923
0 0.33774038461538464 0.96875 0.10336538461538461 0.057692307692307696
0 0.2620192307692308 0.9855769230769231 0.08653846153846154 0.02403846153846154
0 0.4375 0.9783653846153846 0.10096153846153846 0.038461538461538464
0 0.48197115384615385 0.9411057692307693 0.125 0.057692307692307696
0 0.5504807692307693 0.9771634615384616 0.1346153846153846 0.040865384615384616
0 0.6526442307692307 0.9675480769230769 0.12259615384615384 0.06009615384615385
0 0.7247596153846154 0.8966346153846154 0.1778846153846154 0.11538461538461539
0 0.8557692307692307 0.8569711538461539 0.1778846153846154 0.0889423076923077
0 0.65625 0.8052884615384616 0.14903846153846154 0.0673076923076923
0 0.6141826923076923 0.8677884615384616 0.0673076923076923 0.0673076923076923
0 0.7451923076923077 0.8221153846153846 0.052884615384615384 0.038461538461538464
0 0.8497596153846154 0.9411057692307693 0.15625 0.08653846153846154
0 0.8329326923076923 0.765625 0.21634615384615385 0.11298076923076923
0 0.8978365384615384 0.7091346153846154 0.19230769230769232 0.13221153846153846
0 0.7067307692307693 0.6274038461538461 0.2403846153846154 0.1201923076923077
0 0.6466346153846154 0.7139423076923077 0.20192307692307693 0.09615384615384616
0 0.5144230769230769 0.7800480769230769 0.09615384615384616 0.06971153846153846
0 0.5084134615384616 0.8497596153846154 0.1201923076923077 0.06971153846153846
0 0.5144230769230769 0.9026442307692307 0.08413461538461539 0.04326923076923077
0 0.421875 0.8810096153846154 0.09134615384615384 0.057692307692307696
0 0.4098557692307692 0.8064903846153846 0.13942307692307693 0.09615384615384616
0 0.36538461538461536 0.7524038461538461 0.10817307692307693 0.04567307692307692
0 0.4338942307692308 0.7487980769230769 0.052884615384615384 0.026442307692307692
0 0.3088942307692308 0.7920673076923077 0.09134615384615384 0.0673076923076923
0 0.32091346153846156 0.8545673076923077 0.09134615384615384 0.057692307692307696
0 0.2091346153846154 0.7427884615384616 0.10817307692307693 0.06009615384615385
0 0.0985576923076923 0.7271634615384616 0.125 0.0625
0 0.1045673076923077 0.7872596153846154 0.13942307692307693 0.06971153846153846
0 0.21875 0.7956730769230769 0.10096153846153846 0.052884615384615384
0 0.17908653846153846 0.8449519230769231 0.14423076923076922 0.07211538461538461
0 0.016826923076923076 0.7524038461538461 0.028846153846153848 0.052884615384615384
0 0.016826923076923076 0.6959134615384616 0.028846153846153848 0.06009615384615385
0 0.07932692307692307 0.6454326923076923 0.15384615384615385 0.10336538461538461
0 0.15264423076923078 0.5841346153846154 0.1971153846153846 0.10576923076923077
0 0.1971153846153846 0.6814903846153846 0.1201923076923077 0.08173076923076923
0 0.32091346153846156 0.625 0.13942307692307693 0.11538461538461539
0 0.41586538461538464 0.6105769230769231 0.28125 0.0985576923076923
0 0.4699519230769231 0.6887019230769231 0.1971153846153846 0.07692307692307693
0 0.34975961538461536 0.6935096153846154 0.16346153846153846 0.07932692307692307
0 0.9435096153846154 0.42427884615384615 0.10096153846153846 0.028846153846153848
0 0.9459134615384616 0.45552884615384615 0.09615384615384616 0.026442307692307692
0 0.9735576923076923 0.4387019230769231 0.04326923076923077 0.019230769230769232
0 0.9194711538461539 0.4723557692307692 0.14903846153846154 0.038461538461538464
0 0.921875 0.4963942307692308 0.07211538461538461 0.02403846153846154
0 0.9555288461538461 0.5048076923076923 0.07692307692307693 0.038461538461538464
0 0.9639423076923077 0.5348557692307693 0.036057692307692304 0.026442307692307692
0 0.921875 0.5576923076923077 0.10817307692307693 0.04567307692307692
0 0.8497596153846154 0.5805288461538461 0.14423076923076922 0.026442307692307692
0 0.8617788461538461 0.53125 0.06009615384615385 0.08653846153846154
0 0.9038461538461539 0.5432692307692307 0.04807692307692308 0.028846153846153848
0 0.859375 0.53125 0.052884615384615384 0.08653846153846154
0 0.8173076923076923 0.5264423076923077 0.09134615384615384 0.0889423076923077
0 0.8173076923076923 0.49399038461538464 0.0673076923076923 0.0889423076923077
0 0.7908653846153846 0.4807692307692308 0.06009615384615385 0.0625
0 0.7848557692307693 0.5853365384615384 0.06009615384615385 0.09615384615384616
0 0.7307692307692307 0.5084134615384616 0.04807692307692308 0.07932692307692307
0 0.7512019230769231 0.4807692307692308 0.028846153846153848 0.057692307692307696
0 0.7608173076923077 0.43509615384615385 0.25 0.026442307692307692
0 0.8173076923076923 0.40865384615384615 0.3173076923076923 0.026442307692307692
0 0.6502403846153846 0.49158653846153844 0.125 0.07211538461538461
0 0.6466346153846154 0.5192307692307693 0.13221153846153846 0.0625
0 0.6790865384615384 0.5588942307692307 0.14903846153846154 0.04326923076923077
0 0.5805288461538461 0.5564903846153846 0.06009615384615385 0.028846153846153848
0 0.6262019230769231 0.5492788461538461 0.10096153846153846 0.0625
0 0.5360576923076923 0.5384615384615384 0.0673076923076923 0.07932692307692307
0 0.5300480769230769 0.5673076923076923 0.0673076923076923 0.09134615384615384
0 0.4879807692307692 0.5576923076923077 0.09134615384615384 0.1201923076923077
0 0.5 0.48197115384615385 0.17307692307692307 0.026442307692307692
0 0.4795673076923077 0.4951923076923077 0.04807692307692308 0.10576923076923077
0 0.4735576923076923 0.4170673076923077 0.1201923076923077 0.028846153846153848
0 0.41586538461538464 0.4338942307692308 0.04326923076923077 0.04807692307692308
0 0.3798076923076923 0.5276442307692307 0.13942307692307693 0.057692307692307696
0 0.3858173076923077 0.5576923076923077 0.11538461538461539 0.0673076923076923
0 0.37740384615384615 0.4951923076923077 0.14423076923076922 0.0673076923076923
0 0.3473557692307692 0.4855769230769231 0.07211538461538461 0.052884615384615384
0 0.3713942307692308 0.5252403846153846 0.14423076923076922 0.019230769230769232
0 0.34375 0.42788461538461536 0.10096153846153846 0.016826923076923076
0 0.33533653846153844 0.4411057692307692 0.08413461538461539 0.036057692307692304
0 0.2127403846153846 0.41947115384615385 0.16346153846153846 0.026442307692307692
0 0.20673076923076922 0.44350961538461536 0.18509615384615385 0.02403846153846154
0 0.2247596153846154 0.4735576923076923 0.125 0.02403846153846154
0 0.22716346153846154 0.49399038461538464 0.15625 0.02403846153846154
0 0.17668269230769232 0.5228365384615384 0.23317307692307693 0.028846153846153848
0 0.20072115384615385 0.5132211538461539 0.028846153846153848 0.09615384615384616
0 0.07692307692307693 0.5024038461538461 0.14903846153846154 0.038461538461538464
0 0.07692307692307693 0.4987980769230769 0.14903846153846154 0.03125
0 0.06490384615384616 0.46634615384615385 0.125 0.04326923076923077
0 0.036057692307692304 0.4387019230769231 0.04807692307692308 0.03365384615384615
0 0.056490384615384616 0.40865384615384615 0.07692307692307693 0.026442307692307692
0 0.1045673076923077 0.4423076923076923 0.0673076923076923 0.026442307692307692
0 0.10216346153846154 0.4254807692307692 0.07211538461538461 0.03365384615384615
0 0.09254807692307693 0.47716346153846156 0.07692307692307693 0.036057692307692304