0 0.8257211538461539 0.20432692307692307 0.1346153846153846 0.25961538461538464
0 0.9254807692307693 0.15745192307692307 0.07932692307692307 0.13942307692307693
0 0.9050480769230769 0.24519230769230768 0.04326923076923077 0.0625
0 0.734375 0.21394230769230768 0.06971153846153846 0.13942307692307693
0 0.7007211538461539 0.18509615384615385 0.09134615384615384 0.18269230769230768
0 0.6165865384615384 0.15144230769230768 0.09615384615384616 0.1778846153846154
0 0.59375 0.2608173076923077 0.12980769230769232 0.24519230769230768
0 0.6682692307692307 0.3737980769230769 0.0625 0.23317307692307693
0 0.6153846153846154 0.43990384615384615 0.07932692307692307 0.15144230769230768
0 0.6959134615384616 0.5444711538461539 0.07692307692307693 0.18269230769230768
0 0.7704326923076923 0.5817307692307693 0.07211538461538461 0.1201923076923077
0 0.5192307692307693 0.15985576923076922 0.06971153846153846 0.15865384615384615
0 0.42427884615384615 0.19230769230769232 0.29086538461538464 0.24519230769230768
0 0.4050480769230769 0.21394230769230768 0.23557692307692307 0.34134615384615385
0 0.5252403846153846 0.45913461538461536 0.10817307692307693 0.2644230769230769
0 0.3942307692307692 0.6225961538461539 0.25721153846153844 0.5769230769230769
0 0.49399038461538464 0.7584134615384616 0.1201923076923077 0.34615384615384615
0 0.38341346153846156 0.49038461538461536 0.09615384615384616 0.16346153846153846
0 0.3581730769230769 0.2860576923076923 0.18509615384615385 0.28365384615384615
0 0.29927884615384615 0.4807692307692308 0.08653846153846154 0.13221153846153846
0 0.22355769230769232 0.5096153846153846 0.08653846153846154 0.13942307692307693
0 0.3137019230769231 0.5625 0.1201923076923077 0.13221153846153846
0 0.2644230769230769 0.6670673076923077 0.11538461538461539 0.1778846153846154
0 0.1466346153846154 0.3641826923076923 0.2764423076923077 0.31490384615384615
0 0.17668269230769232 0.25841346153846156 0.08173076923076923 0.13942307692307693
0 0.20673076923076922 0.14783653846153846 0.0985576923076923 0.19471153846153846
0 0.29447115384615385 0.17668269230769232 0.07692307692307693 0.16346153846153846
0 0.24158653846153846 0.2548076923076923 0.04807692307692308 0.10817307692307693
0 0.13341346153846154 0.15745192307692307 0.07692307692307693 0.125
0 0.12379807692307693 0.2512019230769231 0.038461538461538464 0.0625
0 0.078125 0.18509615384615385 0.07932692307692307 0.13221153846153846
0 0.7199519230769231 0.42788461538461536 0.04807692307692308 0.10096153846153846
0 0.7487980769230769 0.484375 0.06009615384615385 0.07692307692307693
0 0.8016826923076923 0.5192307692307693 0.040865384615384616 0.10576923076923077
0 0.7896634615384616 0.4182692307692308 0.040865384615384616 0.10817307692307693
0 0.7584134615384616 0.36778846153846156 0.028846153846153848 0.10576923076923077
0 0.7151442307692307 0.33653846153846156 0.05048076923076923 0.09375
0 0.7487980769230769 0.32091346153846156 0.04807692307692308 0.10096153846153846
0 0.7896634615384616 0.3329326923076923 0.021634615384615384 0.0625
0 0.8161057692307693 0.36778846153846156 0.04326923076923077 0.09375
0 0.8317307692307693 0.453125 0.05048076923076923 0.10096153846153846
0 0.8497596153846154 0.49038461538461536 0.028846153846153848 0.05048076923076923
0 0.8665865384615384 0.4338942307692308 0.019230769230769232 0.05048076923076923
0 0.890625 0.39903846153846156 0.03365384615384615 0.04326923076923077
0 0.8966346153846154 0.33653846153846156 0.040865384615384616 0.06971153846153846
0 0.921875 0.33052884615384615 0.040865384615384616 0.09375
0 0.9098557692307693 0.2668269230769231 0.040865384615384616 0.057692307692307696
0 0.8737980769230769 0.29927884615384615 0.038461538461538464 0.06971153846153846
0 0.8545673076923077 0.3581730769230769 0.038461538461538464 0.08653846153846154
0 0.6141826923076923 0.5817307692307693 0.0889423076923077 0.2692307692307692
0 0.5961538461538461 0.546875 0.052884615384615384 0.13942307692307693
0 0.6766826923076923 0.6069711538461539 0.057692307692307696 0.20673076923076922