0 0.8521634615384616 0.30649038461538464 0.28365384615384615 0.4423076923076923
0 0.7259615384615384 0.4639423076923077 0.06971153846153846 0.028846153846153848
0 0.7740384615384616 0.47475961538461536 0.05048076923076923 0.03125
0 0.9338942307692307 0.9302884615384616 0.1201923076923077 0.10817307692307693
0 0.8617788461538461 0.9399038461538461 0.11298076923076923 0.06971153846153846
0 0.8425480769230769 0.984375 0.11298076923076923 0.026442307692307692
0 0.9495192307692307 0.8233173076923077 0.08653846153846154 0.11298076923076923
0 0.90625 0.734375 0.1778846153846154 0.07692307692307693
0 0.6826923076923077 0.7608173076923077 0.32211538461538464 0.13942307692307693
0 0.7548076923076923 0.8557692307692307 0.3269230769230769 0.13221153846153846
0 0.7800480769230769 0.9579326923076923 0.08653846153846154 0.04807692307692308
0 0.12259615384615384 0.9074519230769231 0.24519230769230768 0.18028846153846154
0 0.15745192307692307 0.8665865384615384 0.13942307692307693 0.04807692307692308
0 0.20432692307692307 0.9038461538461539 0.08173076923076923 0.040865384615384616
0 0.3076923076923077 0.9783653846153846 0.2403846153846154 0.038461538461538464
0 0.3329326923076923 0.9795673076923077 0.1875 0.028846153846153848
0 0.36778846153846156 0.9675480769230769 0.10576923076923077 0.028846153846153848
0 0.2668269230769231 0.9507211538461539 0.09375 0.028846153846153848
0 0.27403846153846156 0.8990384615384616 0.1201923076923077 0.057692307692307696
0 0.3269230769230769 0.9290865384615384 0.10096153846153846 0.040865384615384616
0 0.4182692307692308 0.8810096153846154 0.3076923076923077 0.15144230769230768
0 0.5528846153846154 0.8365384615384616 0.07692307692307693 0.04326923076923077
0 0.5853365384615384 0.8677884615384616 0.08653846153846154 0.057692307692307696
0 0.6129807692307693 0.9074519230769231 0.06971153846153846 0.036057692307692304
0 0.6850961538461539 0.9098557692307693 0.10096153846153846 0.04807692307692308
0 0.7415865384615384 0.9350961538461539 0.10096153846153846 0.036057692307692304
0 0.6887019230769231 0.9651442307692307 0.06971153846153846 0.038461538461538464
0 0.6262019230769231 0.9711538461538461 0.06971153846153846 0.05048076923076923
0 0.5913461538461539 0.9423076923076923 0.11298076923076923 0.036057692307692304
0 0.5252403846153846 0.9783653846153846 0.15865384615384615 0.038461538461538464
0 0.19831730769230768 0.75 0.39663461538461536 0.12980769230769232
0 0.21394230769230768 0.7644230769230769 0.42788461538461536 0.21394230769230768
0 0.47475961538461536 0.7704326923076923 0.16826923076923078 0.08173076923076923
0 0.4651442307692308 0.6021634615384616 0.49038461538461536 0.25
0 0.6790865384615384 0.5420673076923077 0.25 0.12259615384615384
0 0.8329326923076923 0.5709134615384616 0.20673076923076922 0.10336538461538461
0 0.9651442307692307 0.5552884615384616 0.057692307692307696 0.09615384615384616
0 0.8834134615384616 0.6418269230769231 0.22115384615384615 0.10576923076923077
0 0.7800480769230769 0.65625 0.20192307692307693 0.07211538461538461
0 0.07572115384615384 0.5516826923076923 0.15144230769230768 0.12980769230769232
0 0.06610576923076923 0.6334134615384616 0.13221153846153846 0.06009615384615385
0 0.19230769230769232 0.6322115384615384 0.13221153846153846 0.1201923076923077
0 0.20432692307692307 0.6286057692307693 0.057692307692307696 0.038461538461538464
0 0.1045673076923077 0.33052884615384615 0.2091346153846154 0.17067307692307693
0 0.2824519230769231 0.4266826923076923 0.25 0.16826923076923078
0 0.47115384615384615 0.3786057692307692 0.5673076923076923 0.23557692307692307
0 0.21033653846153846 0.5048076923076923 0.1201923076923077 0.06009615384615385
0 0.2512019230769231 0.5516826923076923 0.125 0.052884615384615384
0 0.3112980769230769 0.5096153846153846 0.09375 0.038461538461538464
0 0.12860576923076922 0.45072115384615385 0.10576923076923077 0.052884615384615384
0 0.08533653846153846 0.4266826923076923 0.10576923076923077 0.04807692307692308
0 0.038461538461538464 0.4651442307692308 0.07692307692307693 0.06490384615384616
0 0.09134615384615384 0.5048076923076923 0.1201923076923077 0.052884615384615384
0 0.040865384615384616 0.5300480769230769 0.08173076923076923 0.04807692307692308
0 0.11658653846153846 0.5661057692307693 0.09375 0.038461538461538464
0 0.14423076923076922 0.5396634615384616 0.11298076923076923 0.040865384615384616
0 0.5288461538461539 0.36778846153846156 0.37740384615384615 0.16826923076923078
0 0.6826923076923077 0.296875 0.04326923076923077 0.03365384615384615
0 0.40865384615384615 0.28966346153846156 0.16346153846153846 0.0625
0 0.44350961538461536 0.21875 0.15865384615384615 0.07692307692307693
0 0.3173076923076923 0.17908653846153846 0.15865384615384615 0.07692307692307693
0 0.3016826923076923 0.24879807692307693 0.125 0.07692307692307693
0 0.17668269230769232 0.21033653846153846 0.13942307692307693 0.07692307692307693
0 0.19471153846153846 0.13822115384615385 0.16346153846153846 0.07692307692307693
0 0.06370192307692307 0.17427884615384615 0.12740384615384615 0.07451923076923077
0 0.056490384615384616 0.21033653846153846 0.0625 0.02403846153846154
0 0.006009615384615385 0.19951923076923078 0.01201923076923077 0.028846153846153848
0 0.25841346153846156 0.27403846153846156 0.0625 0.019230769230769232
0 0.29927884615384615 0.2920673076923077 0.057692307692307696 0.02403846153846154
0 0.5853365384615384 0.2439903846153846 0.13942307692307693 0.09134615384615384
0 0.6850961538461539 0.203125 0.10096153846153846 0.15865384615384615
0 0.5625 0.18269230769230768 0.09375 0.05048076923076923
0 0.49399038461538464 0.15985576923076922 0.06971153846153846 0.03125
0 0.42788461538461536 0.16826923076923078 0.05048076923076923 0.021634615384615384
0 0.4375 0.14182692307692307 0.04326923076923077 0.02403846153846154
0 0.3581730769230769 0.11177884615384616 0.16346153846153846 0.07211538461538461
0 0.27403846153846156 0.07572115384615384 0.08173076923076923 0.03125
0 0.20432692307692307 0.08173076923076923 0.057692307692307696 0.038461538461538464
0 0.08533653846153846 0.11778846153846154 0.057692307692307696 0.028846153846153848
0 0.12620192307692307 0.06971153846153846 0.10096153846153846 0.05048076923076923
0 0.037259615384615384 0.039663461538461536 0.0625 0.03365384615384615