0 0.9314903846153846 0.0829326923076923 0.12740384615384615 0.038461538461538464
0 0.9603365384615384 0.13822115384615385 0.0673076923076923 0.09134615384615384
0 0.9338942307692307 0.23798076923076922 0.1201923076923077 0.10096153846153846
0 0.9555288461538461 0.3076923076923077 0.07932692307692307 0.04326923076923077
0 0.9254807692307693 0.36899038461538464 0.13701923076923078 0.07692307692307693
0 0.9495192307692307 0.4423076923076923 0.09134615384615384 0.08173076923076923
0 0.9471153846153846 0.5504807692307693 0.09615384615384616 0.08173076923076923
0 0.859375 0.49399038461538464 0.13221153846153846 0.09615384615384616
0 0.8016826923076923 0.41947115384615385 0.15384615384615385 0.09134615384615384
0 0.7728365384615384 0.375 0.08413461538461539 0.0673076923076923
0 0.6826923076923077 0.36177884615384615 0.13701923076923078 0.09375
0 0.7908653846153846 0.2956730769230769 0.16346153846153846 0.09134615384615384
0 0.7704326923076923 0.21514423076923078 0.16346153846153846 0.09375
0 0.8786057692307693 0.17427884615384615 0.12740384615384615 0.1466346153846154
0 0.7884615384615384 0.09495192307692307 0.16826923076923078 0.06490384615384616
0 0.7271634615384616 0.13822115384615385 0.18509615384615385 0.11298076923076923
0 0.6538461538461539 0.21153846153846154 0.0673076923076923 0.09375
0 0.6983173076923077 0.27163461538461536 0.0625 0.07211538461538461
0 0.6057692307692307 0.31490384615384615 0.1201923076923077 0.09615384615384616
0 0.6213942307692307 0.39302884615384615 0.1201923076923077 0.0673076923076923
0 0.6274038461538461 0.4795673076923077 0.15384615384615385 0.11057692307692307
0 0.7463942307692307 0.5072115384615384 0.09615384615384616 0.08653846153846154
0 0.5348557692307693 0.5192307692307693 0.11538461538461539 0.08653846153846154
0 0.41586538461538464 0.5372596153846154 0.1201923076923077 0.08653846153846154
0 0.30649038461538464 0.5360576923076923 0.12740384615384615 0.11057692307692307
0 0.38341346153846156 0.46634615384615385 0.10096153846153846 0.08653846153846154
0 0.4951923076923077 0.421875 0.15384615384615385 0.11538461538461539
0 0.4423076923076923 0.38221153846153844 0.1201923076923077 0.09615384615384616
0 0.47115384615384615 0.31490384615384615 0.13701923076923078 0.07451923076923077
0 0.5685096153846154 0.25240384615384615 0.14423076923076922 0.10817307692307693
0 0.5504807692307693 0.12980769230769232 0.17067307692307693 0.12980769230769232
0 0.640625 0.0829326923076923 0.12740384615384615 0.038461538461538464
0 0.46033653846153844 0.10096153846153846 0.10576923076923077 0.07451923076923077
0 0.4254807692307692 0.21033653846153846 0.14423076923076922 0.1201923076923077
0 0.47115384615384615 0.25240384615384615 0.052884615384615384 0.04807692307692308
0 0.3125 0.2848557692307692 0.18028846153846154 0.12740384615384615
0 0.3545673076923077 0.24158653846153846 0.13701923076923078 0.08653846153846154
0 0.2247596153846154 0.16826923076923078 0.16346153846153846 0.10576923076923077
0 0.3233173076923077 0.12139423076923077 0.18028846153846154 0.11538461538461539
0 0.21394230769230768 0.09495192307692307 0.057692307692307696 0.06490384615384616
0 0.12980769230769232 0.09014423076923077 0.11057692307692307 0.038461538461538464
0 0.18028846153846154 0.3629807692307692 0.13701923076923078 0.1201923076923077
0 0.23557692307692307 0.45072115384615385 0.10096153846153846 0.07211538461538461
0 0.22956730769230768 0.5204326923076923 0.09134615384615384 0.0673076923076923
0 0.12139423076923077 0.5360576923076923 0.13701923076923078 0.08173076923076923
0 0.11899038461538461 0.4963942307692308 0.1201923076923077 0.07211538461538461
0 0.13701923076923078 0.42908653846153844 0.08413461538461539 0.07211538461538461
0 0.054086538461538464 0.38100961538461536 0.10336538461538461 0.12259615384615384
0 0.09014423076923077 0.32572115384615385 0.08413461538461539 0.06009615384615385
0 0.030048076923076924 0.2848557692307692 0.055288461538461536 0.10336538461538461
0 0.13221153846153846 0.23557692307692307 0.20192307692307693 0.14182692307692307
0 0.021634615384615384 0.1778846153846154 0.04326923076923077 0.09375
0 0.03485576923076923 0.09495192307692307 0.06971153846153846 0.0625
0 0.07932692307692307 0.13341346153846154 0.11778846153846154 0.0625
0 0.046875 0.4651442307692308 0.0889423076923077 0.07451923076923077
0 0.027644230769230768 0.5360576923076923 0.05048076923076923 0.07692307692307693
0 0.5709134615384616 0.6466346153846154 0.11538461538461539 0.07692307692307693
0 0.7091346153846154 0.6586538461538461 0.13701923076923078 0.08173076923076923
0 0.8461538461538461 0.6682692307692307 0.14903846153846154 0.07692307692307693
0 0.9447115384615384 0.7055288461538461 0.10096153846153846 0.07692307692307693
0 0.9158653846153846 0.7487980769230769 0.08413461538461539 0.08173076923076923
0 0.9711538461538461 0.7728365384615384 0.04807692307692308 0.0625
0 0.9471153846153846 0.8293269230769231 0.09615384615384616 0.08653846153846154
0 0.9819711538461539 0.8930288461538461 0.026442307692307692 0.04807692307692308
0 0.8966346153846154 0.8930288461538461 0.14423076923076922 0.08653846153846154
0 0.9711538461538461 0.9387019230769231 0.04807692307692308 0.057692307692307696
0 0.9074519230769231 0.9651442307692307 0.17548076923076922 0.06490384615384616
0 0.7884615384615384 0.9254807692307693 0.09615384615384616 0.09615384615384616
0 0.8100961538461539 0.9891826923076923 0.03365384615384615 0.016826923076923076
0 0.7487980769230769 0.8557692307692307 0.10096153846153846 0.10817307692307693
0 0.8233173076923077 0.8221153846153846 0.15384615384615385 0.10096153846153846
0 0.8016826923076923 0.7355769230769231 0.14423076923076922 0.08653846153846154
0 0.6875 0.7728365384615384 0.12740384615384615 0.07692307692307693
0 0.6322115384615384 0.7211538461538461 0.15384615384615385 0.10817307692307693
0 0.6502403846153846 0.8581730769230769 0.11538461538461539 0.10576923076923077
0 0.6826923076923077 0.9302884615384616 0.11538461538461539 0.0625
0 0.7379807692307693 0.9771634615384616 0.1201923076923077 0.04326923076923077
0 0.6201923076923077 0.9615384615384616 0.14903846153846154 0.07211538461538461
0 0.5396634615384616 0.9230769230769231 0.11538461538461539 0.09375
0 0.47716346153846156 0.9699519230769231 0.13221153846153846 0.055288461538461536
0 0.35216346153846156 0.9783653846153846 0.10336538461538461 0.038461538461538464
0 0.23798076923076922 0.9783653846153846 0.12980769230769232 0.038461538461538464
0 0.13822115384615385 0.9663461538461539 0.0889423076923077 0.0625
0 0.06971153846153846 0.9867788461538461 0.10096153846153846 0.021634615384615384
0 0.08774038461538461 0.9435096153846154 0.09134615384615384 0.052884615384615384
0 0.203125 0.9326923076923077 0.10096153846153846 0.04326923076923077
0 0.3173076923076923 0.9423076923076923 0.11778846153846154 0.07211538461538461
0 0.39663461538461536 0.9122596153846154 0.10576923076923077 0.09375
0 0.47836538461538464 0.8629807692307693 0.10096153846153846 0.07692307692307693
0 0.46033653846153844 0.9194711538461539 0.04326923076923077 0.0625
0 0.23317307692307693 0.8617788461538461 0.12740384615384615 0.09615384615384616
0 0.3173076923076923 0.8858173076923077 0.07451923076923077 0.057692307692307696
0 0.1141826923076923 0.8834134615384616 0.13221153846153846 0.0673076923076923
0 0.030048076923076924 0.9122596153846154 0.055288461538461536 0.07932692307692307
0 0.025240384615384616 0.8341346153846154 0.04567307692307692 0.07692307692307693
0 0.10576923076923077 0.8197115384615384 0.11538461538461539 0.09615384615384616
0 0.21394230769230768 0.7824519230769231 0.13221153846153846 0.08173076923076923
0 0.3125 0.8245192307692307 0.08413461538461539 0.08173076923076923
0 0.4026442307692308 0.8125 0.14903846153846154 0.10576923076923077
0 0.31009615384615385 0.7644230769230769 0.07932692307692307 0.038461538461538464
0 0.36538461538461536 0.7175480769230769 0.12740384615384615 0.10096153846153846
0 0.4891826923076923 0.7379807692307693 0.12259615384615384 0.09615384615384616
0 0.5685096153846154 0.7475961538461539 0.09134615384615384 0.11538461538461539
0 0.5576923076923077 0.8317307692307693 0.11057692307692307 0.07451923076923077
0 0.49158653846153844 0.8052884615384616 0.052884615384615384 0.052884615384615384
0 0.4891826923076923 0.6550480769230769 0.0673076923076923 0.052884615384615384
0 0.4098557692307692 0.6466346153846154 0.11057692307692307 0.0625
0 0.25721153846153844 0.7043269230769231 0.1201923076923077 0.09134615384615384
0 0.24879807692307693 0.6514423076923077 0.09615384615384616 0.04326923076923077
0 0.33052884615384615 0.6514423076923077 0.0673076923076923 0.052884615384615384
0 0.13701923076923078 0.6706730769230769 0.12740384615384615 0.08173076923076923
0 0.12740384615384615 0.7439903846153846 0.12740384615384615 0.07692307692307693
0 0.04326923076923077 0.6947115384615384 0.08173076923076923 0.08173076923076923
0 0.030048076923076924 0.765625 0.055288461538461536 0.07932692307692307