0 0.4182692307692308 0.7403846153846154 0.21153846153846154 0.21634615384615385
0 0.5396634615384616 0.6466346153846154 0.13942307692307693 0.21634615384615385
0 0.3557692307692308 0.6574519230769231 0.15144230769230768 0.11538461538461539
0 0.3112980769230769 0.5336538461538461 0.25 0.2403846153846154
0 0.6598557692307693 0.6778846153846154 0.2091346153846154 0.21634615384615385
0 0.7091346153846154 0.5492788461538461 0.22596153846153846 0.16346153846153846
0 0.7379807692307693 0.40625 0.21153846153846154 0.21634615384615385
0 0.5024038461538461 0.42427884615384615 0.2403846153846154 0.24519230769230768
0 0.27163461538461536 0.3112980769230769 0.20432692307692307 0.21153846153846154
0 0.3137019230769231 0.4182692307692308 0.13942307692307693 0.11538461538461539
0 0.38221153846153844 0.3004807692307692 0.11538461538461539 0.18269230769230768
0 0.5048076923076923 0.19110576923076922 0.2091346153846154 0.22115384615384615
0 0.6574519230769231 0.2776442307692308 0.15865384615384615 0.13942307692307693