0 0.08052884615384616 0.22355769230769232 0.15384615384615385 0.15384615384615385
0 0.22596153846153846 0.2860576923076923 0.14903846153846154 0.10817307692307693
0 0.10336538461538461 0.3942307692307692 0.14423076923076922 0.10817307692307693
0 0.020432692307692308 0.39903846153846156 0.03365384615384615 0.11538461538461539
0 0.12259615384615384 0.44350961538461536 0.10576923076923077 0.12980769230769232
0 0.04807692307692308 0.46153846153846156 0.0889423076923077 0.08653846153846154
0 0.3016826923076923 0.4735576923076923 0.125 0.1466346153846154
0 0.49759615384615385 0.3173076923076923 0.17548076923076922 0.14182692307692307
0 0.9266826923076923 0.11298076923076923 0.14182692307692307 0.09134615384615384
0 0.7992788461538461 0.375 0.10576923076923077 0.07932692307692307
0 0.9759615384615384 0.42908653846153844 0.04326923076923077 0.08413461538461539
0 0.6634615384615384 0.6382211538461539 0.15625 0.09615384615384616
0 0.7788461538461539 0.7139423076923077 0.13942307692307693 0.11538461538461539
0 0.6502403846153846 0.7608173076923077 0.13942307692307693 0.10817307692307693
0 0.5072115384615384 0.7367788461538461 0.14903846153846154 0.09615384615384616
0 0.3641826923076923 0.828125 0.1201923076923077 0.08653846153846154
0 0.14543269230769232 0.7199519230769231 0.1346153846153846 0.10336538461538461
0 0.025240384615384616 0.6923076923076923 0.04326923076923077 0.11538461538461539
0 0.039663461538461536 0.7848557692307693 0.06971153846153846 0.08653846153846154
0 0.12259615384615384 0.828125 0.125 0.09615384615384616
0 0.32211538461538464 0.9242788461538461 0.15625 0.10817307692307693
0 0.43509615384615385 0.8858173076923077 0.11538461538461539 0.09134615384615384
0 0.5120192307692307 0.8341346153846154 0.12980769230769232 0.0985576923076923
0 0.5456730769230769 0.9290865384615384 0.1346153846153846 0.09134615384615384
0 0.46033653846153844 0.9579326923076923 0.12259615384615384 0.07932692307692307
0 0.33653846153846156 0.984375 0.07211538461538461 0.028846153846153848
0 0.11538461538461539 0.984375 0.10096153846153846 0.028846153846153848
0 0.12259615384615384 0.9483173076923077 0.125 0.052884615384615384
0 0.6129807692307693 0.8389423076923077 0.11057692307692307 0.06490384615384616
0 0.6610576923076923 0.9326923076923077 0.13221153846153846 0.08173076923076923
0 0.7608173076923077 0.8557692307692307 0.12980769230769232 0.0985576923076923
0 0.8966346153846154 0.8401442307692307 0.125 0.07692307692307693
0 0.8341346153846154 0.9074519230769231 0.10096153846153846 0.08173076923076923
0 0.7848557692307693 0.9747596153846154 0.14182692307692307 0.04567307692307692