1 0.12259615384615384 0.7572115384615384 0.23076923076923078 0.47836538461538464
1 0.07572115384615384 0.8954326923076923 0.13942307692307693 0.15865384615384615
1 0.1045673076923077 0.5925480769230769 0.1971153846153846 0.10576923076923077
1 0.055288461538461536 0.7019230769230769 0.0985576923076923 0.2692307692307692
1 0.15384615384615385 0.27163461538461536 0.2980769230769231 0.31009615384615385
1 0.15504807692307693 0.10096153846153846 0.3004807692307692 0.1971153846153846
1 0.3401442307692308 0.09495192307692307 0.19471153846153846 0.18509615384615385
1 0.4375 0.07692307692307693 0.19230769230769232 0.14903846153846154
1 0.5877403846153846 0.06370192307692307 0.27884615384615385 0.125
1 0.3317307692307692 0.5576923076923077 0.5120192307692307 0.15865384615384615
1 0.5673076923076923 0.9471153846153846 0.5192307692307693 0.0985576923076923
1 0.32572115384615385 0.7548076923076923 0.13942307692307693 0.09615384615384616
1 0.6802884615384616 0.9098557692307693 0.5913461538461539 0.17548076923076922
1 0.6598557692307693 0.7872596153846154 0.4951923076923077 0.10576923076923077
1 0.5925480769230769 0.8040865384615384 0.3605769230769231 0.07692307692307693
1 0.5324519230769231 0.8209134615384616 0.25 0.057692307692307696
1 0.9146634615384616 0.8677884615384616 0.1658653846153846 0.10096153846153846
1 0.7295673076923077 0.2644230769230769 0.21634615384615385 0.4879807692307692
1 0.5637019230769231 0.3016826923076923 0.2091346153846154 0.36538461538461536
1 0.4387019230769231 0.3137019230769231 0.18028846153846154 0.33413461538461536
1 0.23197115384615385 0.33413461538461536 0.30288461538461536 0.2932692307692308
1 0.9603365384615384 0.5072115384615384 0.07451923076923077 0.16826923076923078
1 0.8894230769230769 0.5120192307692307 0.10576923076923077 0.15865384615384615
1 0.9194711538461539 0.6430288461538461 0.15625 0.11778846153846154
1 0.7728365384615384 0.625 0.11538461538461539 0.11057692307692307
1 0.6370192307692307 0.6105769230769231 0.14423076923076922 0.0889423076923077
1 0.6742788461538461 0.5276442307692307 0.3485576923076923 0.08653846153846154
1 0.6850961538461539 0.7199519230769231 0.625 0.15144230769230768
1 0.9002403846153846 0.14543269230769232 0.19471153846153846 0.27163461538461536
1 0.8317307692307693 0.3605769230769231 0.09134615384615384 0.13942307692307693
1 0.9314903846153846 0.36899038461538464 0.13221153846153846 0.18509615384615385