1 0.10096153846153846 0.8004807692307693 0.1875 0.38221153846153844
1 0.109375 0.6322115384615384 0.125 0.21875
1 0.08173076923076923 0.53125 0.14903846153846154 0.15625
1 0.10576923076923077 0.38221153846153844 0.11778846153846154 0.09375
1 0.03125 0.2692307692307692 0.04807692307692308 0.14903846153846154
1 0.03125 0.4026442307692308 0.04807692307692308 0.10096153846153846
1 0.171875 0.421875 0.09375 0.125
1 0.9399038461538461 0.21153846153846154 0.11538461538461539 0.28365384615384615
1 0.84375 0.24639423076923078 0.11057692307692307 0.21153846153846154
1 0.7572115384615384 0.2692307692307692 0.07692307692307693 0.18028846153846154
1 0.6838942307692307 0.296875 0.06971153846153846 0.1875
1 0.6129807692307693 0.3125 0.06971153846153846 0.13942307692307693
1 0.5625 0.3245192307692308 0.0625 0.13221153846153846
1 0.5072115384615384 0.3401442307692308 0.04807692307692308 0.10096153846153846
1 0.46875 0.3557692307692308 0.03125 0.10096153846153846
1 0.4375 0.3557692307692308 0.03125 0.10096153846153846
1 0.40625 0.3786057692307692 0.03125 0.06971153846153846
1 0.3713942307692308 0.3942307692307692 0.02403846153846154 0.06971153846153846
1 0.328125 0.484375 0.07692307692307693 0.125
1 0.2692307692307692 0.4723557692307692 0.055288461538461536 0.10096153846153846
1 0.9170673076923077 0.4735576923076923 0.16105769230769232 0.24519230769230768
1 0.7884615384615384 0.4182692307692308 0.09375 0.11778846153846154
1 0.7115384615384616 0.421875 0.07692307692307693 0.11057692307692307
1 0.640625 0.4254807692307692 0.09375 0.08653846153846154
1 0.5588942307692307 0.4254807692307692 0.08653846153846154 0.06971153846153846
1 0.49278846153846156 0.4254807692307692 0.04807692307692308 0.055288461538461536
1 0.453125 0.43028846153846156 0.03125 0.04807692307692308
1 0.421875 0.4338942307692308 0.04807692307692308 0.038461538461538464
1 0.3942307692307692 0.4375 0.02403846153846154 0.014423076923076924
1 0.8677884615384616 0.5697115384615384 0.23557692307692307 0.1875
1 0.7115384615384616 0.546875 0.07692307692307693 0.13942307692307693
1 0.6322115384615384 0.53125 0.0625 0.125
1 0.546875 0.5120192307692307 0.09375 0.10096153846153846
1 0.4567307692307692 0.5036057692307693 0.08653846153846154 0.08653846153846154
1 0.3942307692307692 0.5036057692307693 0.055288461538461536 0.08653846153846154
1 0.8653846153846154 0.7439903846153846 0.2644230769230769 0.2091346153846154
1 0.6947115384615384 0.6802884615384616 0.09375 0.13942307692307693
1 0.6213942307692307 0.6490384615384616 0.06971153846153846 0.125
1 0.5348557692307693 0.6129807692307693 0.08653846153846154 0.10096153846153846
1 0.453125 0.5865384615384616 0.07692307692307693 0.07692307692307693
1 0.3942307692307692 0.5588942307692307 0.038461538461538464 0.038461538461538464