1 0.46875 0.4254807692307692 0.4855769230769231 0.6177884615384616
1 0.36778846153846156 0.5036057692307693 0.21875 0.18028846153846154
1 0.375 0.671875 0.21875 0.28125
1 0.5588942307692307 0.8125 0.14903846153846154 0.25
1 0.4495192307692308 0.8052884615384616 0.10096153846153846 0.17307692307692307
1 0.6286057692307693 0.6802884615384616 0.13221153846153846 0.17307692307692307
1 0.5625 0.6009615384615384 0.15625 0.17307692307692307
1 0.5192307692307693 0.515625 0.08653846153846154 0.1875
1 0.6177884615384616 0.4651442307692308 0.11057692307692307 0.13221153846153846
1 0.6682692307692307 0.4807692307692308 0.055288461538461536 0.11778846153846154
1 0.6526442307692307 0.7620192307692307 0.08653846153846154 0.10096153846153846