1 0.23918269230769232 0.36177884615384615 0.2283653846153846 0.44711538461538464
1 0.20793269230769232 0.75 0.1201923076923077 0.3557692307692308
1 0.3485576923076923 0.7271634615384616 0.17067307692307693 0.4110576923076923
1 0.7524038461538461 0.5985576923076923 0.23557692307692307 0.7596153846153846
1 0.5396634615384616 0.7680288461538461 0.1971153846153846 0.3557692307692308
1 0.49759615384615385 0.6610576923076923 0.12980769230769232 0.10576923076923077
1 0.48197115384615385 0.5396634615384616 0.25 0.14423076923076922
1 0.453125 0.3485576923076923 0.21875 0.2692307692307692
1 0.3858173076923077 0.16706730769230768 0.20192307692307693 0.16346153846153846
1 0.6177884615384616 0.15625 0.27403846153846156 0.2764423076923077
1 0.671875 0.38221153846153844 0.20192307692307693 0.4423076923076923