1 0.7992788461538461 0.6490384615384616 0.08173076923076923 0.35096153846153844
1 0.7920673076923077 0.32211538461538464 0.052884615384615384 0.28125
1 0.7451923076923077 0.45072115384615385 0.11057692307692307 0.38461538461538464
1 0.6646634615384616 0.7223557692307693 0.07211538461538461 0.25
1 0.6057692307692307 0.5612980769230769 0.08173076923076923 0.3269230769230769
1 0.6526442307692307 0.2548076923076923 0.0673076923076923 0.2860576923076923
1 0.5865384615384616 0.2548076923076923 0.06490384615384616 0.2860576923076923
1 0.5204326923076923 0.2512019230769231 0.07451923076923077 0.28125
1 0.5456730769230769 0.6225961538461539 0.09134615384615384 0.4735576923076923
1 0.4266826923076923 0.5324519230769231 0.08653846153846154 0.46634615384615385
1 0.43990384615384615 0.33653846153846156 0.06490384615384616 0.31009615384615385
1 0.3605769230769231 0.7716346153846154 0.08173076923076923 0.2692307692307692
1 0.30408653846153844 0.5084134615384616 0.10576923076923077 0.3269230769230769
1 0.34375 0.2608173076923077 0.0889423076923077 0.2644230769230769
1 0.13942307692307693 0.3161057692307692 0.08173076923076923 0.25721153846153844
1 0.18389423076923078 0.5084134615384616 0.11057692307692307 0.4206730769230769
1 0.23798076923076922 0.20793269230769232 0.08173076923076923 0.19230769230769232
1 0.2247596153846154 0.6754807692307693 0.09615384615384616 0.32211538461538464
5 0.7716346153846154 0.6694711538461539 0.03365384615384615 0.028846153846153848
5 0.7944711538461539 0.47115384615384615 0.028846153846153848 0.040865384615384616
5 0.7980769230769231 0.8329326923076923 0.028846153846153848 0.028846153846153848
5 0.6694711538461539 0.8533653846153846 0.028846153846153848 0.02403846153846154
5 0.5540865384615384 0.8737980769230769 0.028846153846153848 0.028846153846153848
5 0.41947115384615385 0.7836538461538461 0.038461538461538464 0.04807692307692308
5 0.38461538461538464 0.9038461538461539 0.028846153846153848 0.028846153846153848
5 0.4375 0.5060096153846154 0.038461538461538464 0.028846153846153848
5 0.17668269230769232 0.7019230769230769 0.03365384615384615 0.02403846153846154
5 0.23677884615384615 0.8425480769230769 0.038461538461538464 0.03365384615384615