1 0.7776442307692307 0.375 0.31971153846153844 0.23557692307692307
1 0.859375 0.39903846153846156 0.15625 0.15625
1 0.75 0.5552884615384616 0.375 0.17307692307692307
1 0.7259615384615384 0.3004807692307692 0.4375 0.36778846153846156
1 0.6418269230769231 0.09495192307692307 0.5961538461538461 0.18509615384615385
1 0.6286057692307693 0.6802884615384616 0.6322115384615384 0.625
1 0.2692307692307692 0.8629807692307693 0.30528846153846156 0.25721153846153844
1 0.078125 0.890625 0.15625 0.20192307692307693
1 0.17548076923076922 0.5 0.27403846153846156 0.46875
1 0.10216346153846154 0.6322115384615384 0.20432692307692307 0.3317307692307692
1 0.02403846153846154 0.36778846153846156 0.04807692307692308 0.20192307692307693
1 0.23798076923076922 0.2536057692307692 0.21153846153846154 0.44471153846153844
1 0.3870192307692308 0.30528846153846156 0.31971153846153844 0.2980769230769231
1 0.28846153846153844 0.07932692307692307 0.23557692307692307 0.15384615384615385
1 0.12860576923076922 0.12980769230769232 0.10336538461538461 0.2548076923076923
1 0.04326923076923077 0.14903846153846154 0.08653846153846154 0.2980769230769231
1 0.734375 0.8713942307692307 0.3894230769230769 0.24278846153846154
1 0.4699519230769231 0.49759615384615385 0.9399038461538461 0.9903846153846154