1 0.7680288461538461 0.8233173076923077 0.25 0.28365384615384615
1 0.8353365384615384 0.5432692307692307 0.18028846153846154 0.1875
1 0.7920673076923077 0.18629807692307693 0.1875 0.28365384615384615
1 0.48197115384615385 0.7427884615384616 0.16346153846153846 0.24278846153846154
1 0.5661057692307693 0.6899038461538461 0.16105769230769232 0.22596153846153846
1 0.6033653846153846 0.5456730769230769 0.08653846153846154 0.17307692307692307
1 0.484375 0.5048076923076923 0.16826923076923078 0.23076923076923078
1 0.39783653846153844 0.5685096153846154 0.16105769230769232 0.21634615384615385
1 0.140625 0.21153846153846154 0.21153846153846154 0.27403846153846156
1 0.12740384615384615 0.5528846153846154 0.16105769230769232 0.22596153846153846
1 0.20432692307692307 0.8305288461538461 0.34615384615384615 0.27884615384615385