1 0.6911057692307693 0.7680288461538461 0.1971153846153846 0.125
1 0.5144230769230769 0.8064903846153846 0.19230769230769232 0.11538461538461539
1 0.47475961538461536 0.7319711538461539 0.23076923076923078 0.11057692307692307
1 0.6742788461538461 0.7043269230769231 0.22115384615384615 0.12980769230769232
1 0.4266826923076923 0.6418269230769231 0.25961538461538464 0.14903846153846154
1 0.3581730769230769 0.4891826923076923 0.3076923076923077 0.20192307692307693
1 0.25841346153846156 0.234375 0.3942307692307692 0.45913461538461536
1 0.5685096153846154 0.20192307692307693 0.3894230769230769 0.3942307692307692
1 0.6201923076923077 0.43990384615384615 0.2932692307692308 0.24519230769230768
1 0.6526442307692307 0.5877403846153846 0.25 0.16826923076923078
1 0.23677884615384615 0.8137019230769231 0.2764423076923077 0.1971153846153846
1 0.23798076923076922 0.8629807692307693 0.25961538461538464 0.08653846153846154