1 0.6875 0.359375 0.46875 0.4230769230769231
1 0.9182692307692307 0.22235576923076922 0.14903846153846154 0.30528846153846156
1 0.5120192307692307 0.15625 0.5865384615384616 0.15625
1 0.7608173076923077 0.07572115384615384 0.4639423076923077 0.1466346153846154
1 0.25721153846153844 0.08653846153846154 0.21875 0.17307692307692307
1 0.4375 0.04807692307692308 0.17307692307692307 0.09134615384615384
1 0.07692307692307693 0.1658653846153846 0.14903846153846154 0.3269230769230769
1 0.18028846153846154 0.22235576923076922 0.0625 0.14903846153846154
1 0.234375 0.3245192307692308 0.17307692307692307 0.13221153846153846
1 0.3125 0.390625 0.28125 0.2980769230769231
1 0.4182692307692308 0.6057692307692307 0.49278846153846156 0.21153846153846154
1 0.8786057692307693 0.6526442307692307 0.22596153846153846 0.5697115384615384
1 0.7463942307692307 0.6322115384615384 0.21153846153846154 0.14182692307692307
1 0.65625 0.765625 0.28125 0.2644230769230769
1 0.8365384615384616 0.9447115384615384 0.15625 0.09375
1 0.953125 0.9615384615384616 0.07692307692307693 0.0625
1 0.5036057692307693 0.8557692307692307 0.41346153846153844 0.27403846153846156
1 0.265625 0.6995192307692307 0.21875 0.28846153846153844
1 0.140625 0.6370192307692307 0.25 0.30528846153846156
1 0.109375 0.4723557692307692 0.20432692307692307 0.24278846153846154
1 0.0829326923076923 0.390625 0.16105769230769232 0.20432692307692307
1 0.10697115384615384 0.6274038461538461 0.2091346153846154 0.3076923076923077
1 0.12620192307692307 0.8822115384615384 0.24759615384615385 0.22115384615384615
1 0.17548076923076922 0.9134615384615384 0.24278846153846154 0.15625
1 0.2776442307692308 0.953125 0.14903846153846154 0.07692307692307693
1 0.49759615384615385 0.49759615384615385 0.9903846153846154 0.9903846153846154