1 0.5024038461538461 0.6225961538461539 0.9903846153846154 0.7451923076923077
1 0.078125 0.625 0.13942307692307693 0.7355769230769231
1 0.203125 0.6322115384615384 0.28125 0.71875
1 0.3473557692307692 0.6947115384615384 0.18028846153846154 0.59375
1 0.4098557692307692 0.7427884615384616 0.13221153846153846 0.5
1 0.5192307692307693 0.7932692307692307 0.10096153846153846 0.39903846153846156
1 0.5697115384615384 0.4338942307692308 0.15625 0.31971153846153844
1 0.6838942307692307 0.7151442307692307 0.10096153846153846 0.5552884615384616
1 0.8930288461538461 0.640625 0.2091346153846154 0.7043269230769231
1 0.8004807692307693 0.625 0.30528846153846156 0.7355769230769231
1 0.4375 0.18389423076923078 0.5769230769230769 0.19471153846153846
1 0.39903846153846156 0.1875 0.15625 0.1875
1 0.23076923076923078 0.19110576923076922 0.16346153846153846 0.18028846153846154
1 0.671875 0.1875 0.09375 0.17307692307692307
1 0.5240384615384616 0.08653846153846154 0.15625 0.0625