1 0.5552884615384616 0.6442307692307693 0.2980769230769231 0.13221153846153846
1 0.49759615384615385 0.7608173076923077 0.9951923076923077 0.4735576923076923
1 0.4963942307692308 0.4651442307692308 0.9927884615384616 0.11778846153846154
1 0.4963942307692308 0.35096153846153844 0.9927884615384616 0.125
1 0.5588942307692307 0.17548076923076922 0.8677884615384616 0.24278846153846154
1 0.6009615384615384 0.05048076923076923 0.40625 0.08653846153846154
1 0.9026442307692307 0.05048076923076923 0.18028846153846154 0.08653846153846154
1 0.2776442307692308 0.055288461538461536 0.24278846153846154 0.09375
1 0.09014423076923077 0.055288461538461536 0.18028846153846154 0.09375
1 0.16826923076923078 0.23076923076923078 0.33653846153846156 0.25721153846153844
1 0.20072115384615385 0.8076923076923077 0.4014423076923077 0.3798076923076923
1 0.8293269230769231 0.8653846153846154 0.3317307692307692 0.2644230769230769
1 0.671875 0.47596153846153844 0.6394230769230769 0.9375
1 0.8557692307692307 0.5901442307692307 0.27403846153846156 0.27403846153846156
1 0.49759615384615385 0.5024038461538461 0.9951923076923077 0.9903846153846154