1 0.7800480769230769 0.765625 0.43509615384615385 0.4543269230769231
1 0.6911057692307693 0.7776442307692307 0.44471153846153844 0.43028846153846156
1 0.6838942307692307 0.7463942307692307 0.5384615384615384 0.49278846153846156
1 0.5685096153846154 0.703125 0.8581730769230769 0.5793269230769231
1 0.5144230769230769 0.5384615384615384 0.9663461538461539 0.9086538461538461
1 0.8497596153846154 0.20793269230769232 0.2956730769230769 0.41586538461538464
1 0.7223557692307693 0.08173076923076923 0.30528846153846156 0.16346153846153846
1 0.3401442307692308 0.5552884615384616 0.6634615384615384 0.875
1 0.2247596153846154 0.10216346153846154 0.43990384615384615 0.20432692307692307
1 0.078125 0.31971153846153844 0.13942307692307693 0.34375
1 0.5024038461538461 0.49759615384615385 0.9903846153846154 0.9951923076923077