1 0.4699519230769231 0.14783653846153846 0.4855769230769231 0.25961538461538464
1 0.7680288461538461 0.09014423076923077 0.11057692307692307 0.17307692307692307
1 0.8533653846153846 0.16346153846153846 0.2692307692307692 0.2620192307692308
1 0.7151442307692307 0.23798076923076922 0.08173076923076923 0.10817307692307693
1 0.38100961538461536 0.33413461538461536 0.47596153846153844 0.4951923076923077
1 0.15504807692307693 0.2548076923076923 0.13221153846153846 0.2932692307692308
1 0.36177884615384615 0.359375 0.30288461538461536 0.35096153846153844
1 0.7872596153846154 0.3293269230769231 0.33653846153846156 0.18269230769230768
1 0.7704326923076923 0.3762019230769231 0.31490384615384615 0.14903846153846154
1 0.9002403846153846 0.41225961538461536 0.04326923076923077 0.03365384615384615
1 0.7740384615384616 0.515625 0.32211538461538464 0.16346153846153846
1 0.8365384615384616 0.7247596153846154 0.25961538461538464 0.33413461538461536
1 0.8233173076923077 0.8870192307692307 0.23076923076923078 0.14903846153846154
1 0.6274038461538461 0.7175480769230769 0.23798076923076922 0.4206730769230769
1 0.6959134615384616 0.7427884615384616 0.22115384615384615 0.4639423076923077
1 0.39783653846153844 0.8653846153846154 0.21153846153846154 0.09134615384615384
1 0.30649038461538464 0.7139423076923077 0.6009615384615384 0.2692307692307692
1 0.3016826923076923 0.5901442307692307 0.5144230769230769 0.13701923076923078
1 0.13221153846153846 0.4735576923076923 0.22115384615384615 0.13942307692307693
1 0.16346153846153846 0.8882211538461539 0.2692307692307692 0.2091346153846154
1 0.5528846153846154 0.4423076923076923 0.1201923076923077 0.35096153846153844