1 0.41586538461538464 0.6971153846153846 0.8269230769230769 0.6009615384615384
1 0.2283653846153846 0.25721153846153844 0.4519230769230769 0.5048076923076923
1 0.3557692307692308 0.546875 0.28846153846153844 0.34375
1 0.49278846153846156 0.5552884615384616 0.3605769230769231 0.625
1 0.5901442307692307 0.5192307692307693 0.44471153846153844 0.6634615384615384
1 0.6322115384615384 0.5552884615384616 0.5 0.7355769230769231
1 0.6370192307692307 0.38221153846153844 0.44471153846153844 0.5625
1 0.8786057692307693 0.8269230769230769 0.2283653846153846 0.34134615384615385
1 0.8942307692307693 0.4651442307692308 0.19471153846153846 0.7572115384615384
1 0.7427884615384616 0.13701923076923078 0.23557692307692307 0.19471153846153846
1 0.5745192307692307 0.05889423076923077 0.30528846153846156 0.10096153846153846