1 0.8461538461538461 0.25 0.30288461538461536 0.4855769230769231
1 0.3245192307692308 0.22235576923076922 0.6322115384615384 0.43028846153846156
1 0.2932692307692308 0.5661057692307693 0.5697115384615384 0.25721153846153844
1 0.30528846153846156 0.7620192307692307 0.5144230769230769 0.19471153846153846
1 0.8233173076923077 0.5817307692307693 0.3485576923076923 0.1971153846153846
1 0.8112980769230769 0.7427884615384616 0.37259615384615385 0.17307692307692307
1 0.7572115384615384 0.8557692307692307 0.3605769230769231 0.10096153846153846
1 0.6526442307692307 0.9338942307692307 0.21153846153846154 0.08653846153846154
1 0.5564903846153846 0.9831730769230769 0.14182692307692307 0.028846153846153848
1 0.3473557692307692 0.8990384615384616 0.36778846153846156 0.11057692307692307
1 0.35216346153846156 0.9711538461538461 0.23798076923076922 0.052884615384615384