1 0.6875 0.1141826923076923 0.2692307692307692 0.22355769230769232
1 0.7932692307692307 0.23197115384615385 0.32211538461538464 0.45913461538461536
1 0.828125 0.375 0.25 0.4519230769230769
1 0.84375 0.5901442307692307 0.20192307692307693 0.33653846153846156
1 0.8713942307692307 0.7848557692307693 0.16346153846153846 0.41346153846153844
1 0.7115384615384616 0.8052884615384616 0.375 0.375
1 0.5865384615384616 0.7536057692307693 0.2980769230769231 0.47596153846153844
1 0.3713942307692308 0.9615384615384616 0.14903846153846154 0.0625
1 0.46153846153846156 0.8509615384615384 0.09375 0.17307692307692307
1 0.375 0.8822115384615384 0.0625 0.09375
1 0.5072115384615384 0.7379807692307693 0.15625 0.08653846153846154
1 0.49278846153846156 0.546875 0.125 0.2644230769230769
1 0.5588942307692307 0.5745192307692307 0.14903846153846154 0.25721153846153844
1 0.3629807692307692 0.7463942307692307 0.24278846153846154 0.33653846153846156
1 0.3557692307692308 0.5552884615384616 0.31971153846153844 0.6394230769230769
1 0.421875 0.4182692307692308 0.2644230769230769 0.30528846153846156
1 0.5360576923076923 0.09495192307692307 0.1971153846153846 0.18509615384615385
1 0.4807692307692308 0.23076923076923078 0.16346153846153846 0.11778846153846154
1 0.17427884615384615 0.07211538461538461 0.22355769230769232 0.13942307692307693
1 0.28846153846153844 0.19230769230769232 0.2980769230769231 0.3798076923076923
1 0.15985576923076922 0.5697115384615384 0.06971153846153846 0.3894230769230769
1 0.234375 0.5661057692307693 0.1875 0.35096153846153844
1 0.4254807692307692 0.41346153846153844 0.18028846153846154 0.28125