1 0.8629807692307693 0.12860576923076922 0.06971153846153846 0.18028846153846154
1 0.8052884615384616 0.13701923076923078 0.04807692307692308 0.18028846153846154
1 0.7463942307692307 0.13221153846153846 0.06971153846153846 0.17307692307692307
1 0.8317307692307693 0.296875 0.055288461538461536 0.125
1 0.7848557692307693 0.28846153846153844 0.055288461538461536 0.13942307692307693
1 0.71875 0.2848557692307692 0.07692307692307693 0.13221153846153846
1 0.8088942307692307 0.43028846153846156 0.055288461538461536 0.125
1 0.7427884615384616 0.421875 0.0625 0.125
1 0.6875 0.41346153846153844 0.04807692307692308 0.125
1 0.734375 0.546875 0.15625 0.125
1 0.6838942307692307 0.078125 0.08653846153846154 0.13942307692307693
1 0.625 0.08173076923076923 0.0625 0.14903846153846154
1 0.578125 0.078125 0.04807692307692308 0.13942307692307693
1 0.5384615384615384 0.078125 0.03125 0.13942307692307693
1 0.4963942307692308 0.07451923076923077 0.055288461538461536 0.13221153846153846
1 0.43028846153846156 0.078125 0.0625 0.13942307692307693
1 0.3629807692307692 0.07451923076923077 0.08653846153846154 0.13221153846153846
1 0.3004807692307692 0.10096153846153846 0.055288461538461536 0.1875
1 0.23798076923076922 0.09735576923076923 0.055288461538461536 0.18028846153846154
1 0.18389423076923078 0.109375 0.055288461538461536 0.20192307692307693
1 0.125 0.10576923076923077 0.0625 0.19471153846153846
1 0.06610576923076923 0.10576923076923077 0.02403846153846154 0.19471153846153846
1 0.3004807692307692 0.2848557692307692 0.06971153846153846 0.16346153846153846
1 0.21875 0.2848557692307692 0.11057692307692307 0.18028846153846154
1 0.11298076923076923 0.2848557692307692 0.10096153846153846 0.14903846153846154
1 0.36778846153846156 0.21514423076923078 0.07692307692307693 0.14903846153846154
1 0.4254807692307692 0.21514423076923078 0.06971153846153846 0.14903846153846154
1 0.4807692307692308 0.21153846153846154 0.038461538461538464 0.13942307692307693
1 0.515625 0.21875 0.03125 0.15625
1 0.5348557692307693 0.22235576923076922 0.038461538461538464 0.14903846153846154
1 0.5625 0.21875 0.04807692307692308 0.125
1 0.6129807692307693 0.21875 0.06971153846153846 0.13942307692307693
1 0.6682692307692307 0.21153846153846154 0.06971153846153846 0.13942307692307693
1 0.3004807692307692 0.4338942307692308 0.055288461538461536 0.14903846153846154
1 0.25 0.4411057692307692 0.0625 0.14903846153846154
1 0.21153846153846154 0.4495192307692308 0.04807692307692308 0.14903846153846154
1 0.15625 0.4567307692307692 0.07692307692307693 0.14903846153846154
1 0.109375 0.453125 0.0625 0.17307692307692307
1 0.4338942307692308 0.36778846153846156 0.16346153846153846 0.13942307692307693
1 0.53125 0.3629807692307692 0.0625 0.11778846153846154
1 0.59375 0.35096153846153844 0.04807692307692308 0.125
1 0.640625 0.3557692307692308 0.0625 0.13221153846153846
1 0.6370192307692307 0.47596153846153844 0.055288461538461536 0.125
1 0.5865384615384616 0.47596153846153844 0.04807692307692308 0.125
1 0.5276442307692307 0.4807692307692308 0.055288461538461536 0.11778846153846154
1 0.4723557692307692 0.5432692307692307 0.08653846153846154 0.21153846153846154
1 0.41346153846153844 0.53125 0.04807692307692308 0.23557692307692307
1 0.34375 0.5384615384615384 0.07692307692307693 0.21875
1 0.28125 0.578125 0.07692307692307693 0.125
1 0.21514423076923078 0.5697115384615384 0.038461538461538464 0.15625
1 0.15264423076923078 0.5901442307692307 0.08653846153846154 0.13221153846153846
1 0.7427884615384616 0.7740384615384616 0.20192307692307693 0.40625
1 0.59375 0.7427884615384616 0.15625 0.3894230769230769
1 0.40625 0.7932692307692307 0.1875 0.28846153846153844
1 0.21875 0.8004807692307693 0.1875 0.28846153846153844
1 0.5576923076923077 0.9639423076923077 0.18269230769230768 0.0673076923076923
1 0.3858173076923077 0.9711538461538461 0.1658653846153846 0.052884615384615384
1 0.23076923076923078 0.9711538461538461 0.18269230769230768 0.052884615384615384