1 0.3125 0.9302884615384616 0.6081730769230769 0.125
1 0.53125 0.7692307692307693 0.3269230769230769 0.44471153846153844
1 0.27403846153846156 0.625 0.53125 0.5625
1 0.8233173076923077 0.7067307692307693 0.3485576923076923 0.5721153846153846
1 0.3004807692307692 0.4495192307692308 0.5865384615384616 0.33653846153846156
1 0.171875 0.34375 0.3293269230769231 0.2980769230769231
1 0.15985576923076922 0.16826923076923078 0.27403846153846156 0.21153846153846154
1 0.21394230769230768 0.04447115384615385 0.25961538461538464 0.08413461538461539
1 0.09014423076923077 0.07451923076923077 0.08653846153846154 0.06971153846153846
1 0.4963942307692308 0.10096153846153846 0.11778846153846154 0.13942307692307693
1 0.44471153846153844 0.19951923076923078 0.3125 0.31971153846153844
1 0.6322115384615384 0.3401442307692308 0.1875 0.35096153846153844
1 0.6213942307692307 0.07572115384615384 0.15144230769230768 0.1466346153846154
1 0.46875 0.06370192307692307 0.2692307692307692 0.12259615384615384
1 0.7668269230769231 0.2247596153846154 0.46153846153846156 0.44471153846153844
1 0.7872596153846154 0.32091346153846156 0.4206730769230769 0.6129807692307693
1 0.5012019230769231 0.4987980769230769 0.9927884615384616 0.9927884615384616