1 0.40024038461538464 0.39302884615384615 0.44471153846153844 0.7067307692307693
1 0.5841346153846154 0.5048076923076923 0.6009615384615384 0.7884615384615384
1 0.35096153846153844 0.6862980769230769 0.125 0.17307692307692307
1 0.3088942307692308 0.7427884615384616 0.04807692307692308 0.0625
1 0.41947115384615385 0.3894230769230769 0.1201923076923077 0.18269230769230768
1 0.4891826923076923 0.27524038461538464 0.20432692307692307 0.1778846153846154
5 0.34615384615384615 0.4423076923076923 0.052884615384615384 0.07692307692307693
5 0.40384615384615385 0.49278846153846156 0.052884615384615384 0.0889423076923077
5 0.3641826923076923 0.49158653846153844 0.07211538461538461 0.057692307692307696
5 0.3581730769230769 0.5372596153846154 0.0673076923076923 0.052884615384615384
5 0.3737980769230769 0.5913461538461539 0.0889423076923077 0.09615384615384616
5 0.2980769230769231 0.8617788461538461 0.1778846153846154 0.16826923076923078