1 0.30528846153846156 0.859375 0.59375 0.2668269230769231
1 0.14423076923076922 0.5901442307692307 0.27403846153846156 0.25721153846153844
1 0.4375 0.6322115384615384 0.3125 0.1875
1 0.203125 0.3004807692307692 0.3894230769230769 0.38221153846153844
1 0.24759615384615385 0.1346153846153846 0.4807692307692308 0.2644230769230769
1 0.5432692307692307 0.421875 0.35096153846153844 0.4375
1 0.47596153846153844 0.6129807692307693 0.3605769230769231 0.25721153846153844
1 0.6634615384615384 0.8870192307692307 0.11057692307692307 0.21153846153846154
1 0.7572115384615384 0.640625 0.1875 0.28125
1 0.6875 0.8317307692307693 0.25 0.31971153846153844
1 0.8365384615384616 0.8401442307692307 0.15625 0.30528846153846156
1 0.921875 0.875 0.11057692307692307 0.23557692307692307
1 0.9170673076923077 0.6586538461538461 0.16105769230769232 0.1971153846153846
1 0.9675480769230769 0.27884615384615385 0.06009615384615385 0.5528846153846154
1 0.8834134615384616 0.07211538461538461 0.11298076923076923 0.13942307692307693
1 0.9182692307692307 0.20673076923076922 0.06971153846153846 0.13221153846153846
1 0.84375 0.4495192307692308 0.20192307692307693 0.33653846153846156
1 0.78125 0.3004807692307692 0.2644230769230769 0.44471153846153844
1 0.6177884615384616 0.16105769230769232 0.40865384615384615 0.3173076923076923
1 0.5024038461538461 0.49759615384615385 0.9903846153846154 0.9903846153846154