1 0.7536057692307693 0.9375 0.47596153846153844 0.11057692307692307
1 0.8629807692307693 0.8245192307692307 0.25721153846153844 0.18028846153846154
1 0.25 0.9567307692307693 0.5 0.06971153846153846
1 0.3004807692307692 0.8161057692307693 0.6009615384615384 0.35096153846153844
1 0.5588942307692307 0.7259615384615384 0.30528846153846156 0.125
1 0.8088942307692307 0.78125 0.36778846153846156 0.13942307692307693
1 0.734375 0.6598557692307693 0.5144230769230769 0.19471153846153846
1 0.796875 0.4963942307692308 0.3894230769230769 0.13221153846153846
1 0.109375 0.5348557692307693 0.21875 0.31971153846153844
1 0.3401442307692308 0.5973557692307693 0.24278846153846154 0.19471153846153846
1 0.3870192307692308 0.43028846153846156 0.43028846153846156 0.21875
1 0.59375 0.33653846153846156 0.2980769230769231 0.23557692307692307
1 0.8557692307692307 0.3125 0.27403846153846156 0.25
1 0.9302884615384616 0.41346153846153844 0.125 0.20192307692307693
1 0.9338942307692307 0.140625 0.11778846153846154 0.09375
1 0.9026442307692307 0.05889423076923077 0.18028846153846154 0.11778846153846154
1 0.765625 0.09735576923076923 0.23557692307692307 0.19471153846153846
1 0.5444711538461539 0.13341346153846154 0.35336538461538464 0.2668269230769231
1 0.328125 0.3004807692307692 0.23557692307692307 0.14903846153846154
1 0.109375 0.3004807692307692 0.21875 0.13221153846153846
1 0.078125 0.203125 0.15625 0.125
1 0.24278846153846154 0.11298076923076923 0.4855769230769231 0.22596153846153846
1 0.4963942307692308 0.4963942307692308 0.9927884615384616 0.9927884615384616