1 0.265625 0.7379807692307693 0.53125 0.38221153846153844
1 0.3269230769230769 0.32211538461538464 0.6538461538461539 0.6394230769230769
1 0.6009615384615384 0.18028846153846154 0.53125 0.3605769230769231
1 0.8677884615384616 0.21153846153846154 0.25 0.3125
1 0.7692307692307693 0.4567307692307692 0.28846153846153844 0.24278846153846154
1 0.9254807692307693 0.4651442307692308 0.13221153846153846 0.19471153846153846
1 0.7740384615384616 0.7151442307692307 0.2644230769230769 0.27403846153846156
1 0.8786057692307693 0.71875 0.18028846153846154 0.21875
1 0.7932692307692307 0.8713942307692307 0.24278846153846154 0.18028846153846154
1 0.6057692307692307 0.9026442307692307 0.24278846153846154 0.18028846153846154
1 0.4182692307692308 0.9338942307692307 0.19471153846153846 0.11778846153846154
1 0.328125 0.32572115384615385 0.6418269230769231 0.6466346153846154