2 0.8665865384615384 0.3112980769230769 0.14182692307692307 0.2932692307692308
2 0.8064903846153846 0.3713942307692308 0.10096153846153846 0.28846153846153844
2 0.6959134615384616 0.3713942307692308 0.11057692307692307 0.27884615384615385
2 0.7151442307692307 0.32211538461538464 0.10576923076923077 0.27884615384615385
2 0.5841346153846154 0.3088942307692308 0.11057692307692307 0.24519230769230768
2 0.46634615384615385 0.30649038461538464 0.10817307692307693 0.25
2 0.3401442307692308 0.28725961538461536 0.12980769230769232 0.2091346153846154
2 0.21514423076923078 0.2800480769230769 0.10336538461538461 0.1875
2 0.10216346153846154 0.2692307692307692 0.10576923076923077 0.17307692307692307
2 0.8689903846153846 0.5420673076923077 0.11057692307692307 0.21394230769230768
2 0.7331730769230769 0.5180288461538461 0.10576923076923077 0.11057692307692307
2 0.625 0.5024038461538461 0.09375 0.1346153846153846
2 0.5757211538461539 0.46875 0.08413461538461539 0.09375
2 0.453125 0.46875 0.09615384615384616 0.10096153846153846
2 0.515625 0.5024038461538461 0.07211538461538461 0.1346153846153846
2 0.40024038461538464 0.4891826923076923 0.08173076923076923 0.15144230769230768
2 0.3401442307692308 0.4639423076923077 0.1201923076923077 0.12980769230769232
2 0.2247596153846154 0.45552884615384615 0.11057692307692307 0.12980769230769232
2 0.2824519230769231 0.5240384615384616 0.0673076923076923 0.08173076923076923
2 0.16466346153846154 0.4579326923076923 0.08173076923076923 0.21153846153846154