2 0.6225961538461539 0.3293269230769231 0.4519230769230769 0.28365384615384615
2 0.5228365384615384 0.17067307692307693 0.5096153846153846 0.18269230769230768
2 0.23677884615384615 0.2848557692307692 0.3389423076923077 0.1875
2 0.44471153846153844 0.4891826923076923 0.4519230769230769 0.16826923076923078
2 0.7896634615384616 0.5420673076923077 0.2692307692307692 0.1875
2 0.7079326923076923 0.6983173076923077 0.28846153846153844 0.25721153846153844
2 0.828125 0.7716346153846154 0.23557692307692307 0.23557692307692307
2 0.5829326923076923 0.7668269230769231 0.2644230769230769 0.2620192307692308
2 0.36658653846153844 0.6225961538461539 0.42788461538461536 0.23076923076923078
2 0.8052884615384616 0.3004807692307692 0.28125 0.21634615384615385
0 0.3076923076923077 0.2668269230769231 0.20673076923076922 0.1875
0 0.5673076923076923 0.3557692307692308 0.10576923076923077 0.1346153846153846
0 0.5240384615384616 0.2620192307692308 0.13942307692307693 0.125
0 0.6177884615384616 0.2439903846153846 0.09375 0.09615384615384616
0 0.6646634615384616 0.31971153846153844 0.0889423076923077 0.16826923076923078
0 0.5805288461538461 0.4266826923076923 0.1778846153846154 0.07211538461538461
0 0.6947115384615384 0.43149038461538464 0.1201923076923077 0.07211538461538461
0 0.7836538461538461 0.41586538461538464 0.0673076923076923 0.057692307692307696
0 0.7608173076923077 0.3581730769230769 0.038461538461538464 0.021634615384615384
0 0.7764423076923077 0.3401442307692308 0.026442307692307692 0.038461538461538464
0 0.7103365384615384 0.29086538461538464 0.036057692307692304 0.07692307692307693
0 0.7764423076923077 0.2620192307692308 0.026442307692307692 0.0889423076923077
0 0.859375 0.2932692307692308 0.12980769230769232 0.15144230769230768
0 0.8725961538461539 0.6911057692307693 0.04807692307692308 0.038461538461538464
0 0.8353365384615384 0.7247596153846154 0.009615384615384616 0.026442307692307692
0 0.7944711538461539 0.7223557692307693 0.026442307692307692 0.057692307692307696
0 0.828125 0.6887019230769231 0.038461538461538464 0.052884615384615384
0 0.8040865384615384 0.7572115384615384 0.026442307692307692 0.0673076923076923
0 0.8413461538461539 0.7644230769230769 0.04807692307692308 0.0625
0 0.875 0.7487980769230769 0.052884615384615384 0.057692307692307696
0 0.8954326923076923 0.7824519230769231 0.038461538461538464 0.0625
0 0.8725961538461539 0.8064903846153846 0.02403846153846154 0.04807692307692308
0 0.84375 0.8329326923076923 0.026442307692307692 0.03125
0 0.8173076923076923 0.8112980769230769 0.036057692307692304 0.038461538461538464
0 0.8040865384615384 0.8269230769230769 0.026442307692307692 0.04567307692307692
0 0.8329326923076923 0.8605769230769231 0.03125 0.03125
0 0.890625 0.8425480769230769 0.038461538461538464 0.057692307692307696
0 0.7163461538461539 0.7271634615384616 0.1201923076923077 0.17307692307692307
0 0.5444711538461539 0.8112980769230769 0.036057692307692304 0.07692307692307693
0 0.5384615384615384 0.7379807692307693 0.04807692307692308 0.09615384615384616
0 0.6225961538461539 0.8461538461538461 0.04807692307692308 0.03125
0 0.6141826923076923 0.8088942307692307 0.057692307692307696 0.04326923076923077
0 0.6802884615384616 0.8401442307692307 0.038461538461538464 0.026442307692307692
0 0.484375 0.49759615384615385 0.3269230769230769 0.0889423076923077
0 0.49158653846153844 0.45072115384615385 0.3485576923076923 0.10096153846153846
0 0.44471153846153844 0.5336538461538461 0.27403846153846156 0.052884615384615384