2 0.4951923076923077 0.13581730769230768 0.49278846153846156 0.22596153846153846
2 0.5576923076923077 0.46634615384615385 0.5288461538461539 0.34615384615384615
2 0.5084134615384616 0.8401442307692307 0.5192307692307693 0.3125
0 0.4266826923076923 0.1310096153846154 0.30288461538461536 0.2091346153846154
0 0.5024038461538461 0.46634615384615385 0.3557692307692308 0.31971153846153844
0 0.5 0.9158653846153846 0.07692307692307693 0.10576923076923077
0 0.4639423076923077 0.8245192307692307 0.08413461538461539 0.11057692307692307
0 0.5024038461538461 0.7644230769230769 0.07211538461538461 0.09615384615384616
0 0.453125 0.7403846153846154 0.04326923076923077 0.057692307692307696
0 0.39783653846153844 0.7247596153846154 0.07692307692307693 0.052884615384615384
0 0.31971153846153844 0.7572115384615384 0.04326923076923077 0.1201923076923077
0 0.37740384615384615 0.8004807692307693 0.08173076923076923 0.0985576923076923
0 0.3737980769230769 0.8822115384615384 0.08173076923076923 0.1201923076923077
0 0.3137019230769231 0.9026442307692307 0.04807692307692308 0.09615384615384616
0 0.3605769230769231 0.9471153846153846 0.08173076923076923 0.0625
0 0.43149038461538464 0.9266826923076923 0.07211538461538461 0.11057692307692307