2 0.6959134615384616 0.7668269230769231 0.16346153846153846 0.34615384615384615
2 0.796875 0.4495192307692308 0.3173076923076923 0.7379807692307693
2 0.5060096153846154 0.7752403846153846 0.13701923076923078 0.32211538461538464
2 0.5108173076923077 0.5132211538461539 0.25240384615384615 0.5985576923076923
2 0.3425480769230769 0.8185096153846154 0.11538461538461539 0.23557692307692307
2 0.29447115384615385 0.5673076923076923 0.1971153846153846 0.5240384615384616
2 0.19951923076923078 0.8233173076923077 0.09615384615384616 0.22596153846153846
2 0.11899038461538461 0.6262019230769231 0.16346153846153846 0.35336538461538464
3 0.6983173076923077 0.5637019230769231 0.16826923076923078 0.10096153846153846
3 0.7980769230769231 0.052884615384615384 0.1875 0.07451923076923077
3 0.5096153846153846 0.1814903846153846 0.17307692307692307 0.0625
3 0.5024038461538461 0.5829326923076923 0.13701923076923078 0.07451923076923077
3 0.28846153846153844 0.2776442307692308 0.15384615384615385 0.07451923076923077
3 0.3389423076923077 0.6634615384615384 0.11538461538461539 0.07451923076923077
3 0.19591346153846154 0.6742788461538461 0.09615384615384616 0.07451923076923077
3 0.11538461538461539 0.41466346153846156 0.1346153846153846 0.06971153846153846