2 0.7620192307692307 0.2548076923076923 0.25961538461538464 0.5048076923076923
2 0.45072115384615385 0.44591346153846156 0.49278846153846156 0.8798076923076923
2 0.9242788461538461 0.22716346153846154 0.1466346153846154 0.4543269230769231
2 0.8870192307692307 0.038461538461538464 0.08653846153846154 0.07692307692307693
2 0.47836538461538464 0.21995192307692307 0.22596153846153846 0.2980769230769231
2 0.19110576923076922 0.4098557692307692 0.37740384615384615 0.6033653846153846
2 0.109375 0.20673076923076922 0.21153846153846154 0.3701923076923077
2 0.09615384615384616 0.07932692307692307 0.1875 0.15865384615384615
2 0.3545673076923077 0.08533653846153846 0.27163461538461536 0.1658653846153846
2 0.07451923076923077 0.8774038461538461 0.14182692307692307 0.23317307692307693
2 0.046875 0.7956730769230769 0.0889423076923077 0.21153846153846154
2 0.3581730769230769 0.8149038461538461 0.5336538461538461 0.3581730769230769
2 0.8425480769230769 0.8040865384615384 0.3125 0.3269230769230769
2 0.8834134615384616 0.9543269230769231 0.18269230769230768 0.08173076923076923
2 0.7067307692307693 0.7884615384615384 0.2668269230769231 0.25961538461538464
2 0.8173076923076923 0.5721153846153846 0.3605769230769231 0.28846153846153844
2 0.4987980769230769 0.5 0.9975961538461539 0.9951923076923077