2 0.21754807692307693 0.9086538461538461 0.39663461538461536 0.15144230769230768
2 0.7079326923076923 0.9122596153846154 0.39663461538461536 0.15144230769230768
2 0.7079326923076923 0.7439903846153846 0.39663461538461536 0.15144230769230768
2 0.7103365384615384 0.5745192307692307 0.3894230769230769 0.15144230769230768
2 0.7139423076923077 0.4074519230769231 0.38461538461538464 0.15865384615384615
2 0.7175480769230769 0.24158653846153846 0.40384615384615385 0.15384615384615385
2 0.7175480769230769 0.08052884615384616 0.40384615384615385 0.14903846153846154
2 0.21995192307692307 0.24278846153846154 0.40384615384615385 0.14423076923076922
2 0.21033653846153846 0.40865384615384615 0.39663461538461536 0.14903846153846154
2 0.21995192307692307 0.5745192307692307 0.40384615384615385 0.15144230769230768
2 0.21394230769230768 0.7439903846153846 0.3894230769230769 0.15144230769230768
2 0.21995192307692307 0.08052884615384616 0.3894230769230769 0.14903846153846154
3 0.44711538461538464 0.9098557692307693 0.07692307692307693 0.1346153846153846
3 0.9375 0.9134615384615384 0.07692307692307693 0.1346153846153846
3 0.453125 0.7427884615384616 0.07692307692307693 0.1346153846153846
3 0.9399038461538461 0.7439903846153846 0.06971153846153846 0.13221153846153846
3 0.9495192307692307 0.5745192307692307 0.07692307692307693 0.13221153846153846
3 0.453125 0.5721153846153846 0.07692307692307693 0.12980769230769232
3 0.45552884615384615 0.4050480769230769 0.06971153846153846 0.1346153846153846
3 0.9495192307692307 0.4050480769230769 0.07692307692307693 0.12980769230769232
3 0.9495192307692307 0.24158653846153846 0.0625 0.1346153846153846
3 0.45552884615384615 0.24278846153846154 0.06971153846153846 0.13221153846153846
3 0.9555288461538461 0.07692307692307693 0.07692307692307693 0.1346153846153846
3 0.453125 0.07932692307692307 0.07692307692307693 0.13221153846153846