2 0.39783653846153844 0.07572115384615384 0.5480769230769231 0.13701923076923078
2 0.47475961538461536 0.22355769230769232 0.7019230769230769 0.15865384615384615
2 0.47475961538461536 0.3701923076923077 0.6875 0.1346153846153846
2 0.4543269230769231 0.5036057692307693 0.6394230769230769 0.1346153846153846
2 0.4807692307692308 0.6394230769230769 0.6875 0.12980769230769232
2 0.49399038461538464 0.78125 0.7283653846153846 0.15625
2 0.46033653846153844 0.9290865384615384 0.6274038461538461 0.1346153846153846
3 0.7151442307692307 0.07692307692307693 0.0625 0.07211538461538461
3 0.8677884615384616 0.2247596153846154 0.0625 0.0625
3 0.7908653846153846 0.5012019230769231 0.02403846153846154 0.06009615384615385
3 0.8389423076923077 0.6334134615384616 0.028846153846153848 0.057692307692307696
3 0.8786057692307693 0.7848557692307693 0.028846153846153848 0.0625