2 0.38221153846153844 0.8629807692307693 0.18990384615384615 0.15144230769230768
2 0.34375 0.7439903846153846 0.17307692307692307 0.052884615384615384
2 0.16105769230769232 0.6766826923076923 0.3125 0.12740384615384615
2 0.4543269230769231 0.6971153846153846 0.13942307692307693 0.052884615384615384
2 0.5048076923076923 0.6574519230769231 0.08653846153846154 0.0889423076923077
2 0.5661057692307693 0.6262019230769231 0.16826923076923078 0.057692307692307696
2 0.5637019230769231 0.7632211538461539 0.07211538461538461 0.11538461538461539
2 0.7536057692307693 0.7524038461538461 0.1346153846153846 0.0625
2 0.8052884615384616 0.6935096153846154 0.1346153846153846 0.10817307692307693
2 0.9194711538461539 0.7463942307692307 0.15625 0.08413461538461539
2 0.7896634615384616 0.5625 0.3173076923076923 0.14903846153846154
2 0.6262019230769231 0.5 0.12259615384615384 0.13221153846153846
2 0.2127403846153846 0.5324519230769231 0.21153846153846154 0.14423076923076922
2 0.04927884615384615 0.47475961538461536 0.0889423076923077 0.12740384615384615
2 0.06610576923076923 0.3473557692307692 0.12259615384615384 0.0889423076923077
2 0.056490384615384616 0.2920673076923077 0.10336538461538461 0.057692307692307696
2 0.056490384615384616 0.18990384615384615 0.10336538461538461 0.15384615384615385
2 0.15865384615384615 0.040865384615384616 0.19471153846153846 0.05048076923076923
2 0.25600961538461536 0.08173076923076923 0.11298076923076923 0.055288461538461536
2 0.25841346153846156 0.18629807692307693 0.24278846153846154 0.09375
2 0.4338942307692308 0.203125 0.14903846153846154 0.0673076923076923
2 0.49278846153846156 0.24759615384615385 0.11298076923076923 0.04807692307692308
2 0.32572115384615385 0.28725961538461536 0.24278846153846154 0.07692307692307693
2 0.23798076923076922 0.3449519230769231 0.10817307692307693 0.0625
2 0.3870192307692308 0.3137019230769231 0.2620192307692308 0.10817307692307693
2 0.48677884615384615 0.3389423076923077 0.1346153846153846 0.0889423076923077
2 0.35336538461538464 0.40865384615384615 0.2764423076923077 0.12740384615384615
2 0.203125 0.42427884615384615 0.11778846153846154 0.11298076923076923
2 0.6153846153846154 0.27163461538461536 0.040865384615384616 0.052884615384615384
2 0.5492788461538461 0.29086538461538464 0.07211538461538461 0.06971153846153846
2 0.46875 0.09495192307692307 0.21153846153846154 0.11298076923076923
2 0.6310096153846154 0.13701923076923078 0.25721153846153844 0.15865384615384615
2 0.8485576923076923 0.27884615384615385 0.11778846153846154 0.06971153846153846
2 0.8798076923076923 0.3737980769230769 0.18990384615384615 0.0889423076923077
2 0.7055288461538461 0.4014423076923077 0.12980769230769232 0.08173076923076923
2 0.9459134615384616 0.3389423076923077 0.0673076923076923 0.028846153846153848
2 0.9747596153846154 0.49278846153846156 0.03125 0.04807692307692308
2 0.9026442307692307 0.5228365384615384 0.040865384615384616 0.02403846153846154
2 0.9038461538461539 0.1658653846153846 0.1875 0.12980769230769232
2 0.7944711538461539 0.14543269230769232 0.1346153846153846 0.12740384615384615
2 0.6947115384615384 0.020432692307692308 0.09134615384615384 0.036057692307692304
2 0.9086538461538461 0.03125 0.1778846153846154 0.057692307692307696
2 0.9783653846153846 0.046875 0.038461538461538464 0.05048076923076923