2 0.32211538461538464 0.8269230769230769 0.3245192307692308 0.27403846153846156
2 0.8040865384615384 0.8353365384615384 0.3125 0.2764423076923077
2 0.7980769230769231 0.5 0.3245192307692308 0.27884615384615385
2 0.31971153846153844 0.49158653846153844 0.3125 0.27884615384615385
2 0.3137019230769231 0.1622596153846154 0.3076923076923077 0.27163461538461536
2 0.7956730769230769 0.16466346153846154 0.3293269230769231 0.27403846153846156
3 0.5973557692307693 0.8293269230769231 0.13942307692307693 0.2980769230769231
3 0.11057692307692307 0.8245192307692307 0.1346153846153846 0.28846153846153844
3 0.11298076923076923 0.48677884615384615 0.13942307692307693 0.2980769230769231
3 0.1045673076923077 0.15504807692307693 0.12980769230769232 0.30288461538461536
3 0.5889423076923077 0.1622596153846154 0.12980769230769232 0.28846153846153844
3 0.5961538461538461 0.49278846153846156 0.14182692307692307 0.2932692307692308