2 0.7463942307692307 0.10576923076923077 0.40865384615384615 0.20192307692307693
2 0.9483173076923077 0.04927884615384615 0.09134615384615384 0.09134615384615384
2 0.9399038461538461 0.22956730769230768 0.11057692307692307 0.20192307692307693
2 0.7295673076923077 0.3269230769230769 0.4206730769230769 0.23317307692307693
2 0.953125 0.46153846153846156 0.08173076923076923 0.18269230769230768
2 0.9483173076923077 0.6923076923076923 0.09134615384615384 0.18509615384615385
2 0.9507211538461539 0.9122596153846154 0.08653846153846154 0.17307692307692307
2 0.7403846153846154 0.5540865384615384 0.4206730769230769 0.22115384615384615
2 0.7620192307692307 0.7908653846153846 0.40865384615384615 0.22355769230769232
2 0.7427884615384616 0.953125 0.4182692307692308 0.0889423076923077
2 0.4567307692307692 0.04326923076923077 0.3557692307692308 0.08173076923076923
2 0.16706730769230768 0.09615384615384616 0.3317307692307692 0.18509615384615385
2 0.4675480769230769 0.20192307692307693 0.3557692307692308 0.23076923076923078
2 0.47836538461538464 0.4326923076923077 0.34375 0.22596153846153846
2 0.4807692307692308 0.6634615384615384 0.3605769230769231 0.22115384615384615
2 0.4807692307692308 0.8894230769230769 0.35096153846153844 0.21634615384615385
2 0.17668269230769232 0.7668269230769231 0.3485576923076923 0.23076923076923078
2 0.17067307692307693 0.5360576923076923 0.33653846153846156 0.22596153846153846
2 0.1658653846153846 0.30528846153846156 0.3269230769230769 0.22596153846153846
2 0.17668269230769232 0.9375 0.3485576923076923 0.1201923076923077