2 0.6418269230769231 0.08774038461538461 0.19230769230769232 0.11538461538461539
2 0.6995192307692307 0.109375 0.08653846153846154 0.06490384615384616
2 0.5108173076923077 0.15144230769230768 0.08173076923076923 0.1346153846153846
2 0.4266826923076923 0.15985576923076922 0.17307692307692307 0.16826923076923078
2 0.41586538461538464 0.12860576923076922 0.0673076923076923 0.07692307692307693
2 0.3473557692307692 0.14543269230769232 0.07211538461538461 0.05048076923076923
2 0.38221153846153844 0.12139423076923077 0.04326923076923077 0.038461538461538464
2 0.27884615384615385 0.15625 0.04326923076923077 0.057692307692307696
2 0.2920673076923077 0.11057692307692307 0.08173076923076923 0.0625
2 0.23197115384615385 0.13581730769230768 0.125 0.0625
2 0.22716346153846154 0.10336538461538461 0.04807692307692308 0.02403846153846154
2 0.19110576923076922 0.19110576923076922 0.17307692307692307 0.14903846153846154
2 0.234375 0.24158653846153846 0.07692307692307693 0.0673076923076923
2 0.30288461538461536 0.21514423076923078 0.07211538461538461 0.08173076923076923
2 0.3112980769230769 0.2692307692307692 0.11057692307692307 0.057692307692307696
2 0.5360576923076923 0.30528846153846156 0.2956730769230769 0.20192307692307693
2 0.7319711538461539 0.25600961538461536 0.23076923076923078 0.19951923076923078
2 0.8137019230769231 0.3076923076923077 0.12980769230769232 0.11298076923076923
2 0.7764423076923077 0.24759615384615385 0.07692307692307693 0.08173076923076923
2 0.84375 0.2620192307692308 0.04807692307692308 0.028846153846153848
2 0.84375 0.18028846153846154 0.06009615384615385 0.07692307692307693
2 0.7764423076923077 0.19110576923076922 0.15384615384615385 0.0985576923076923
2 0.5877403846153846 0.18389423076923078 0.11538461538461539 0.0673076923076923
2 0.5324519230769231 0.28125 0.13701923076923078 0.09134615384615384
2 0.5432692307692307 0.3449519230769231 0.125 0.06490384615384616
2 0.4423076923076923 0.32572115384615385 0.052884615384615384 0.0625
2 0.3713942307692308 0.33774038461538464 0.03365384615384615 0.028846153846153848
2 0.36658653846153844 0.28966346153846156 0.0673076923076923 0.038461538461538464
2 0.24278846153846154 0.2848557692307692 0.07211538461538461 0.0625
2 0.23798076923076922 0.33774038461538464 0.038461538461538464 0.021634615384615384
2 0.22355769230769232 0.3112980769230769 0.052884615384615384 0.03365384615384615
2 0.19951923076923078 0.35216346153846156 0.06009615384615385 0.12980769230769232
2 0.2704326923076923 0.375 0.04807692307692308 0.05048076923076923
2 0.25721153846153844 0.36177884615384615 0.0673076923076923 0.0625
2 0.32211538461538464 0.375 0.08653846153846154 0.07211538461538461
2 0.28725961538461536 0.43149038461538464 0.07211538461538461 0.0625
2 0.18629807692307693 0.43509615384615385 0.11057692307692307 0.10576923076923077
2 0.7980769230769231 0.40384615384615385 0.15384615384615385 0.08173076923076923
2 0.6935096153846154 0.41947115384615385 0.052884615384615384 0.08413461538461539
2 0.6586538461538461 0.44711538461538464 0.06009615384615385 0.11057692307692307
2 0.5985576923076923 0.4266826923076923 0.10336538461538461 0.08413461538461539
2 0.3858173076923077 0.7776442307692307 0.37740384615384615 0.1971153846153846
2 0.3798076923076923 0.6887019230769231 0.10336538461538461 0.0673076923076923
2 0.28365384615384615 0.8509615384615384 0.20673076923076922 0.11057692307692307
2 0.16706730769230768 0.7896634615384616 0.08173076923076923 0.057692307692307696
2 0.20432692307692307 0.8293269230769231 0.125 0.08173076923076923
2 0.30649038461538464 0.8112980769230769 0.1201923076923077 0.08173076923076923
2 0.19110576923076922 0.7692307692307693 0.08653846153846154 0.026442307692307692
2 0.1778846153846154 0.703125 0.08173076923076923 0.08413461538461539
2 0.20432692307692307 0.6358173076923077 0.08173076923076923 0.07211538461538461
2 0.25721153846153844 0.6706730769230769 0.08653846153846154 0.052884615384615384
2 0.28365384615384615 0.6057692307692307 0.0985576923076923 0.0673076923076923
2 0.32211538461538464 0.6358173076923077 0.07692307692307693 0.036057692307692304
2 0.34134615384615385 0.5997596153846154 0.04807692307692308 0.028846153846153848
2 0.3713942307692308 0.5673076923076923 0.0673076923076923 0.08653846153846154
2 0.31971153846153844 0.49399038461538464 0.14903846153846154 0.14423076923076922
2 0.24639423076923078 0.5108173076923077 0.25 0.20673076923076922
2 0.453125 0.46153846153846156 0.11057692307692307 0.08173076923076923
2 0.4423076923076923 0.40384615384615385 0.12980769230769232 0.04326923076923077
2 0.7788461538461539 0.11778846153846154 0.07211538461538461 0.038461538461538464
2 0.8197115384615384 0.48197115384615385 0.08653846153846154 0.0673076923076923
2 0.8064903846153846 0.5144230769230769 0.07211538461538461 0.0985576923076923
2 0.7295673076923077 0.5252403846153846 0.07211538461538461 0.052884615384615384
2 0.7211538461538461 0.4795673076923077 0.1201923076923077 0.05048076923076923
2 0.5793269230769231 0.5204326923076923 0.23076923076923078 0.08653846153846154
2 0.6033653846153846 0.5600961538461539 0.11538461538461539 0.05048076923076923
2 0.6033653846153846 0.47115384615384615 0.04807692307692308 0.02403846153846154
2 0.5432692307692307 0.4567307692307692 0.06009615384615385 0.04807692307692308
2 0.5408653846153846 0.4182692307692308 0.0673076923076923 0.036057692307692304
2 0.5360576923076923 0.5913461538461539 0.052884615384615384 0.03365384615384615
2 0.453125 0.5456730769230769 0.1201923076923077 0.09615384615384616
2 0.47596153846153844 0.6394230769230769 0.08653846153846154 0.09615384615384616
2 0.5576923076923077 0.6586538461538461 0.16346153846153846 0.13942307692307693
2 0.6442307692307693 0.6033653846153846 0.08653846153846154 0.036057692307692304
2 0.5769230769230769 0.6838942307692307 0.07211538461538461 0.09615384615384616
2 0.546875 0.7403846153846154 0.11057692307692307 0.0985576923076923
2 0.6225961538461539 0.765625 0.03365384615384615 0.038461538461538464
2 0.6526442307692307 0.796875 0.09134615384615384 0.11057692307692307
2 0.6370192307692307 0.8329326923076923 0.08173076923076923 0.10336538461538461
2 0.5540865384615384 0.8942307692307693 0.16826923076923078 0.08173076923076923
2 0.4014423076923077 0.8341346153846154 0.10336538461538461 0.052884615384615384
2 0.8088942307692307 0.6802884615384616 0.12980769230769232 0.04326923076923077
2 0.7920673076923077 0.6418269230769231 0.11057692307692307 0.07692307692307693
2 0.8305288461538461 0.5925480769230769 0.07692307692307693 0.036057692307692304
2 0.765625 0.5745192307692307 0.03365384615384615 0.014423076923076924
2 0.7235576923076923 0.6069711538461539 0.09134615384615384 0.08173076923076923
2 0.6742788461538461 0.6658653846153846 0.04807692307692308 0.04326923076923077
2 0.7572115384615384 0.6959134615384616 0.19230769230769232 0.0985576923076923
2 0.7572115384615384 0.7295673076923077 0.18028846153846154 0.11298076923076923
2 0.7403846153846154 0.8293269230769231 0.15865384615384615 0.07451923076923077
2 0.734375 0.8449519230769231 0.11538461538461539 0.1346153846153846
2 0.7956730769230769 0.8858173076923077 0.06009615384615385 0.07692307692307693