2 0.12740384615384615 0.6646634615384616 0.24759615384615385 0.25721153846153844
2 0.1622596153846154 0.234375 0.23076923076923078 0.2644230769230769
2 0.5024038461538461 0.6526442307692307 0.2403846153846154 0.25240384615384615
2 0.49399038461538464 0.21875 0.21634615384615385 0.24278846153846154
2 0.8317307692307693 0.2247596153846154 0.2283653846153846 0.25240384615384615
2 0.8725961538461539 0.6478365384615384 0.25 0.25721153846153844
2 0.17908653846153846 0.6887019230769231 0.30528846153846156 0.40865384615384615
2 0.21033653846153846 0.28846153846153844 0.28365384615384615 0.34134615384615385
2 0.5120192307692307 0.28365384615384615 0.2668269230769231 0.3293269230769231
2 0.5168269230769231 0.6754807692307693 0.2932692307692308 0.3918269230769231
2 0.8461538461538461 0.6706730769230769 0.2860576923076923 0.3798076923076923
2 0.8112980769230769 0.28846153846153844 0.2620192307692308 0.3293269230769231