2 0.0733173076923077 0.025240384615384616 0.13701923076923078 0.04326923076923077
2 0.16346153846153846 0.042067307692307696 0.14182692307692307 0.07692307692307693
2 0.036057692307692304 0.08774038461538461 0.06009615384615385 0.09615384615384616
2 0.17427884615384615 0.1814903846153846 0.21875 0.125
2 0.21033653846153846 0.06370192307692307 0.15865384615384615 0.1201923076923077
2 0.28725961538461536 0.04567307692307692 0.07211538461538461 0.08413461538461539
2 0.040865384615384616 0.10697115384615384 0.07211538461538461 0.1201923076923077
2 0.040865384615384616 0.23317307692307693 0.07211538461538461 0.11538461538461539
2 0.06610576923076923 0.3293269230769231 0.1201923076923077 0.15625
2 0.12860576923076922 0.2668269230769231 0.125 0.14182692307692307
2 0.06009615384615385 0.44591346153846156 0.11057692307692307 0.10576923076923077
2 0.0985576923076923 0.49399038461538464 0.16346153846153846 0.125
2 0.027644230769230768 0.5288461538461539 0.04326923076923077 0.08413461538461539
2 0.10096153846153846 0.5673076923076923 0.11538461538461539 0.09615384615384616
2 0.0625 0.6490384615384616 0.11538461538461539 0.1346153846153846
2 0.08173076923076923 0.7584134615384616 0.15384615384615385 0.12740384615384615
2 0.1778846153846154 0.6382211538461539 0.18028846153846154 0.15625
2 0.25721153846153844 0.5745192307692307 0.1201923076923077 0.13942307692307693
2 0.1971153846153846 0.5072115384615384 0.11057692307692307 0.08413461538461539
2 0.22956730769230768 0.7704326923076923 0.12980769230769232 0.125
2 0.3173076923076923 0.7259615384615384 0.16346153846153846 0.15625
2 0.4182692307692308 0.765625 0.08173076923076923 0.1346153846153846
2 0.4074519230769231 0.6850961538461539 0.08173076923076923 0.0673076923076923
2 0.22716346153846154 0.9435096153846154 0.18509615384615385 0.10817307692307693
2 0.11177884615384616 0.9603365384615384 0.19471153846153846 0.07451923076923077
2 0.06850961538461539 0.9050480769230769 0.125 0.13942307692307693
2 0.14182692307692307 0.8485576923076923 0.14182692307692307 0.11298076923076923
2 0.2704326923076923 0.8401442307692307 0.15865384615384615 0.10336538461538461
2 0.43149038461538464 0.8581730769230769 0.2403846153846154 0.10336538461538461
2 0.3798076923076923 0.9314903846153846 0.13701923076923078 0.11057692307692307
2 0.43028846153846156 0.9567307692307693 0.22596153846153846 0.08173076923076923
2 0.21875 0.41225961538461536 0.1875 0.1346153846153846
2 0.2704326923076923 0.3004807692307692 0.14903846153846154 0.10576923076923077
2 0.2403846153846154 0.2668269230769231 0.16346153846153846 0.08413461538461539
2 0.3473557692307692 0.17668269230769232 0.125 0.09134615384615384
2 0.3581730769230769 0.08774038461538461 0.18028846153846154 0.11538461538461539
2 0.43149038461538464 0.052884615384615384 0.21875 0.0985576923076923
2 0.5432692307692307 0.109375 0.20192307692307693 0.14423076923076922
2 0.7127403846153846 0.06490384615384616 0.21153846153846154 0.125
2 0.8173076923076923 0.025240384615384616 0.11538461538461539 0.04326923076923077
2 0.5576923076923077 0.02403846153846154 0.1201923076923077 0.038461538461538464
2 0.453125 0.20673076923076922 0.14182692307692307 0.11057692307692307
2 0.4014423076923077 0.2620192307692308 0.13701923076923078 0.08173076923076923
2 0.390625 0.3473557692307692 0.19230769230769232 0.1346153846153846
2 0.5276442307692307 0.3545673076923077 0.125 0.11298076923076923
2 0.6225961538461539 0.3545673076923077 0.15384615384615385 0.08413461538461539
2 0.6310096153846154 0.28125 0.15865384615384615 0.1346153846153846
2 0.49399038461538464 0.2439903846153846 0.14903846153846154 0.08653846153846154
2 0.671875 0.20673076923076922 0.17307692307692307 0.14423076923076922
2 0.7127403846153846 0.14182692307692307 0.21153846153846154 0.125
2 0.8497596153846154 0.14783653846153846 0.13701923076923078 0.12740384615384615
2 0.8774038461538461 0.08173076923076923 0.10336538461538461 0.11298076923076923
2 0.7740384615384616 0.21514423076923078 0.44711538461538464 0.43028846153846156
2 0.41586538461538464 0.5432692307692307 0.21875 0.1201923076923077
2 0.36899038461538464 0.46033653846153844 0.23557692307692307 0.0985576923076923
2 0.5841346153846154 0.5396634615384616 0.12980769230769232 0.0625
2 0.5793269230769231 0.46875 0.11057692307692307 0.08173076923076923
2 0.42908653846153844 0.6586538461538461 0.27884615384615385 0.18269230769230768
2 0.5600961538461539 0.7872596153846154 0.21153846153846154 0.11298076923076923
2 0.6550480769230769 0.6947115384615384 0.6899038461538461 0.6057692307692307
2 0.5024038461538461 0.4987980769230769 0.9951923076923077 0.9975961538461539