2 0.5540865384615384 0.6177884615384616 0.33653846153846156 0.5336538461538461
2 0.24879807692307693 0.47716346153846156 0.3605769230769231 0.6298076923076923
2 0.7223557692307693 0.47596153846153844 0.3317307692307692 0.625
0 0.21995192307692307 0.36177884615384615 0.24519230769230768 0.0625
0 0.24158653846153846 0.40024038461538464 0.27884615384615385 0.057692307692307696
0 0.2536057692307692 0.44711538461538464 0.2644230769230769 0.04567307692307692
0 0.2439903846153846 0.48197115384615385 0.2644230769230769 0.057692307692307696
0 0.2608173076923077 0.5180288461538461 0.27884615384615385 0.03365384615384615
0 0.2512019230769231 0.5504807692307693 0.2692307692307692 0.03365384615384615
0 0.25841346153846156 0.59375 0.2548076923076923 0.04326923076923077
0 0.25600961538461536 0.6322115384615384 0.25961538461538464 0.04807692307692308
0 0.25841346153846156 0.671875 0.2548076923076923 0.038461538461538464
0 0.2536057692307692 0.7055288461538461 0.24519230769230768 0.040865384615384616
0 0.265625 0.7451923076923077 0.2283653846153846 0.038461538461538464
0 0.5588942307692307 0.6610576923076923 0.25961538461538464 0.0985576923076923
0 0.5709134615384616 0.7283653846153846 0.22596153846153846 0.038461538461538464
0 0.5973557692307693 0.7632211538461539 0.22115384615384615 0.040865384615384616
0 0.5877403846153846 0.7944711538461539 0.23076923076923078 0.038461538461538464
0 0.5829326923076923 0.8413461538461539 0.21875 0.04807692307692308
0 0.7391826923076923 0.3942307692307692 0.23076923076923078 0.09375
0 0.7367788461538461 0.5036057692307693 0.24519230769230768 0.11057692307692307
0 0.7295673076923077 0.5997596153846154 0.22115384615384615 0.11538461538461539
0 0.7295673076923077 0.6875 0.23076923076923078 0.1346153846153846