2 0.7764423076923077 0.7415865384615384 0.4375 0.18990384615384615
2 0.6911057692307693 0.9182692307692307 0.6057692307692307 0.15625
2 0.78125 0.49399038461538464 0.42788461538461536 0.20192307692307693
2 0.7572115384615384 0.17067307692307693 0.47596153846153844 0.21875
2 0.6742788461538461 0.33052884615384615 0.6394230769230769 0.15384615384615385
2 0.5480769230769231 0.0625 0.8990384615384616 0.125
2 0.41586538461538464 0.19831730769230768 0.21875 0.15625
2 0.23798076923076922 0.30528846153846156 0.25721153846153844 0.10096153846153846
2 0.2512019230769231 0.44711538461538464 0.3076923076923077 0.09615384615384616
2 0.4230769230769231 0.5036057692307693 0.32211538461538464 0.15625
2 0.6177884615384616 0.6358173076923077 0.7548076923076923 0.09615384615384616
2 0.3557692307692308 0.7932692307692307 0.2620192307692308 0.14423076923076922
2 0.2704326923076923 0.921875 0.28846153846153844 0.12740384615384615
3 0.5192307692307693 0.7403846153846154 0.11057692307692307 0.15625
3 0.25961538461538464 0.78125 0.08173076923076923 0.125