2 0.5024038461538461 0.5072115384615384 0.2644230769230769 0.9326923076923077
2 0.6478365384615384 0.5084134615384616 0.16826923076923078 0.8125
2 0.7572115384615384 0.5108173076923077 0.14903846153846154 0.7283653846153846
2 0.8521634615384616 0.5132211538461539 0.1346153846153846 0.6346153846153846
2 0.359375 0.5072115384615384 0.15625 0.8004807692307693
2 0.25 0.5108173076923077 0.15144230769230768 0.7283653846153846
2 0.14783653846153846 0.5084134615384616 0.10576923076923077 0.6346153846153846
3 0.49759615384615385 0.03125 0.1201923076923077 0.036057692307692304
3 0.6117788461538461 0.09134615384615384 0.0889423076923077 0.014423076923076924
3 0.7235576923076923 0.13341346153846154 0.07211538461538461 0.009615384615384616
3 0.8233173076923077 0.18389423076923078 0.0673076923076923 0.014423076923076924
3 0.38341346153846156 0.09375 0.0985576923076923 0.019230769230769232
3 0.27283653846153844 0.13581730769230768 0.08173076923076923 0.014423076923076924
3 0.16466346153846154 0.18028846153846154 0.0625 0.014423076923076924