2 0.609375 0.44711538461538464 0.3894230769230769 0.27403846153846156
2 0.34975961538461536 0.796875 0.13701923076923078 0.21153846153846154
2 0.4879807692307692 0.7211538461538461 0.11057692307692307 0.20192307692307693
2 0.5444711538461539 0.6526442307692307 0.04326923076923077 0.10576923076923077
2 0.36538461538461536 0.7235576923076923 0.04326923076923077 0.09615384615384616
2 0.22596153846153846 0.7512019230769231 0.06971153846153846 0.05048076923076923
2 0.25961538461538464 0.6670673076923077 0.057692307692307696 0.07692307692307693
2 0.31009615384615385 0.6466346153846154 0.03365384615384615 0.07692307692307693
2 0.33052884615384615 0.44711538461538464 0.21634615384615385 0.33653846153846156
2 0.3401442307692308 0.25841346153846156 0.13942307692307693 0.13221153846153846
2 0.35697115384615385 0.15985576923076922 0.07451923076923077 0.08653846153846154
2 0.43990384615384615 0.11899038461538461 0.07451923076923077 0.07692307692307693
2 0.43028846153846156 0.19831730769230768 0.055288461538461536 0.10096153846153846
2 0.46274038461538464 0.27403846153846156 0.057692307692307696 0.11057692307692307
2 0.5072115384615384 0.2920673076923077 0.04807692307692308 0.0673076923076923
2 0.5745192307692307 0.36778846153846156 0.055288461538461536 0.08653846153846154
2 0.5408653846153846 0.11658653846153846 0.09615384615384616 0.11057692307692307