2 0.6069711538461539 0.6983173076923077 0.6201923076923077 0.20192307692307693
2 0.7175480769230769 0.5961538461538461 0.4951923076923077 0.1201923076923077
2 0.8425480769230769 0.5120192307692307 0.30288461538461536 0.15625
2 0.7920673076923077 0.3629807692307692 0.40384615384615385 0.15384615384615385
2 0.6935096153846154 0.3629807692307692 0.4807692307692308 0.1875
2 0.5240384615384616 0.5012019230769231 0.34615384615384615 0.16346153846153846
2 0.6694711538461539 0.22115384615384615 0.375 0.11057692307692307
2 0.8810096153846154 0.24879807692307693 0.08173076923076923 0.09615384615384616
2 0.25600961538461536 0.40024038461538464 0.3942307692307692 0.09375
2 0.17908653846153846 0.5048076923076923 0.34615384615384615 0.08173076923076923
2 0.25841346153846156 0.5865384615384616 0.43509615384615385 0.06009615384615385