2 0.9338942307692307 0.8846153846153846 0.0889423076923077 0.16826923076923078
2 0.8641826923076923 0.609375 0.15384615384615385 0.25721153846153844
2 0.8930288461538461 0.38221153846153844 0.0889423076923077 0.0889423076923077
2 0.9026442307692307 0.18870192307692307 0.15144230769230768 0.18269230769230768
2 0.7283653846153846 0.1201923076923077 0.15144230769230768 0.16826923076923078
2 0.5649038461538461 0.1201923076923077 0.0889423076923077 0.14182692307692307
2 0.40625 0.09375 0.10096153846153846 0.08173076923076923
2 0.5733173076923077 0.3581730769230769 0.052884615384615384 0.2091346153846154
2 0.7151442307692307 0.32211538461538464 0.125 0.11057692307692307
2 0.6838942307692307 0.5805288461538461 0.15144230769230768 0.21634615384615385
2 0.7512019230769231 0.8533653846153846 0.07211538461538461 0.1971153846153846
2 0.5973557692307693 0.8557692307692307 0.15384615384615385 0.19230769230769232
2 0.46875 0.7091346153846154 0.11057692307692307 0.21634615384615385
2 0.5132211538461539 0.5889423076923077 0.13942307692307693 0.17307692307692307
2 0.39302884615384615 0.8665865384615384 0.15384615384615385 0.14182692307692307
2 0.30649038461538464 0.6129807692307693 0.10576923076923077 0.16826923076923078
2 0.30408653846153844 0.44471153846153844 0.04807692307692308 0.10576923076923077
2 0.37740384615384615 0.4375 0.07211538461538461 0.08413461538461539
2 0.453125 0.3894230769230769 0.036057692307692304 0.021634615384615384
2 0.4266826923076923 0.33533653846153844 0.019230769230769232 0.014423076923076924
2 0.421875 0.27163461538461536 0.10576923076923077 0.052884615384615384
2 0.38461538461538464 0.21754807692307693 0.03125 0.019230769230769232
2 0.3713942307692308 0.18870192307692307 0.038461538461538464 0.021634615384615384
2 0.21514423076923078 0.078125 0.16346153846153846 0.057692307692307696
2 0.057692307692307696 0.07091346153846154 0.04326923076923077 0.0889423076923077
2 0.09615384615384616 0.18269230769230768 0.09375 0.04326923076923077
2 0.19110576923076922 0.1935096153846154 0.125 0.09375
2 0.28846153846153844 0.2091346153846154 0.04326923076923077 0.10576923076923077
2 0.30649038461538464 0.2848557692307692 0.0625 0.04326923076923077
2 0.2283653846153846 0.25721153846153844 0.021634615384615384 0.019230769230769232
2 0.19110576923076922 0.2692307692307692 0.052884615384615384 0.03125
2 0.2403846153846154 0.3137019230769231 0.019230769230769232 0.014423076923076924
2 0.2932692307692308 0.34615384615384615 0.026442307692307692 0.026442307692307692
2 0.3269230769230769 0.3329326923076923 0.004807692307692308 0.026442307692307692
2 0.25721153846153844 0.39783653846153844 0.026442307692307692 0.04807692307692308
2 0.21153846153846154 0.3401442307692308 0.014423076923076924 0.014423076923076924
2 0.18389423076923078 0.36658653846153844 0.08413461538461539 0.13942307692307693
2 0.08413461538461539 0.2800480769230769 0.11538461538461539 0.04326923076923077
2 0.0733173076923077 0.41947115384615385 0.0673076923076923 0.10096153846153846
2 0.14423076923076922 0.46274038461538464 0.04807692307692308 0.04326923076923077
2 0.23076923076923078 0.5204326923076923 0.08173076923076923 0.125
2 0.08173076923076923 0.5108173076923077 0.08413461538461539 0.07211538461538461
2 0.18389423076923078 0.7019230769230769 0.12980769230769232 0.14182692307692307
2 0.21995192307692307 0.875 0.12980769230769232 0.1778846153846154
2 0.07572115384615384 0.7848557692307693 0.11538461538461539 0.1466346153846154