2 0.32211538461538464 0.31971153846153844 0.5384615384615384 0.44471153846153844
2 0.7043269230769231 0.44471153846153844 0.5096153846153846 0.49038461538461536
2 0.43509615384615385 0.6911057692307693 0.5961538461538461 0.41346153846153844
0 0.3641826923076923 0.6262019230769231 0.1875 0.1778846153846154
0 0.2283653846153846 0.5600961538461539 0.12980769230769232 0.04326923076923077
0 0.22716346153846154 0.6394230769230769 0.10576923076923077 0.15865384615384615
0 0.34615384615384615 0.6754807692307693 0.1971153846153846 0.1875
0 0.4735576923076923 0.6225961538461539 0.057692307692307696 0.1875
0 0.5072115384615384 0.6286057692307693 0.026442307692307692 0.1201923076923077
0 0.4795673076923077 0.7848557692307693 0.08173076923076923 0.17307692307692307
0 0.4182692307692308 0.8040865384615384 0.1346153846153846 0.16826923076923078
0 0.3713942307692308 0.8269230769230769 0.10096153846153846 0.11538461538461539
0 0.25600961538461536 0.8377403846153846 0.16346153846153846 0.11057692307692307
0 0.2848557692307692 0.7620192307692307 0.09615384615384616 0.057692307692307696
0 0.21153846153846154 0.7776442307692307 0.07692307692307693 0.052884615384615384
0 0.2091346153846154 0.7512019230769231 0.0889423076923077 0.11538461538461539
0 0.2127403846153846 0.6358173076923077 0.09615384615384616 0.16826923076923078