2 0.5 0.5012019230769231 0.9951923076923077 0.9927884615384616
2 0.13701923076923078 0.20192307692307693 0.2668269230769231 0.3942307692307692
2 0.43990384615384615 0.21153846153846154 0.34134615384615385 0.4110576923076923
2 0.3629807692307692 0.5120192307692307 0.3004807692307692 0.4639423076923077
2 0.7235576923076923 0.33653846153846156 0.22115384615384615 0.375
2 0.5528846153846154 0.46153846153846156 0.3269230769230769 0.5649038461538461
2 0.6105769230769231 0.03245192307692308 0.5336538461538461 0.055288461538461536
2 0.7163461538461539 0.20552884615384615 0.20673076923076922 0.30528846153846156
2 0.7487980769230769 0.41947115384615385 0.2980769230769231 0.28125
2 0.7620192307692307 0.7524038461538461 0.34375 0.43509615384615385
2 0.41225961538461536 0.7439903846153846 0.3629807692307692 0.2860576923076923
2 0.4170673076923077 0.84375 0.2764423076923077 0.3076923076923077
2 0.19471153846153846 0.8293269230769231 0.3125 0.33653846153846156
2 0.07451923076923077 0.7319711538461539 0.14423076923076922 0.3918269230769231
2 0.1310096153846154 0.6298076923076923 0.25721153846153844 0.7355769230769231
2 0.9038461538461539 0.5012019230769231 0.1875 0.9927884615384616