2 0.28966346153846156 0.28725961538461536 0.14903846153846154 0.4254807692307692
2 0.34375 0.19831730769230768 0.10576923076923077 0.28846153846153844
2 0.46634615384615385 0.5745192307692307 0.34134615384615385 0.7331730769230769
2 0.6225961538461539 0.21514423076923078 0.09134615384615384 0.2620192307692308
2 0.5324519230769231 0.17548076923076922 0.08173076923076923 0.22115384615384615
2 0.44591346153846156 0.1466346153846154 0.0673076923076923 0.21153846153846154
2 0.4699519230769231 0.35096153846153844 0.18028846153846154 0.4951923076923077
2 0.6959134615384616 0.40384615384615385 0.20673076923076922 0.5985576923076923
5 0.6237980769230769 0.4230769230769231 0.0625 0.14423076923076922
5 0.5384615384615384 0.36658653846153844 0.06009615384615385 0.14903846153846154
5 0.44591346153846156 0.3112980769230769 0.06009615384615385 0.11057692307692307
5 0.34375 0.3858173076923077 0.07211538461538461 0.06971153846153846
5 0.3076923076923077 0.5540865384615384 0.11057692307692307 0.0985576923076923
5 0.5 0.65625 0.1201923076923077 0.10336538461538461
5 0.6983173076923077 0.7247596153846154 0.08413461538461539 0.03365384615384615
5 0.4699519230769231 0.9651442307692307 0.08413461538461539 0.038461538461538464