2 0.5540865384615384 0.8016826923076923 0.23557692307692307 0.09134615384615384
2 0.5576923076923077 0.6754807692307693 0.2403846153846154 0.09134615384615384
2 0.5576923076923077 0.5492788461538461 0.2403846153846154 0.09134615384615384
2 0.5576923076923077 0.41947115384615385 0.23076923076923078 0.09134615384615384
2 0.5540865384615384 0.29447115384615385 0.23557692307692307 0.09134615384615384
2 0.5600961538461539 0.16466346153846154 0.23557692307692307 0.09134615384615384
5 0.3485576923076923 0.8016826923076923 0.1778846153846154 0.07692307692307693
5 0.3485576923076923 0.6778846153846154 0.16826923076923078 0.07211538461538461
5 0.3485576923076923 0.5492788461538461 0.16826923076923078 0.07692307692307693
5 0.34615384615384615 0.41947115384615385 0.18269230769230768 0.07692307692307693
5 0.35096153846153844 0.29447115384615385 0.17307692307692307 0.07692307692307693
5 0.3545673076923077 0.1658653846153846 0.1778846153846154 0.07211538461538461