2 0.8161057692307693 0.5096153846153846 0.17548076923076922 0.25
2 0.6442307692307693 0.4963942307692308 0.13701923076923078 0.2980769230769231
2 0.5096153846153846 0.44711538461538464 0.11057692307692307 0.3605769230769231
2 0.3798076923076923 0.5120192307692307 0.11538461538461539 0.24278846153846154
2 0.26802884615384615 0.5192307692307693 0.09615384615384616 0.18028846153846154
2 0.1502403846153846 0.5528846153846154 0.12740384615384615 0.14903846153846154
3 0.8161057692307693 0.36899038461538464 0.16826923076923078 0.0673076923076923
3 0.6442307692307693 0.3173076923076923 0.13701923076923078 0.04807692307692308
3 0.5108173076923077 0.2548076923076923 0.10817307692307693 0.04807692307692308
3 0.3798076923076923 0.3605769230769231 0.10096153846153846 0.038461538461538464
3 0.265625 0.4098557692307692 0.09615384615384616 0.038461538461538464
3 0.1502403846153846 0.4567307692307692 0.1201923076923077 0.057692307692307696