2 0.6394230769230769 0.703125 0.25721153846153844 0.2932692307692308
2 0.6911057692307693 0.7932692307692307 0.16346153846153846 0.21153846153846154
2 0.4074519230769231 0.6778846153846154 0.22596153846153846 0.23557692307692307
2 0.35096153846153844 0.6682692307692307 0.18509615384615385 0.30288461538461536
2 0.5516826923076923 0.6778846153846154 0.14423076923076922 0.3125
2 0.6033653846153846 0.8377403846153846 0.0625 0.1466346153846154
2 0.45072115384615385 0.828125 0.09615384615384616 0.1346153846153846
2 0.7091346153846154 0.45552884615384615 0.18028846153846154 0.19230769230769232
2 0.6310096153846154 0.4651442307692308 0.0673076923076923 0.23557692307692307
2 0.5288461538461539 0.4579326923076923 0.14903846153846154 0.14423076923076922
2 0.48197115384615385 0.45552884615384615 0.09615384615384616 0.21634615384615385
2 0.6754807692307693 0.20432692307692307 0.23557692307692307 0.2932692307692308
2 0.5769230769230769 0.2283653846153846 0.07211538461538461 0.3317307692307692
2 0.4387019230769231 0.22596153846153846 0.1971153846153846 0.2668269230769231
2 0.3762019230769231 0.23798076923076922 0.16346153846153846 0.3125