2 0.25240384615384615 0.5360576923076923 0.3173076923076923 0.2620192307692308
2 0.3161057692307692 0.9170673076923077 0.45913461538461536 0.16105769230769232
2 0.296875 0.7463942307692307 0.27403846153846156 0.20192307692307693
2 0.49278846153846156 0.6802884615384616 0.0985576923076923 0.28846153846153844
2 0.44591346153846156 0.35216346153846156 0.35096153846153844 0.37740384615384615
2 0.29086538461538464 0.3389423076923077 0.21875 0.1201923076923077
5 0.43149038461538464 0.5240384615384616 0.052884615384615384 0.2403846153846154
5 0.4362980769230769 0.38221153846153844 0.057692307692307696 0.20673076923076922
5 0.6418269230769231 0.3557692307692308 0.038461538461538464 0.27403846153846156
5 0.5685096153846154 0.6826923076923077 0.038461538461538464 0.27403846153846156
5 0.47115384615384615 0.7319711538461539 0.0625 0.20673076923076922
5 0.5853365384615384 0.9086538461538461 0.07932692307692307 0.1778846153846154