2 0.36177884615384615 0.40384615384615385 0.08413461538461539 0.1346153846153846
2 0.31971153846153844 0.46634615384615385 0.08173076923076923 0.0889423076923077
2 0.35096153846153844 0.5492788461538461 0.052884615384615384 0.07692307692307693
2 0.3293269230769231 0.5973557692307693 0.08173076923076923 0.0673076923076923
2 0.3605769230769231 0.6706730769230769 0.08173076923076923 0.08173076923076923
2 0.453125 0.6995192307692307 0.08173076923076923 0.057692307692307696
2 0.43990384615384615 0.6442307692307693 0.14182692307692307 0.125
2 0.41586538461538464 0.5552884615384616 0.057692307692307696 0.10576923076923077
2 0.5084134615384616 0.49158653846153844 0.1201923076923077 0.12980769230769232
2 0.42908653846153844 0.43149038461538464 0.09375 0.125
2 0.4579326923076923 0.38461538461538464 0.10576923076923077 0.09375
2 0.5024038461538461 0.3557692307692308 0.14182692307692307 0.07211538461538461
2 0.5865384615384616 0.36177884615384615 0.08173076923076923 0.09375
2 0.6598557692307693 0.390625 0.0673076923076923 0.09615384615384616
2 0.6021634615384616 0.43990384615384615 0.09375 0.09615384615384616
2 0.6730769230769231 0.4423076923076923 0.09375 0.08413461538461539
2 0.6959134615384616 0.5048076923076923 0.11057692307692307 0.07692307692307693
2 0.6201923076923077 0.5132211538461539 0.11057692307692307 0.1466346153846154
2 0.7127403846153846 0.5600961538461539 0.10096153846153846 0.07211538461538461
2 0.6670673076923077 0.6394230769230769 0.07211538461538461 0.125
2 0.5817307692307693 0.6670673076923077 0.0889423076923077 0.16826923076923078
2 0.5552884615384616 0.6262019230769231 0.11538461538461539 0.08173076923076923
2 0.5084134615384616 0.7091346153846154 0.07692307692307693 0.09375