2 0.06009615384615385 0.9507211538461539 0.11298076923076923 0.08653846153846154
2 0.11658653846153846 0.8389423076923077 0.11057692307692307 0.11538461538461539
2 0.046875 0.7956730769230769 0.0889423076923077 0.11538461538461539
2 0.2692307692307692 0.9206730769230769 0.1466346153846154 0.14903846153846154
2 0.35096153846153844 0.953125 0.07692307692307693 0.08173076923076923
2 0.4182692307692308 0.8365384615384616 0.1466346153846154 0.1201923076923077
2 0.5108173076923077 0.4567307692307692 0.12740384615384615 0.24519230769230768
2 0.3016826923076923 0.25721153846153844 0.10336538461538461 0.1201923076923077
2 0.17427884615384615 0.2512019230769231 0.11057692307692307 0.0985576923076923
2 0.06850961538461539 0.34375 0.13221153846153846 0.17307692307692307
2 0.49278846153846156 0.2127403846153846 0.23076923076923078 0.17307692307692307
2 0.3870192307692308 0.24278846153846154 0.1201923076923077 0.13701923076923078
2 0.6274038461538461 0.26802884615384615 0.15625 0.1875
2 0.7103365384615384 0.3088942307692308 0.14903846153846154 0.22355769230769232
2 0.8221153846153846 0.390625 0.16826923076923078 0.27884615384615385
2 0.6201923076923077 0.5817307692307693 0.2644230769230769 0.28846153846153844
2 0.43149038461538464 0.5276442307692307 0.27403846153846156 0.22355769230769232
2 0.2668269230769231 0.4639423076923077 0.32211538461538464 0.23076923076923078
2 0.1310096153846154 0.6778846153846154 0.2548076923076923 0.21875
2 0.07692307692307693 0.5 0.1466346153846154 0.19230769230769232
2 0.3473557692307692 0.35216346153846156 0.25240384615384615 0.16826923076923078
2 0.28365384615384615 0.34375 0.22596153846153846 0.17548076923076922
2 0.44350961538461536 0.5685096153846154 0.18269230769230768 0.21875
2 0.34134615384615385 0.7788461538461539 0.24759615384615385 0.24519230769230768
2 0.125 0.7403846153846154 0.24519230769230768 0.3004807692307692
2 0.5769230769230769 0.7620192307692307 0.23557692307692307 0.22355769230769232
2 0.7596153846153846 0.7836538461538461 0.1875 0.20192307692307693
2 0.8377403846153846 0.8521634615384616 0.11298076923076923 0.15384615384615385
2 0.7403846153846154 0.9483173076923077 0.0673076923076923 0.09134615384615384
2 0.8557692307692307 0.7379807692307693 0.23076923076923078 0.2403846153846154
2 0.8293269230769231 0.5841346153846154 0.24759615384615385 0.2620192307692308
2 0.9387019230769231 0.5516826923076923 0.11778846153846154 0.2860576923076923
2 0.84375 0.33052884615384615 0.2764423076923077 0.34375