2 0.6574519230769231 0.859375 0.625 0.25721153846153844
2 0.578125 0.6875 0.5721153846153846 0.20673076923076922
2 0.640625 0.5036057692307693 0.6105769230769231 0.2403846153846154
2 0.328125 0.49399038461538464 0.13942307692307693 0.21153846153846154
2 0.5829326923076923 0.3016826923076923 0.5817307692307693 0.20432692307692307
2 0.6694711538461539 0.1346153846153846 0.6298076923076923 0.2548076923076923
5 0.16947115384615385 0.5060096153846154 0.18269230769230768 0.10576923076923077
5 0.13822115384615385 0.6875 0.15865384615384615 0.09375
5 0.17908653846153846 0.8545673076923077 0.17307692307692307 0.11057692307692307
5 0.08533653846153846 0.49399038461538464 0.12980769230769232 0.09134615384615384
5 0.13822115384615385 0.3016826923076923 0.16826923076923078 0.09134615384615384
5 0.19951923076923078 0.12620192307692307 0.16346153846153846 0.10576923076923077