2 0.7596153846153846 0.453125 0.23076923076923078 0.2403846153846154
2 0.8581730769230769 0.4951923076923077 0.2403846153846154 0.2091346153846154
2 0.5108173076923077 0.36899038461538464 0.2668269230769231 0.25721153846153844
2 0.24879807692307693 0.453125 0.25 0.2403846153846154
2 0.13581730769230768 0.5024038461538461 0.23557692307692307 0.22115384615384615
5 0.5108173076923077 0.5600961538461539 0.27403846153846156 0.125
5 0.7620192307692307 0.6262019230769231 0.24519230769230768 0.125
5 0.8581730769230769 0.6694711538461539 0.22115384615384615 0.1201923076923077
5 0.6153846153846154 0.6778846153846154 0.22596153846153846 0.10096153846153846
5 0.5072115384615384 0.6514423076923077 0.25 0.07692307692307693
5 0.37740384615384615 0.6935096153846154 0.23076923076923078 0.07211538461538461
5 0.25600961538461536 0.6262019230769231 0.24519230769230768 0.125
5 0.13341346153846154 0.6754807692307693 0.23076923076923078 0.10576923076923077