2 0.4699519230769231 0.7848557692307693 0.5600961538461539 0.3798076923076923
2 0.43990384615384615 0.27524038461538464 0.6394230769230769 0.49038461538461536
3 0.7848557692307693 0.7848557692307693 0.10096153846153846 0.3605769230769231
3 0.7896634615384616 0.2704326923076923 0.1201923076923077 0.40865384615384615
0 0.5769230769230769 0.17307692307692307 0.21634615384615385 0.18509615384615385
0 0.6021634615384616 0.4050480769230769 0.16346153846153846 0.18990384615384615
0 0.4879807692307692 0.3401442307692308 0.08653846153846154 0.19951923076923078
0 0.3798076923076923 0.4050480769230769 0.15865384615384615 0.16826923076923078
0 0.29447115384615385 0.44711538461538464 0.18028846153846154 0.125
0 0.2620192307692308 0.28725961538461536 0.20673076923076922 0.20673076923076922
0 0.28725961538461536 0.1346153846153846 0.22596153846153846 0.15865384615384615
0 0.4375 0.10216346153846154 0.1346153846153846 0.10576923076923077
0 0.4326923076923077 0.23557692307692307 0.09615384615384616 0.15865384615384615
0 0.6129807692307693 0.07692307692307693 0.17548076923076922 0.06490384615384616