2 0.8088942307692307 0.3401442307692308 0.27403846153846156 0.08413461538461539
2 0.7560096153846154 0.421875 0.15144230769230768 0.15144230769230768
2 0.6887019230769231 0.4795673076923077 0.14182692307692307 0.052884615384615384
2 0.7283653846153846 0.43149038461538464 0.1778846153846154 0.07211538461538461
2 0.6598557692307693 0.578125 0.18269230769230768 0.22115384615384615
2 0.42908653846153844 0.6862980769230769 0.34134615384615385 0.1466346153846154
2 0.12259615384615384 0.7223557692307693 0.18269230769230768 0.057692307692307696
2 0.21995192307692307 0.7091346153846154 0.16346153846153846 0.07692307692307693
2 0.109375 0.6442307692307693 0.2091346153846154 0.07932692307692307
2 0.31971153846153844 0.6153846153846154 0.25 0.08413461538461539
2 0.39302884615384615 0.5841346153846154 0.19951923076923078 0.09375
2 0.515625 0.5396634615384616 0.2932692307692308 0.08413461538461539
2 0.3173076923076923 0.49158653846153844 0.1466346153846154 0.08413461538461539
2 0.40865384615384615 0.47115384615384615 0.15144230769230768 0.07211538461538461
2 0.5492788461538461 0.45072115384615385 0.16346153846153846 0.10096153846153846
2 0.5516826923076923 0.3641826923076923 0.25721153846153844 0.15865384615384615
2 0.578125 0.3088942307692308 0.22115384615384615 0.1201923076923077
2 0.3329326923076923 0.3641826923076923 0.25721153846153844 0.10817307692307693
2 0.34615384615384615 0.25961538461538464 0.2764423076923077 0.13942307692307693
2 0.24879807692307693 0.3269230769230769 0.1778846153846154 0.13942307692307693
2 0.27163461538461536 0.42427884615384615 0.25 0.0673076923076923
2 0.25721153846153844 0.49158653846153844 0.27403846153846156 0.0673076923076923
2 0.12860576923076922 0.5625 0.15865384615384615 0.038461538461538464
2 0.21995192307692307 0.546875 0.2091346153846154 0.04567307692307692
2 0.08052884615384616 0.5084134615384616 0.15144230769230768 0.19951923076923078
2 0.08774038461538461 0.4026442307692308 0.17067307692307693 0.15625
2 0.1622596153846154 0.3737980769230769 0.0673076923076923 0.04326923076923077