2 0.6177884615384616 0.13701923076923078 0.18990384615384615 0.15144230769230768
2 0.65625 0.25600961538461536 0.17307692307692307 0.052884615384615384
2 0.8389423076923077 0.3233173076923077 0.3125 0.12740384615384615
2 0.5456730769230769 0.30288461538461536 0.13942307692307693 0.052884615384615384
2 0.4951923076923077 0.3425480769230769 0.08653846153846154 0.0889423076923077
2 0.4338942307692308 0.3737980769230769 0.16826923076923078 0.057692307692307696
2 0.4362980769230769 0.23677884615384615 0.07211538461538461 0.11538461538461539
2 0.24639423076923078 0.24759615384615385 0.1346153846153846 0.0625
2 0.19471153846153846 0.30649038461538464 0.1346153846153846 0.10817307692307693
2 0.08052884615384616 0.2536057692307692 0.15625 0.08413461538461539
2 0.21033653846153846 0.4375 0.3173076923076923 0.14903846153846154
2 0.3737980769230769 0.5 0.12259615384615384 0.13221153846153846
2 0.7872596153846154 0.4675480769230769 0.21153846153846154 0.14423076923076922
2 0.9507211538461539 0.5252403846153846 0.08653846153846154 0.12740384615384615
2 0.9338942307692307 0.6526442307692307 0.12259615384615384 0.0889423076923077
2 0.9435096153846154 0.7079326923076923 0.10096153846153846 0.057692307692307696
2 0.9435096153846154 0.8100961538461539 0.10096153846153846 0.15384615384615385
2 0.8413461538461539 0.9591346153846154 0.19471153846153846 0.05048076923076923
2 0.7439903846153846 0.9182692307692307 0.11298076923076923 0.052884615384615384
2 0.7415865384615384 0.8137019230769231 0.2403846153846154 0.09134615384615384
2 0.5661057692307693 0.796875 0.14903846153846154 0.0673076923076923
2 0.5072115384615384 0.7524038461538461 0.11298076923076923 0.04807692307692308
2 0.6742788461538461 0.7127403846153846 0.2403846153846154 0.07692307692307693
2 0.7620192307692307 0.6550480769230769 0.10817307692307693 0.0625
2 0.6129807692307693 0.6862980769230769 0.2620192307692308 0.10817307692307693
2 0.5132211538461539 0.6610576923076923 0.1346153846153846 0.0889423076923077
2 0.6466346153846154 0.5913461538461539 0.2764423076923077 0.12740384615384615
2 0.796875 0.5757211538461539 0.11778846153846154 0.11298076923076923
2 0.38461538461538464 0.7283653846153846 0.040865384615384616 0.052884615384615384
2 0.45072115384615385 0.7091346153846154 0.07211538461538461 0.06971153846153846
2 0.53125 0.9050480769230769 0.2091346153846154 0.11298076923076923
2 0.36899038461538464 0.8629807692307693 0.25721153846153844 0.15865384615384615
2 0.15144230769230768 0.7211538461538461 0.11778846153846154 0.06971153846153846
2 0.1201923076923077 0.6262019230769231 0.18990384615384615 0.0889423076923077
2 0.29447115384615385 0.5985576923076923 0.12980769230769232 0.08173076923076923
2 0.054086538461538464 0.6610576923076923 0.0673076923076923 0.028846153846153848
2 0.025240384615384616 0.5072115384615384 0.03125 0.04807692307692308
2 0.09735576923076923 0.47716346153846156 0.040865384615384616 0.02403846153846154
2 0.09615384615384616 0.8341346153846154 0.1875 0.12980769230769232
2 0.20552884615384615 0.8545673076923077 0.1346153846153846 0.12740384615384615
2 0.30649038461538464 0.9795673076923077 0.0889423076923077 0.036057692307692304
2 0.09014423076923077 0.9699519230769231 0.18028846153846154 0.055288461538461536
2 0.021634615384615384 0.953125 0.038461538461538464 0.05048076923076923