2 0.9326923076923077 0.35697115384615385 0.11538461538461539 0.7019230769230769
2 0.8052884615384616 0.43509615384615385 0.1201923076923077 0.8461538461538461
2 0.6826923076923077 0.44711538461538464 0.11778846153846154 0.8557692307692307
2 0.5492788461538461 0.4411057692307692 0.13701923076923078 0.8317307692307693
2 0.4182692307692308 0.4254807692307692 0.11298076923076923 0.8125
2 0.29927884615384615 0.3317307692307692 0.10817307692307693 0.6153846153846154
2 0.17548076923076922 0.4879807692307692 0.12740384615384615 0.9254807692307693
2 0.052884615384615384 0.4098557692307692 0.10576923076923077 0.8076923076923077
3 0.6814903846153846 0.8918269230769231 0.05048076923076923 0.019230769230769232
3 0.4170673076923077 0.8413461538461539 0.05048076923076923 0.019230769230769232
3 0.04807692307692308 0.8293269230769231 0.04326923076923077 0.03125