2 0.9134615384615384 0.4795673076923077 0.1466346153846154 0.5240384615384616
2 0.7463942307692307 0.47836538461538464 0.15144230769230768 0.5192307692307693
2 0.5817307692307693 0.47836538461538464 0.15144230769230768 0.5192307692307693
2 0.41586538461538464 0.47596153846153844 0.1466346153846154 0.5240384615384616
2 0.24879807692307693 0.48197115384615385 0.15144230769230768 0.5192307692307693
2 0.08052884615384616 0.47836538461538464 0.15144230769230768 0.5192307692307693
3 0.9086538461538461 0.20432692307692307 0.0673076923076923 0.026442307692307692
3 0.7463942307692307 0.20432692307692307 0.0625 0.026442307692307692
3 0.5805288461538461 0.20673076923076922 0.0673076923076923 0.021634615384615384
3 0.40625 0.20192307692307693 0.0673076923076923 0.021634615384615384
3 0.2439903846153846 0.20432692307692307 0.0625 0.026442307692307692
3 0.078125 0.20192307692307693 0.0673076923076923 0.021634615384615384