2 0.6598557692307693 0.19110576923076922 0.08413461538461539 0.27403846153846156
2 0.578125 0.2439903846153846 0.15144230769230768 0.15144230769230768
2 0.5204326923076923 0.3112980769230769 0.052884615384615384 0.14182692307692307
2 0.5685096153846154 0.27163461538461536 0.07211538461538461 0.1778846153846154
2 0.421875 0.3401442307692308 0.22115384615384615 0.18269230769230768
2 0.3137019230769231 0.5709134615384616 0.1466346153846154 0.34134615384615385
2 0.2776442307692308 0.8774038461538461 0.057692307692307696 0.18269230769230768
2 0.29086538461538464 0.7800480769230769 0.07692307692307693 0.16346153846153846
2 0.3557692307692308 0.890625 0.08173076923076923 0.2091346153846154
2 0.38461538461538464 0.6802884615384616 0.08413461538461539 0.25
2 0.41586538461538464 0.6069711538461539 0.09375 0.19951923076923078
2 0.46033653846153844 0.484375 0.08413461538461539 0.2932692307692308
2 0.5084134615384616 0.6826923076923077 0.08413461538461539 0.1466346153846154
2 0.5288461538461539 0.5913461538461539 0.07211538461538461 0.15144230769230768
2 0.5492788461538461 0.45072115384615385 0.10096153846153846 0.16346153846153846
2 0.6358173076923077 0.4483173076923077 0.15865384615384615 0.25721153846153844
2 0.6911057692307693 0.421875 0.1201923076923077 0.22115384615384615
2 0.6358173076923077 0.6670673076923077 0.10576923076923077 0.25721153846153844
2 0.7403846153846154 0.6538461538461539 0.13942307692307693 0.2764423076923077
2 0.6730769230769231 0.7512019230769231 0.13942307692307693 0.1778846153846154
2 0.5757211538461539 0.7283653846153846 0.0673076923076923 0.25
2 0.5084134615384616 0.7427884615384616 0.0673076923076923 0.27403846153846156
2 0.4375 0.8713942307692307 0.038461538461538464 0.15865384615384615
2 0.453125 0.7800480769230769 0.04326923076923077 0.2091346153846154
2 0.49158653846153844 0.9194711538461539 0.19951923076923078 0.15144230769230768
2 0.5973557692307693 0.9122596153846154 0.15625 0.17067307692307693
2 0.6262019230769231 0.8377403846153846 0.04326923076923077 0.0673076923076923