2 0.9266826923076923 0.025240384615384616 0.13701923076923078 0.04326923076923077
2 0.8365384615384616 0.042067307692307696 0.14182692307692307 0.07692307692307693
2 0.9639423076923077 0.08774038461538461 0.06009615384615385 0.09615384615384616
2 0.8257211538461539 0.1814903846153846 0.21875 0.125
2 0.7896634615384616 0.06370192307692307 0.15865384615384615 0.1201923076923077
2 0.7127403846153846 0.04567307692307692 0.07211538461538461 0.08413461538461539
2 0.9591346153846154 0.10697115384615384 0.07211538461538461 0.1201923076923077
2 0.9591346153846154 0.23317307692307693 0.07211538461538461 0.11538461538461539
2 0.9338942307692307 0.3293269230769231 0.1201923076923077 0.15625
2 0.8713942307692307 0.2668269230769231 0.125 0.14182692307692307
2 0.9399038461538461 0.44591346153846156 0.11057692307692307 0.10576923076923077
2 0.9014423076923077 0.49399038461538464 0.16346153846153846 0.125
2 0.9723557692307693 0.5288461538461539 0.04326923076923077 0.08413461538461539
2 0.8990384615384616 0.5673076923076923 0.11538461538461539 0.09615384615384616
2 0.9375 0.6490384615384616 0.11538461538461539 0.1346153846153846
2 0.9182692307692307 0.7584134615384616 0.15384615384615385 0.12740384615384615
2 0.8221153846153846 0.6382211538461539 0.18028846153846154 0.15625
2 0.7427884615384616 0.5745192307692307 0.1201923076923077 0.13942307692307693
2 0.8028846153846154 0.5072115384615384 0.11057692307692307 0.08413461538461539
2 0.7704326923076923 0.7704326923076923 0.12980769230769232 0.125
2 0.6826923076923077 0.7259615384615384 0.16346153846153846 0.15625
2 0.5817307692307693 0.765625 0.08173076923076923 0.1346153846153846
2 0.5925480769230769 0.6850961538461539 0.08173076923076923 0.0673076923076923
2 0.7752403846153846 0.9435096153846154 0.18509615384615385 0.10817307692307693
2 0.8882211538461539 0.9603365384615384 0.19471153846153846 0.07451923076923077
2 0.9314903846153846 0.9050480769230769 0.125 0.13942307692307693
2 0.8581730769230769 0.8485576923076923 0.14182692307692307 0.11298076923076923
2 0.7295673076923077 0.8401442307692307 0.15865384615384615 0.10336538461538461
2 0.5685096153846154 0.8581730769230769 0.2403846153846154 0.10096153846153846
2 0.6201923076923077 0.9314903846153846 0.13701923076923078 0.11057692307692307
2 0.5721153846153846 0.9567307692307693 0.22596153846153846 0.08173076923076923
2 0.78125 0.41225961538461536 0.1875 0.1346153846153846
2 0.7295673076923077 0.3004807692307692 0.14903846153846154 0.10576923076923077
2 0.7596153846153846 0.2668269230769231 0.16346153846153846 0.08413461538461539
2 0.6526442307692307 0.17668269230769232 0.125 0.09134615384615384
2 0.6418269230769231 0.08774038461538461 0.18028846153846154 0.11538461538461539
2 0.5685096153846154 0.052884615384615384 0.21875 0.0985576923076923
2 0.4567307692307692 0.109375 0.20192307692307693 0.14423076923076922
2 0.28725961538461536 0.06490384615384616 0.21153846153846154 0.125
2 0.18269230769230768 0.025240384615384616 0.11538461538461539 0.04326923076923077
2 0.4423076923076923 0.02403846153846154 0.1201923076923077 0.038461538461538464
2 0.546875 0.20673076923076922 0.14182692307692307 0.11057692307692307
2 0.5985576923076923 0.2620192307692308 0.13701923076923078 0.08173076923076923
2 0.609375 0.3473557692307692 0.19230769230769232 0.1346153846153846
2 0.4723557692307692 0.3545673076923077 0.125 0.11298076923076923
2 0.37740384615384615 0.3545673076923077 0.15384615384615385 0.08413461538461539
2 0.36899038461538464 0.28125 0.15865384615384615 0.1346153846153846
2 0.5060096153846154 0.2439903846153846 0.14903846153846154 0.08653846153846154
2 0.328125 0.20673076923076922 0.17307692307692307 0.14423076923076922
2 0.28725961538461536 0.14182692307692307 0.21153846153846154 0.125
2 0.1502403846153846 0.14783653846153846 0.13701923076923078 0.12740384615384615
2 0.12259615384615384 0.08173076923076923 0.10336538461538461 0.11298076923076923
2 0.2247596153846154 0.21634615384615385 0.4495192307692308 0.42788461538461536
2 0.5841346153846154 0.5432692307692307 0.21875 0.1201923076923077
2 0.6310096153846154 0.46033653846153844 0.23557692307692307 0.0985576923076923
2 0.41586538461538464 0.5396634615384616 0.12980769230769232 0.0625
2 0.4206730769230769 0.46875 0.11057692307692307 0.08173076923076923
2 0.5709134615384616 0.6586538461538461 0.27884615384615385 0.18269230769230768
2 0.43990384615384615 0.7872596153846154 0.21153846153846154 0.11298076923076923
2 0.34615384615384615 0.6959134615384616 0.6923076923076923 0.6033653846153846
2 0.4987980769230769 0.5 0.9975961538461539 0.9951923076923077