2 0.7848557692307693 0.14423076923076922 0.1466346153846154 0.21634615384615385
2 0.5264423076923077 0.14903846153846154 0.18269230769230768 0.21634615384615385
2 0.5288461538461539 0.38461538461538464 0.1875 0.21634615384615385
2 0.8040865384615384 0.38221153846153844 0.1875 0.22115384615384615
2 0.8004807692307693 0.625 0.1875 0.2091346153846154
2 0.8064903846153846 0.8617788461538461 0.18269230769230768 0.21394230769230768
2 0.53125 0.6286057692307693 0.18269230769230768 0.21634615384615385
2 0.53125 0.8641826923076923 0.18269230769230768 0.2091346153846154
2 0.2536057692307692 0.8617788461538461 0.1778846153846154 0.21394230769230768
2 0.25600961538461536 0.625 0.18269230769230768 0.2091346153846154
2 0.25600961538461536 0.38221153846153844 0.18269230769230768 0.22115384615384615
2 0.25600961538461536 0.14903846153846154 0.19230769230769232 0.21634615384615385
3 0.4110576923076923 0.15144230769230768 0.07692307692307693 0.1875
3 0.6802884615384616 0.15384615384615385 0.07211538461538461 0.18269230769230768
3 0.13581730769230768 0.15144230769230768 0.07692307692307693 0.1875
3 0.13581730769230768 0.3894230769230769 0.07692307692307693 0.19230769230769232
3 0.40865384615384615 0.3894230769230769 0.07211538461538461 0.18269230769230768
3 0.6838942307692307 0.3954326923076923 0.07211538461538461 0.1875
3 0.6862980769230769 0.6310096153846154 0.07692307692307693 0.1875
3 0.4110576923076923 0.6286057692307693 0.0673076923076923 0.19230769230769232
3 0.13942307692307693 0.625 0.07692307692307693 0.18269230769230768
3 0.13942307692307693 0.8641826923076923 0.07692307692307693 0.18269230769230768
3 0.41346153846153844 0.8641826923076923 0.07211538461538461 0.19230769230769232
3 0.6826923076923077 0.8665865384615384 0.0673076923076923 0.1875