2 0.5 0.5 0.9951923076923077 1
2 0.22716346153846154 0.8016826923076923 0.4423076923076923 0.38221153846153844
2 0.24519230769230768 0.9242788461538461 0.4807692307692308 0.14423076923076922
2 0.47115384615384615 0.9338942307692307 0.07692307692307693 0.11538461538461539
2 0.7512019230769231 0.9326923076923077 0.49278846153846156 0.12980769230769232
2 0.4326923076923077 0.7487980769230769 0.16346153846153846 0.2620192307692308
2 0.7295673076923077 0.8629807692307693 0.53125 0.18990384615384615
2 0.6466346153846154 0.7067307692307693 0.31490384615384615 0.20192307692307693
2 0.5336538461538461 0.6009615384615384 0.20192307692307693 0.18269230769230768
2 0.25 0.5096153846153846 0.49038461538461536 0.43990384615384615
2 0.1778846153846154 0.30528846153846156 0.34615384615384615 0.4014423076923077
2 0.39903846153846156 0.1778846153846154 0.23076923076923078 0.10817307692307693
2 0.5769230769230769 0.31850961538461536 0.3918269230769231 0.40384615384615385
2 0.7427884615384616 0.5925480769230769 0.3701923076923077 0.3894230769230769
2 0.8028846153846154 0.24158653846153846 0.3894230769230769 0.37740384615384615
2 0.9206730769230769 0.44711538461538464 0.15384615384615385 0.08653846153846154