2 0.37740384615384615 0.6706730769230769 0.4519230769230769 0.2860576923076923
2 0.47716346153846156 0.8293269230769231 0.5096153846153846 0.18269230769230768
2 0.7632211538461539 0.7151442307692307 0.3389423076923077 0.1875
2 0.5552884615384616 0.5108173076923077 0.4519230769230769 0.16826923076923078
2 0.21033653846153846 0.4579326923076923 0.2692307692307692 0.1875
2 0.2920673076923077 0.3016826923076923 0.28846153846153844 0.25721153846153844
2 0.171875 0.2283653846153846 0.23557692307692307 0.23557692307692307
2 0.4170673076923077 0.23317307692307693 0.2644230769230769 0.2620192307692308
2 0.6334134615384616 0.37740384615384615 0.42788461538461536 0.23076923076923078
2 0.19471153846153846 0.6995192307692307 0.28125 0.21875
0 0.6923076923076923 0.7331730769230769 0.20673076923076922 0.1875
0 0.4326923076923077 0.6442307692307693 0.10576923076923077 0.1346153846153846
0 0.47596153846153844 0.7379807692307693 0.13942307692307693 0.125
0 0.38221153846153844 0.7560096153846154 0.09375 0.09615384615384616
0 0.33533653846153844 0.6802884615384616 0.0889423076923077 0.16826923076923078
0 0.41947115384615385 0.5733173076923077 0.1778846153846154 0.07211538461538461
0 0.30528846153846156 0.5685096153846154 0.1201923076923077 0.07211538461538461
0 0.21634615384615385 0.5841346153846154 0.0673076923076923 0.057692307692307696
0 0.23918269230769232 0.6418269230769231 0.038461538461538464 0.021634615384615384
0 0.22355769230769232 0.6598557692307693 0.026442307692307692 0.038461538461538464
0 0.28966346153846156 0.7091346153846154 0.036057692307692304 0.07692307692307693
0 0.22355769230769232 0.7379807692307693 0.026442307692307692 0.0889423076923077
0 0.140625 0.7067307692307693 0.12980769230769232 0.15144230769230768
0 0.12740384615384615 0.3088942307692308 0.04807692307692308 0.038461538461538464
0 0.16466346153846154 0.27524038461538464 0.009615384615384616 0.026442307692307692
0 0.20552884615384615 0.2776442307692308 0.026442307692307692 0.057692307692307696
0 0.171875 0.3112980769230769 0.038461538461538464 0.052884615384615384
0 0.19591346153846154 0.24278846153846154 0.026442307692307692 0.0673076923076923
0 0.15865384615384615 0.23557692307692307 0.04807692307692308 0.0625
0 0.125 0.2512019230769231 0.052884615384615384 0.057692307692307696
0 0.1045673076923077 0.21754807692307693 0.038461538461538464 0.0625
0 0.12740384615384615 0.1935096153846154 0.02403846153846154 0.04807692307692308
0 0.15625 0.16706730769230768 0.026442307692307692 0.03125
0 0.18269230769230768 0.18870192307692307 0.036057692307692304 0.038461538461538464
0 0.19591346153846154 0.17307692307692307 0.026442307692307692 0.04326923076923077
0 0.16706730769230768 0.13942307692307693 0.03125 0.03125
0 0.109375 0.15745192307692307 0.038461538461538464 0.057692307692307696
0 0.28365384615384615 0.27283653846153844 0.1201923076923077 0.17307692307692307
0 0.45552884615384615 0.18870192307692307 0.036057692307692304 0.07692307692307693
0 0.46153846153846156 0.2620192307692308 0.04807692307692308 0.09615384615384616
0 0.37740384615384615 0.15384615384615385 0.04807692307692308 0.03125
0 0.3858173076923077 0.19110576923076922 0.057692307692307696 0.04326923076923077
0 0.31971153846153844 0.15985576923076922 0.038461538461538464 0.026442307692307692
0 0.515625 0.5024038461538461 0.3269230769230769 0.0889423076923077
0 0.5084134615384616 0.5492788461538461 0.3485576923076923 0.10096153846153846
0 0.5552884615384616 0.46634615384615385 0.27403846153846156 0.052884615384615384