2 0.2536057692307692 0.46634615384615385 0.375 0.3557692307692308
2 0.4483173076923077 0.27524038461538464 0.47115384615384615 0.4182692307692308
2 0.5180288461538461 0.7127403846153846 0.5024038461538461 0.4567307692307692
3 0.4735576923076923 0.4735576923076923 0.16346153846153846 0.34134615384615385
3 0.7199519230769231 0.2800480769230769 0.15144230769230768 0.40865384615384615
3 0.8088942307692307 0.6838942307692307 0.1875 0.49759615384615385
0 0.6129807692307693 0.8112980769230769 0.09615384615384616 0.1201923076923077
0 0.5757211538461539 0.6838942307692307 0.09375 0.15865384615384615
0 0.6105769230769231 0.5420673076923077 0.07692307692307693 0.15144230769230768
0 0.6514423076923077 0.6153846153846154 0.0673076923076923 0.1201923076923077
0 0.6694711538461539 0.5360576923076923 0.038461538461538464 0.07692307692307693
0 0.6466346153846154 0.7199519230769231 0.057692307692307696 0.09615384615384616
0 0.6550480769230769 0.8509615384615384 0.07692307692307693 0.10336538461538461
0 0.546875 0.8798076923076923 0.09615384615384616 0.052884615384615384
0 0.5204326923076923 0.7908653846153846 0.0889423076923077 0.14182692307692307
0 0.5216346153846154 0.6694711538461539 0.0673076923076923 0.08413461538461539
0 0.453125 0.7403846153846154 0.08173076923076923 0.13942307692307693
0 0.41947115384615385 0.8004807692307693 0.07692307692307693 0.0889423076923077
0 0.3894230769230769 0.7043269230769231 0.08413461538461539 0.1201923076923077
0 0.45552884615384615 0.6538461538461539 0.057692307692307696 0.026442307692307692
0 0.3293269230769231 0.6826923076923077 0.07211538461538461 0.07692307692307693
0 0.33774038461538464 0.7596153846153846 0.08173076923076923 0.08173076923076923
0 0.3713942307692308 0.8605769230769231 0.1201923076923077 0.10096153846153846
0 0.4735576923076923 0.8581730769230769 0.07692307692307693 0.0889423076923077
0 0.23557692307692307 0.46875 0.28365384615384615 0.3245192307692308