2 0.21875 0.5673076923076923 0.20673076923076922 0.4639423076923077
2 0.3641826923076923 0.6045673076923077 0.3076923076923077 0.65625
2 0.5552884615384616 0.47596153846153844 0.2283653846153846 0.5480769230769231
2 0.6201923076923077 0.71875 0.15144230769230768 0.3389423076923077
2 0.8016826923076923 0.7079326923076923 0.14903846153846154 0.2548076923076923
2 0.7295673076923077 0.5733173076923077 0.18269230769230768 0.3894230769230769
5 0.21153846153846154 0.27283653846153844 0.14903846153846154 0.11778846153846154
5 0.3701923076923077 0.22115384615384615 0.14423076923076922 0.11057692307692307
5 0.5649038461538461 0.15865384615384615 0.14903846153846154 0.10096153846153846
5 0.6177884615384616 0.4951923076923077 0.14903846153846154 0.0985576923076923
5 0.7271634615384616 0.32572115384615385 0.1346153846153846 0.10817307692307693
5 0.8040865384615384 0.5384615384615384 0.1346153846153846 0.09375