2 0.6875 0.14423076923076922 0.2620192307692308 0.27884615384615385
2 0.9230769230769231 0.13341346153846154 0.14423076923076922 0.25721153846153844
2 0.921875 0.39302884615384615 0.14903846153846154 0.7764423076923077
2 0.7067307692307693 0.3557692307692308 0.21634615384615385 0.28365384615384615
2 0.5144230769230769 0.32211538461538464 0.23557692307692307 0.6346153846153846
2 0.2548076923076923 0.20192307692307693 0.21153846153846154 0.3942307692307692
2 0.12139423076923077 0.33653846153846156 0.19951923076923078 0.6610576923076923
2 0.31850961538461536 0.38221153846153844 0.16346153846153846 0.7307692307692307
2 0.46033653846153844 0.6694711538461539 0.1201923076923077 0.47596153846153844
2 0.1201923076923077 0.7536057692307693 0.15865384615384615 0.1971153846153846
2 0.6177884615384616 0.6502403846153846 0.13942307692307693 0.35096153846153844
2 0.7596153846153846 0.6033653846153846 0.15865384615384615 0.21153846153846154