2 0.375 0.8088942307692307 0.27163461538461536 0.375
2 0.19591346153846154 0.31971153846153844 0.25721153846153844 0.3557692307692308
2 0.6286057692307693 0.3269230769230769 0.2620192307692308 0.35096153846153844
2 0.8305288461538461 0.8161057692307693 0.2668269230769231 0.3317307692307692
3 0.375 0.5757211538461539 0.27163461538461536 0.17307692307692307
3 0.18629807692307693 0.08653846153846154 0.2764423076923077 0.16826923076923078
3 0.6262019230769231 0.09615384615384616 0.2668269230769231 0.16346153846153846
3 0.8329326923076923 0.578125 0.2620192307692308 0.1778846153846154
0 0.7247596153846154 0.20192307692307693 0.04326923076923077 0.04807692307692308
0 0.6826923076923077 0.22716346153846154 0.04807692307692308 0.026442307692307692
0 0.6334134615384616 0.2403846153846154 0.040865384615384616 0.052884615384615384
0 0.625 0.20192307692307693 0.05048076923076923 0.038461538461538464
0 0.5817307692307693 0.2403846153846154 0.0625 0.036057692307692304
0 0.5360576923076923 0.22716346153846154 0.040865384615384616 0.036057692307692304
0 0.5528846153846154 0.18028846153846154 0.0673076923076923 0.03125
0 0.6802884615384616 0.18389423076923078 0.04326923076923077 0.038461538461538464
0 0.7127403846153846 0.2536057692307692 0.04807692307692308 0.026442307692307692
0 0.6754807692307693 0.25721153846153844 0.04326923076923077 0.036057692307692304
0 0.6418269230769231 0.2800480769230769 0.038461538461538464 0.026442307692307692
0 0.6021634615384616 0.27524038461538464 0.04807692307692308 0.026442307692307692
0 0.5805288461538461 0.2956730769230769 0.04807692307692308 0.03125
0 0.5492788461538461 0.27163461538461536 0.057692307692307696 0.036057692307692304
0 0.5420673076923077 0.30649038461538464 0.036057692307692304 0.036057692307692304
0 0.5396634615384616 0.3581730769230769 0.04807692307692308 0.057692307692307696
0 0.5661057692307693 0.33052884615384615 0.04807692307692308 0.021634615384615384
0 0.609375 0.3173076923076923 0.036057692307692304 0.021634615384615384
0 0.6418269230769231 0.2848557692307692 0.0673076923076923 0.036057692307692304
0 0.6754807692307693 0.32211538461538464 0.052884615384615384 0.0673076923076923
0 0.6418269230769231 0.36177884615384615 0.04807692307692308 0.0673076923076923
0 0.7115384615384616 0.28846153846153844 0.036057692307692304 0.036057692307692304
0 0.6995192307692307 0.3329326923076923 0.04807692307692308 0.04326923076923077
0 0.6778846153846154 0.3641826923076923 0.057692307692307696 0.052884615384615384
0 0.7127403846153846 0.3641826923076923 0.03125 0.026442307692307692
0 0.6959134615384616 0.39783653846153844 0.057692307692307696 0.03125
0 0.6730769230769231 0.41947115384615385 0.04807692307692308 0.03125
0 0.6201923076923077 0.42427884615384615 0.08413461538461539 0.038461538461538464
0 0.625 0.39302884615384615 0.057692307692307696 0.021634615384615384
0 0.5600961538461539 0.3954326923076923 0.04326923076923077 0.04326923076923077
0 0.546875 0.43149038461538464 0.0625 0.052884615384615384
0 0.5973557692307693 0.4483173076923077 0.057692307692307696 0.036057692307692304
0 0.546875 0.4639423076923077 0.0625 0.038461538461538464
0 0.6598557692307693 0.46033653846153844 0.0673076923076923 0.03125
0 0.6622596153846154 0.42427884615384615 0.0625 0.03125
0 0.7115384615384616 0.4338942307692308 0.052884615384615384 0.038461538461538464
0 0.7127403846153846 0.46274038461538464 0.038461538461538464 0.036057692307692304
0 0.8870192307692307 0.7223557692307693 0.1201923076923077 0.0673076923076923
0 0.7848557692307693 0.6959134615384616 0.12980769230769232 0.0673076923076923
0 0.8064903846153846 0.7908653846153846 0.1201923076923077 0.125
0 0.7932692307692307 0.8461538461538461 0.1201923076923077 0.0673076923076923
0 0.8870192307692307 0.8112980769230769 0.11057692307692307 0.1201923076923077
0 0.9002403846153846 0.9038461538461539 0.10096153846153846 0.09375
0 0.8064903846153846 0.90625 0.13942307692307693 0.10576923076923077
5 0.4338942307692308 0.6802884615384616 0.07692307692307693 0.0625
5 0.3605769230769231 0.7175480769230769 0.0889423076923077 0.1201923076923077
5 0.30408653846153844 0.7067307692307693 0.09375 0.07211538461538461
5 0.2800480769230769 0.7463942307692307 0.052884615384615384 0.0625
5 0.43509615384615385 0.7439903846153846 0.07211538461538461 0.07692307692307693
5 0.4483173076923077 0.8004807692307693 0.0625 0.0625
5 0.3485576923076923 0.7956730769230769 0.15625 0.0889423076923077
5 0.31971153846153844 0.8401442307692307 0.0889423076923077 0.0625
5 0.4026442307692308 0.8401442307692307 0.08413461538461539 0.052884615384615384
5 0.42908653846153844 0.8798076923076923 0.10096153846153846 0.0889423076923077
5 0.32211538461538464 0.8689903846153846 0.09375 0.08413461538461539
5 0.3557692307692308 0.9290865384615384 0.0985576923076923 0.052884615384615384