2 0.6887019230769231 0.5060096153846154 0.31490384615384615 0.25
2 0.7992788461538461 0.8100961538461539 0.31971153846153844 0.24278846153846154
2 0.36538461538461536 0.5060096153846154 0.3076923076923077 0.25721153846153844
2 0.515625 0.2091346153846154 0.23557692307692307 0.25721153846153844
2 0.5252403846153846 0.8040865384615384 0.22596153846153846 0.2548076923076923
2 0.2548076923076923 0.8052884615384616 0.30288461538461536 0.25721153846153844
3 0.6442307692307693 0.3629807692307692 0.20673076923076922 0.05048076923076923
3 0.5072115384615384 0.06009615384615385 0.22115384615384615 0.04326923076923077
3 0.3918269230769231 0.359375 0.20673076923076922 0.03365384615384615
3 0.5180288461538461 0.6478365384615384 0.20192307692307693 0.05048076923076923
3 0.7572115384615384 0.6514423076923077 0.20673076923076922 0.05048076923076923
3 0.2860576923076923 0.6574519230769231 0.20192307692307693 0.04567307692307692