2 0.6045673076923077 0.7043269230769231 0.42788461538461536 0.43990384615384615
2 0.7536057692307693 0.40024038461538464 0.3605769230769231 0.3557692307692308
2 0.42908653846153844 0.2956730769230769 0.4855769230769231 0.4326923076923077
3 0.3485576923076923 0.7043269230769231 0.1201923076923077 0.3173076923076923
3 0.13341346153846154 0.2980769230769231 0.11538461538461539 0.31971153846153844
3 0.5336538461538461 0.3870192307692308 0.14182692307692307 0.30288461538461536
0 0.6334134615384616 0.7199519230769231 0.15384615384615385 0.1778846153846154
0 0.5709134615384616 0.8245192307692307 0.15384615384615385 0.13942307692307693
0 0.6670673076923077 0.875 0.07211538461538461 0.0625
0 0.7019230769230769 0.8449519230769231 0.10576923076923077 0.11538461538461539
0 0.7175480769230769 0.7115384615384616 0.08413461538461539 0.15144230769230768
0 0.7644230769230769 0.7151442307692307 0.0625 0.16826923076923078
0 0.7560096153846154 0.8173076923076923 0.052884615384615384 0.08173076923076923
0 0.7487980769230769 0.6334134615384616 0.057692307692307696 0.08413461538461539
0 0.6670673076923077 0.6069711538461539 0.1778846153846154 0.07692307692307693
0 0.5528846153846154 0.6262019230769231 0.07692307692307693 0.10576923076923077
0 0.5288461538461539 0.609375 0.08173076923076923 0.11538461538461539
0 0.5264423076923077 0.7223557692307693 0.04807692307692308 0.08413461538461539
0 0.41346153846153844 0.453125 0.0889423076923077 0.10576923076923077
0 0.37740384615384615 0.38221153846153844 0.052884615384615384 0.09615384615384616
0 0.3425480769230769 0.2848557692307692 0.052884615384615384 0.15865384615384615
0 0.4266826923076923 0.35096153846153844 0.07211538461538461 0.125
0 0.45072115384615385 0.27283653846153844 0.057692307692307696 0.10096153846153846
0 0.39783653846153844 0.2247596153846154 0.04807692307692308 0.12980769230769232
0 0.36177884615384615 0.18389423076923078 0.03125 0.057692307692307696
0 0.375 0.13581730769230768 0.04807692307692308 0.057692307692307696
0 0.46033653846153844 0.13341346153846154 0.1201923076923077 0.0625
0 0.46033653846153844 0.19951923076923078 0.11057692307692307 0.08173076923076923
0 0.5516826923076923 0.21754807692307693 0.11538461538461539 0.0625
0 0.5420673076923077 0.1466346153846154 0.04326923076923077 0.0889423076923077
0 0.5576923076923077 0.14182692307692307 0.0673076923076923 0.08173076923076923
0 0.5973557692307693 0.15384615384615385 0.0673076923076923 0.10096153846153846
0 0.6225961538461539 0.15504807692307693 0.052884615384615384 0.10576923076923077