3 0.7944711538461539 0.20192307692307693 0.38461538461538464 0.3870192307692308
3 0.6189903846153846 0.265625 0.3894230769230769 0.3701923076923077
3 0.4723557692307692 0.84375 0.37740384615384615 0.3076923076923077
3 0.7872596153846154 0.6935096153846154 0.27403846153846156 0.3245192307692308
3 0.8365384615384616 0.45913461538461536 0.1778846153846154 0.22115384615384615
3 0.5913461538461539 0.5829326923076923 0.3701923076923077 0.2980769230769231
3 0.5961538461538461 0.359375 0.3798076923076923 0.24278846153846154
3 0.19110576923076922 0.5709134615384616 0.37740384615384615 0.33413461538461536
3 0.18870192307692307 0.328125 0.3701923076923077 0.24759615384615385
3 0.3954326923076923 0.43990384615384615 0.03365384615384615 0.22596153846153846
3 0.2824519230769231 0.6935096153846154 0.24759615384615385 0.3076923076923077