3 0.14182692307692307 0.39903846153846156 0.2764423076923077 0.27403846153846156
3 0.1778846153846154 0.09615384615384616 0.18269230769230768 0.19230769230769232
3 0.09495192307692307 0.03485576923076923 0.18990384615384615 0.06490384615384616
3 0.13942307692307693 0.03485576923076923 0.03365384615384615 0.06490384615384616
3 0.11778846153846154 0.08774038461538461 0.02403846153846154 0.0673076923076923
3 0.09014423076923077 0.10697115384615384 0.021634615384615384 0.07211538461538461
3 0.09014423076923077 0.11177884615384616 0.10096153846153846 0.06009615384615385
3 0.018028846153846152 0.1141826923076923 0.028846153846153848 0.0985576923076923
3 0.14903846153846154 0.1502403846153846 0.23317307692307693 0.20192307692307693
3 0.054086538461538464 0.27884615384615385 0.10096153846153846 0.0985576923076923
3 0.1466346153846154 0.2403846153846154 0.07692307692307693 0.17307692307692307
3 0.11177884615384616 0.2764423076923077 0.07932692307692307 0.23557692307692307
3 0.04326923076923077 0.39663461538461536 0.021634615384615384 0.038461538461538464
3 0.24759615384615385 0.2704326923076923 0.11057692307692307 0.11538461538461539
3 0.47596153846153844 0.32211538461538464 0.3004807692307692 0.16346153846153846
3 0.39663461538461536 0.16706730769230768 0.03365384615384615 0.19230769230769232
3 0.3173076923076923 0.06009615384615385 0.09134615384615384 0.0985576923076923
3 0.32091346153846156 0.16346153846153846 0.11298076923076923 0.1875
3 0.1502403846153846 0.5276442307692307 0.02403846153846154 0.08173076923076923
3 0.125 0.5324519230769231 0.026442307692307692 0.08173076923076923
3 0.09254807692307693 0.5408653846153846 0.17067307692307693 0.0985576923076923
3 0.09615384615384616 0.49158653846153844 0.18509615384615385 0.1971153846153846
3 0.2283653846153846 0.5625 0.07932692307692307 0.0889423076923077
3 0.09615384615384616 0.6586538461538461 0.18509615384615385 0.15865384615384615
3 0.03125 0.6478365384615384 0.052884615384615384 0.04807692307692308
3 0.08533653846153846 0.6201923076923077 0.09615384615384616 0.08173076923076923
3 0.24278846153846154 0.8197115384615384 0.15384615384615385 0.35096153846153844
3 0.2283653846153846 0.7920673076923077 0.21875 0.08653846153846154
3 0.08173076923076923 0.8930288461538461 0.15625 0.20192307692307693
3 0.13942307692307693 0.9675480769230769 0.11298076923076923 0.052884615384615384
3 0.19591346153846154 0.9314903846153846 0.08653846153846154 0.125
3 0.4206730769230769 0.4807692307692308 0.3125 0.2620192307692308
3 0.2956730769230769 0.4891826923076923 0.04807692307692308 0.10336538461538461
3 0.41346153846153844 0.4098557692307692 0.15865384615384615 0.16346153846153846
3 0.44711538461538464 0.3713942307692308 0.038461538461538464 0.07692307692307693
3 0.42788461538461536 0.38221153846153844 0.036057692307692304 0.07692307692307693
3 0.3954326923076923 0.41225961538461536 0.036057692307692304 0.07211538461538461
3 0.32211538461538464 0.39302884615384615 0.23317307692307693 0.15384615384615385
3 0.4182692307692308 0.16105769230769232 0.14182692307692307 0.20192307692307693
3 0.5925480769230769 0.8413461538461539 0.34375 0.3076923076923077
3 0.7644230769230769 0.84375 0.13942307692307693 0.18028846153846154
3 0.7475961538461539 0.8629807692307693 0.0625 0.0985576923076923
3 0.8882211538461539 0.9314903846153846 0.21875 0.11778846153846154
3 0.9002403846153846 0.9050480769230769 0.19471153846153846 0.0985576923076923
3 0.4963942307692308 0.7764423076923077 0.1971153846153846 0.28365384615384615
3 0.49038461538461536 0.8473557692307693 0.19230769230769232 0.0985576923076923
3 0.90625 0.09014423076923077 0.18269230769230768 0.17548076923076922
3 0.921875 0.11177884615384616 0.038461538461538464 0.08173076923076923
3 0.9507211538461539 0.15625 0.038461538461538464 0.06009615384615385
3 0.7884615384615384 0.04927884615384615 0.052884615384615384 0.0889423076923077
3 0.7596153846153846 0.08774038461538461 0.08173076923076923 0.0985576923076923
3 0.6610576923076923 0.042067307692307696 0.14423076923076922 0.07932692307692307
3 0.5853365384615384 0.038461538461538464 0.07692307692307693 0.04326923076923077
3 0.9699519230769231 0.265625 0.055288461538461536 0.09375
3 0.8449519230769231 0.3317307692307692 0.30528846153846156 0.052884615384615384
3 0.9735576923076923 0.4483173076923077 0.04807692307692308 0.2091346153846154
3 0.6009615384615384 0.9675480769230769 0.028846153846153848 0.052884615384615384
3 0.5901442307692307 0.9314903846153846 0.028846153846153848 0.125
3 0.5576923076923077 0.9459134615384616 0.028846153846153848 0.0985576923076923
3 0.328125 0.8798076923076923 0.055288461538461536 0.04326923076923077
3 0.328125 0.9158653846153846 0.055288461538461536 0.04807692307692308
3 0.3293269230769231 0.8389423076923077 0.05048076923076923 0.2692307692307692
3 0.36177884615384615 0.9014423076923077 0.028846153846153848 0.11057692307692307
3 0.49038461538461536 0.8413461538461539 0.19230769230769232 0.07692307692307693
3 0.6322115384615384 0.7043269230769231 0.07692307692307693 0.15384615384615385
3 0.6826923076923077 0.6862980769230769 0.0673076923076923 0.08173076923076923
3 0.7608173076923077 0.6033653846153846 0.23076923076923078 0.18028846153846154
3 0.5144230769230769 0.6117788461538461 0.39903846153846156 0.08653846153846154
3 0.9663461538461539 0.8557692307692307 0.0625 0.0625
3 0.9074519230769231 0.8473557692307693 0.038461538461538464 0.03365384615384615
3 0.9134615384615384 0.8137019230769231 0.16826923076923078 0.055288461538461536
3 0.8617788461538461 0.7620192307692307 0.04326923076923077 0.07211538461538461
3 0.9110576923076923 0.8629807692307693 0.04807692307692308 0.25
3 0.8786057692307693 0.7079326923076923 0.11057692307692307 0.10336538461538461
3 0.7788461538461539 0.6826923076923077 0.057692307692307696 0.0985576923076923
3 0.7355769230769231 0.5925480769230769 0.18269230769230768 0.13701923076923078
3 0.4675480769230769 0.5576923076923077 0.18269230769230768 0.35096153846153844
3 0.6153846153846154 0.4483173076923077 0.21634615384615385 0.0985576923076923
3 0.7824519230769231 0.4266826923076923 0.22596153846153846 0.16346153846153846
3 0.6322115384615384 0.23197115384615385 0.19951923076923078 0.15865384615384615
3 0.5612980769230769 0.09134615384615384 0.19951923076923078 0.1778846153846154
3 0.35336538461538464 0.03485576923076923 0.15865384615384615 0.06490384615384616
3 0.8100961538461539 0.25961538461538464 0.052884615384615384 0.08173076923076923
3 0.8810096153846154 0.36899038461538464 0.13942307692307693 0.08173076923076923
3 0.8064903846153846 0.4266826923076923 0.17067307692307693 0.15384615384615385
3 0.796875 0.3858173076923077 0.021634615384615384 0.04807692307692308
3 0.2247596153846154 0.5793269230769231 0.07211538461538461 0.11057692307692307
3 0.09735576923076923 0.4831730769230769 0.1875 0.18028846153846154
3 0.4987980769230769 0.5 0.9975961538461539 0.9951923076923077