3 0.7103365384615384 0.8725961538461539 0.12980769230769232 0.09375
3 0.7211538461538461 0.7620192307692307 0.1201923076923077 0.09134615384615384
3 0.5733173076923077 0.7980769230769231 0.15384615384615385 0.07692307692307693
3 0.35216346153846156 0.65625 0.20192307692307693 0.28846153846153844
3 0.40384615384615385 0.18870192307692307 0.40384615384615385 0.1875
3 0.6117788461538461 0.17427884615384615 0.1201923076923077 0.09615384615384616
3 0.4831730769230769 0.15625 0.10336538461538461 0.06490384615384616
3 0.5901442307692307 0.3161057692307692 0.12980769230769232 0.09615384615384616
3 0.671875 0.3233173076923077 0.12980769230769232 0.04326923076923077
3 0.6862980769230769 0.40865384615384615 0.14903846153846154 0.09134615384615384
3 0.33052884615384615 0.19230769230769232 0.16826923076923078 0.2403846153846154
3 0.7536057692307693 0.6634615384615384 0.07692307692307693 0.08413461538461539
3 0.6334134615384616 0.6586538461538461 0.12980769230769232 0.09615384615384616
3 0.6033653846153846 0.7235576923076923 0.11538461538461539 0.08653846153846154
3 0.6694711538461539 0.5492788461538461 0.10336538461538461 0.07211538461538461
3 0.6887019230769231 0.5949519230769231 0.0985576923076923 0.0673076923076923
3 0.3137019230769231 0.4362980769230769 0.18028846153846154 0.11057692307692307
3 0.3798076923076923 0.4495192307692308 0.19230769230769232 0.1346153846153846
3 0.49759615384615385 0.5564903846153846 0.0985576923076923 0.06490384615384616
3 0.5769230769230769 0.5985576923076923 0.19230769230769232 0.27403846153846156
3 0.4639423076923077 0.6310096153846154 0.1201923076923077 0.0673076923076923
3 0.4699519230769231 0.703125 0.08653846153846154 0.0673076923076923
3 0.4639423076923077 0.4831730769230769 0.27403846153846156 0.18269230769230768
3 0.4338942307692308 0.421875 0.09134615384615384 0.07211538461538461
3 0.45913461538461536 0.2776442307692308 0.14182692307692307 0.0985576923076923
3 0.27884615384615385 0.28125 0.15384615384615385 0.14903846153846154
3 0.3605769230769231 0.3269230769230769 0.08653846153846154 0.057692307692307696
3 0.39302884615384615 0.38341346153846156 0.0985576923076923 0.0625