3 0.8677884615384616 0.19230769230769232 0.17307692307692307 0.3317307692307692
3 0.6911057692307693 0.17908653846153846 0.18269230769230768 0.31490384615384615
3 0.5 0.17427884615384615 0.19230769230769232 0.30528846153846156
3 0.32091346153846156 0.17427884615384615 0.16826923076923078 0.28846153846153844
3 0.140625 0.17427884615384615 0.16346153846153846 0.28846153846153844
3 0.1346153846153846 0.47596153846153844 0.16826923076923078 0.2956730769230769
3 0.32091346153846156 0.484375 0.1778846153846154 0.32211538461538464
3 0.49759615384615385 0.48197115384615385 0.1778846153846154 0.2932692307692308
3 0.6862980769230769 0.47596153846153844 0.18269230769230768 0.2980769230769231
3 0.8701923076923077 0.49158653846153844 0.1778846153846154 0.28365384615384615
3 0.125 0.7860576923076923 0.1778846153846154 0.31490384615384615
3 0.3112980769230769 0.8076923076923077 0.1875 0.31490384615384615
3 0.49759615384615385 0.8016826923076923 0.1778846153846154 0.3269230769230769
3 0.6766826923076923 0.7800480769230769 0.17307692307692307 0.30288461538461536
3 0.8617788461538461 0.796875 0.1875 0.31009615384615385