3 0.7391826923076923 0.12139423076923077 0.30528846153846156 0.23317307692307693
3 0.8954326923076923 0.13701923076923078 0.20192307692307693 0.24278846153846154
3 0.3786057692307692 0.09495192307692307 0.2403846153846154 0.18028846153846154
3 0.1622596153846154 0.13942307692307693 0.18509615384615385 0.2692307692307692
3 0.037259615384615384 0.11538461538461539 0.07451923076923077 0.22115384615384615
3 0.109375 0.36899038461538464 0.21394230769230768 0.2860576923076923
3 0.24879807692307693 0.2932692307692308 0.07451923076923077 0.21634615384615385
3 0.4483173076923077 0.2860576923076923 0.3317307692307692 0.36538461538461536
3 0.5444711538461539 0.11298076923076923 0.10096153846153846 0.21634615384615385
3 0.8822115384615384 0.4254807692307692 0.2283653846153846 0.28365384615384615
3 0.9423076923076923 0.27884615384615385 0.10817307692307693 0.08173076923076923
3 0.8161057692307693 0.27283653846153844 0.09615384615384616 0.040865384615384616
3 0.8737980769230769 0.8485576923076923 0.25240384615384615 0.2980769230769231
3 0.9519230769230769 0.6646634615384616 0.0889423076923077 0.24759615384615385
3 0.7836538461538461 0.6057692307692307 0.3245192307692308 0.27403846153846156
3 0.6598557692307693 0.3629807692307692 0.20673076923076922 0.2644230769230769
3 0.2860576923076923 0.36538461538461536 0.09375 0.14423076923076922
3 0.5252403846153846 0.6081730769230769 0.2860576923076923 0.4639423076923077
3 0.4651442307692308 0.48197115384615385 0.0673076923076923 0.18028846153846154
3 0.7295673076923077 0.8545673076923077 0.18028846153846154 0.2860576923076923
3 0.5949519230769231 0.8473557692307693 0.12980769230769232 0.30288461538461536
3 0.39663461538461536 0.9026442307692307 0.34134615384615385 0.18990384615384615
3 0.34975961538461536 0.6286057692307693 0.18990384615384615 0.3701923076923077
3 0.1622596153846154 0.6189903846153846 0.2403846153846154 0.41346153846153844
3 0.04447115384615385 0.7920673076923077 0.08413461538461539 0.40625
3 0.18028846153846154 0.90625 0.2692307692307692 0.18269230769230768
3 0.03485576923076923 0.5600961538461539 0.06490384615384616 0.15865384615384615