3 0.2776442307692308 0.3581730769230769 0.10096153846153846 0.13942307692307693
3 0.21754807692307693 0.3605769230769231 0.0625 0.1346153846153846
3 0.1622596153846154 0.3581730769230769 0.1201923076923077 0.13942307692307693
3 0.15985576923076922 0.4483173076923077 0.09615384615384616 0.09615384615384616
3 0.3293269230769231 0.5048076923076923 0.09615384615384616 0.13942307692307693
3 0.25721153846153844 0.5 0.0625 0.12980769230769232
3 0.2127403846153846 0.5048076923076923 0.0625 0.12980769230769232
3 0.3798076923076923 0.6550480769230769 0.09375 0.13942307692307693
3 0.3088942307692308 0.6514423076923077 0.057692307692307696 0.13942307692307693
3 0.25721153846153844 0.6514423076923077 0.052884615384615384 0.12980769230769232
3 0.21995192307692307 0.6490384615384616 0.057692307692307696 0.1346153846153846
3 0.6021634615384616 0.515625 0.12980769230769232 0.15144230769230768
3 0.6262019230769231 0.42427884615384615 0.09615384615384616 0.11057692307692307
3 0.7620192307692307 0.3581730769230769 0.11057692307692307 0.13942307692307693
3 0.6826923076923077 0.3581730769230769 0.0673076923076923 0.13942307692307693
3 0.8293269230769231 0.5072115384615384 0.10096153846153846 0.14182692307692307
3 0.7512019230769231 0.5024038461538461 0.07211538461538461 0.1346153846153846
3 0.6887019230769231 0.5048076923076923 0.052884615384615384 0.12980769230769232
3 0.8954326923076923 0.6514423076923077 0.08413461538461539 0.13701923076923078
3 0.8161057692307693 0.6514423076923077 0.07692307692307693 0.1466346153846154
3 0.7427884615384616 0.6490384615384616 0.0625 0.1346153846153846
3 0.6826923076923077 0.6490384615384616 0.0673076923076923 0.14182692307692307