3 0.3076923076923077 0.7463942307692307 0.28846153846153844 0.34375
3 0.3088942307692308 0.6117788461538461 0.2403846153846154 0.17307692307692307
3 0.2620192307692308 0.5216346153846154 0.21153846153846154 0.37740384615384615
3 0.48677884615384615 0.5817307692307693 0.21153846153846154 0.40865384615384615
3 0.48677884615384615 0.3798076923076923 0.17307692307692307 0.16826923076923078
3 0.6887019230769231 0.4723557692307692 0.15625 0.10336538461538461
3 0.6778846153846154 0.6670673076923077 0.21634615384615385 0.41586538461538464
3 0.7980769230769231 0.5084134615384616 0.1346153846153846 0.3389423076923077
3 0.78125 0.32211538461538464 0.13942307692307693 0.1201923076923077
3 0.35096153846153844 0.27283653846153844 0.19951923076923078 0.15384615384615385
3 0.2512019230769231 0.27283653846153844 0.125 0.1875
3 0.6995192307692307 0.37740384615384615 0.19230769230769232 0.2091346153846154