3 0.3737980769230769 0.5024038461538461 0.14423076923076922 0.20192307692307693
3 0.515625 0.3942307692307692 0.15625 0.1971153846153846
3 0.5072115384615384 0.5949519230769231 0.14903846153846154 0.1971153846153846
3 0.640625 0.6971153846153846 0.1658653846153846 0.1971153846153846
3 0.7536057692307693 0.796875 0.16105769230769232 0.18509615384615385
3 0.8737980769230769 0.8894230769230769 0.18269230769230768 0.1875
3 0.6430288461538461 0.49038461538461536 0.17067307692307693 0.19230769230769232
3 0.7740384615384616 0.5925480769230769 0.13942307692307693 0.18509615384615385
3 0.8894230769230769 0.6850961538461539 0.18269230769230768 0.18028846153846154
3 0.8918269230769231 0.484375 0.1875 0.1875
3 0.7716346153846154 0.3954326923076923 0.17548076923076922 0.19230769230769232
3 0.6430288461538461 0.28966346153846156 0.16105769230769232 0.19230769230769232
3 0.7692307692307693 0.19471153846153846 0.17067307692307693 0.19230769230769232
3 0.8846153846153846 0.10096153846153846 0.17067307692307693 0.18509615384615385
3 0.9122596153846154 0.28966346153846156 0.125 0.18509615384615385