3 0.5216346153846154 0.8293269230769231 0.75 0.22596153846153846
3 0.7836538461538461 0.78125 0.22355769230769232 0.11057692307692307
3 0.7980769230769231 0.6165865384615384 0.28365384615384615 0.18509615384615385
3 0.4074519230769231 0.5997596153846154 0.5841346153846154 0.22596153846153846
3 0.7127403846153846 0.7367788461538461 0.038461538461538464 0.07692307692307693
3 0.8137019230769231 0.47475961538461536 0.21875 0.1778846153846154
3 0.38221153846153844 0.3557692307692308 0.5913461538461539 0.24759615384615385
3 0.7896634615384616 0.3076923076923077 0.23557692307692307 0.14182692307692307
3 0.41586538461538464 0.48197115384615385 0.5480769230769231 0.02403846153846154
3 0.43990384615384615 0.1622596153846154 0.5528846153846154 0.19230769230769232
3 0.7980769230769231 0.2512019230769231 0.21875 0.09615384615384616