3 0.5132211538461539 0.5108173076923077 0.5456730769230769 0.37740384615384615
3 0.5024038461538461 0.15745192307692307 0.5456730769230769 0.3076923076923077
3 0.5024038461538461 0.8485576923076923 0.5384615384615384 0.2980769230769231
3 0.14423076923076922 0.9435096153846154 0.27884615384615385 0.10817307692307693
3 0.15985576923076922 0.6983173076923077 0.31009615384615385 0.375
3 0.15504807692307693 0.32091346153846156 0.2980769230769231 0.375
3 0.1502403846153846 0.06610576923076923 0.28846153846153844 0.125
3 0.875 0.06971153846153846 0.24519230769230768 0.1346153846153846
3 0.8509615384615384 0.32211538461538464 0.2932692307692308 0.38461538461538464
3 0.8569711538461539 0.7007211538461539 0.28125 0.37259615384615385
3 0.8629807692307693 0.9362980769230769 0.2692307692307692 0.12740384615384615