3 0.7235576923076923 0.2932692307692308 0.2668269230769231 0.25721153846153844
3 0.8088942307692307 0.5072115384615384 0.1658653846153846 0.28365384615384615
3 0.7764423076923077 0.703125 0.2548076923076923 0.3870192307692308
3 0.6646634615384616 0.6153846153846154 0.125 0.18028846153846154
3 0.6442307692307693 0.45072115384615385 0.1778846153846154 0.25240384615384615
3 0.47475961538461536 0.2932692307692308 0.17067307692307693 0.24759615384615385
3 0.2668269230769231 0.21634615384615385 0.20192307692307693 0.28846153846153844
3 0.31490384615384615 0.4254807692307692 0.18269230769230768 0.18028846153846154
3 0.1875 0.5228365384615384 0.20432692307692307 0.31490384615384615
3 0.36538461538461536 0.5673076923076923 0.1201923076923077 0.20673076923076922
3 0.5 0.7548076923076923 0.20432692307692307 0.34615384615384615
3 0.2548076923076923 0.7247596153846154 0.2091346153846154 0.375