3 0.3581730769230769 0.8197115384615384 0.27163461538461536 0.21634615384615385
3 0.625 0.7824519230769231 0.2620192307692308 0.1778846153846154
3 0.6153846153846154 0.6935096153846154 0.2620192307692308 0.22115384615384615
3 0.8425480769230769 0.5805288461538461 0.19230769230769232 0.23557692307692307
3 0.7019230769230769 0.49278846153846156 0.25721153846153844 0.22355769230769232
3 0.8774038461538461 0.4110576923076923 0.1201923076923077 0.18269230769230768
3 0.6995192307692307 0.3173076923076923 0.2620192307692308 0.18269230769230768
3 0.7223557692307693 0.2512019230769231 0.2620192307692308 0.27163461538461536
3 0.8461538461538461 0.20192307692307693 0.2620192307692308 0.28846153846153844
3 0.30649038461538464 0.6670673076923077 0.25721153846153844 0.23076923076923078
3 0.5288461538461539 0.5817307692307693 0.1971153846153846 0.23076923076923078
3 0.4266826923076923 0.4891826923076923 0.25721153846153844 0.23076923076923078
3 0.24639423076923078 0.5625 0.23557692307692307 0.23557692307692307
3 0.15745192307692307 0.453125 0.2548076923076923 0.23076923076923078
3 0.15745192307692307 0.27163461538461536 0.24519230769230768 0.1875
3 0.42427884615384615 0.3004807692307692 0.2548076923076923 0.19951923076923078