3 0.7235576923076923 0.32211538461538464 0.5288461538461539 0.16826923076923078
3 0.7175480769230769 0.5372596153846154 0.5144230769230769 0.16346153846153846
3 0.7139423076923077 0.7596153846153846 0.5336538461538461 0.16826923076923078
0 0.3870192307692308 0.25961538461538464 0.22115384615384615 0.11538461538461539
0 0.33052884615384615 0.1778846153846154 0.22115384615384615 0.11538461538461539
0 0.22355769230769232 0.29447115384615385 0.22115384615384615 0.1346153846153846
0 0.44711538461538464 0.2091346153846154 0.10096153846153846 0.09134615384615384
0 0.17908653846153846 0.3918269230769231 0.13221153846153846 0.09134615384615384
0 0.24519230769230768 0.44471153846153844 0.1875 0.1346153846153846
0 0.36778846153846156 0.5240384615384616 0.15865384615384615 0.11538461538461539
0 0.2644230769230769 0.6081730769230769 0.1778846153846154 0.12259615384615384
0 0.30528846153846156 0.578125 0.1201923076923077 0.14423076923076922
0 0.27403846153846156 0.5120192307692307 0.04326923076923077 0.038461538461538464
0 0.33653846153846156 0.7415865384615384 0.18269230769230768 0.125
0 0.38341346153846156 0.671875 0.125 0.11057692307692307
0 0.16706730769230768 0.7920673076923077 0.19471153846153846 0.14423076923076922
0 0.3173076923076923 0.8834134615384616 0.24519230769230768 0.1778846153846154
0 0.41466346153846156 0.8377403846153846 0.13942307692307693 0.08653846153846154