3 0.8365384615384616 0.2439903846153846 0.08653846153846154 0.47115384615384615
3 0.8016826923076923 0.6790865384615384 0.08653846153846154 0.4807692307692308
3 0.7475961538461539 0.25961538461538464 0.08173076923076923 0.47115384615384615
3 0.6911057692307693 0.6875 0.08653846153846154 0.4639423076923077
3 0.6586538461538461 0.26802884615384615 0.07692307692307693 0.47115384615384615
3 0.5516826923076923 0.2764423076923077 0.07692307692307693 0.47115384615384615
3 0.5036057692307693 0.44711538461538464 0.12980769230769232 0.6177884615384616
3 0.3858173076923077 0.2439903846153846 0.07211538461538461 0.34134615384615385
3 0.31490384615384615 0.23557692307692307 0.07692307692307693 0.375
3 0.265625 0.5853365384615384 0.04807692307692308 0.40625
3 0.22716346153846154 0.21995192307692307 0.08173076923076923 0.375
3 0.17067307692307693 0.5444711538461539 0.08653846153846154 0.375
3 0.13822115384615385 0.203125 0.09134615384615384 0.3894230769230769
0 0.9230769230769231 0.45913461538461536 0.14903846153846154 0.8221153846153846
0 0.7896634615384616 0.9507211538461539 0.11538461538461539 0.06490384615384616
0 0.859375 0.8617788461538461 0.026442307692307692 0.08173076923076923
0 0.7487980769230769 0.7115384615384616 0.019230769230769232 0.4326923076923077
0 0.06370192307692307 0.4795673076923077 0.11057692307692307 0.47115384615384615
0 0.04807692307692308 0.1346153846153846 0.08173076923076923 0.25240384615384615
0 0.03245192307692308 0.1622596153846154 0.06490384615384616 0.31009615384615385
0 0.02283653846153846 0.47475961538461536 0.04567307692307692 0.36778846153846156
0 0.11538461538461539 0.609375 0.021634615384615384 0.11538461538461539
0 0.22716346153846154 0.5769230769230769 0.02403846153846154 0.24519230769230768
0 0.3293269230769231 0.4879807692307692 0.07692307692307693 0.16346153846153846