3 0.7668269230769231 0.45913461538461536 0.1201923076923077 0.42788461538461536
3 0.7704326923076923 0.6826923076923077 0.07692307692307693 0.15865384615384615
3 0.6430288461538461 0.7548076923076923 0.11538461538461539 0.3894230769230769
3 0.6682692307692307 0.32091346153846156 0.21875 0.42788461538461536
3 0.6995192307692307 0.10096153846153846 0.14903846153846154 0.11298076923076923
3 0.4735576923076923 0.19831730769230768 0.21153846153846154 0.28365384615384615
3 0.2956730769230769 0.22956730769230768 0.14423076923076922 0.3701923076923077
3 0.28725961538461536 0.4651442307692308 0.11057692307692307 0.13942307692307693
3 0.20793269230769232 0.40865384615384615 0.06971153846153846 0.36538461538461536
3 0.2704326923076923 0.7487980769230769 0.22596153846153846 0.40384615384615385
3 0.36177884615384615 0.484375 0.18990384615384615 0.35096153846153844
3 0.5192307692307693 0.39903846153846156 0.13942307692307693 0.4230769230769231
3 0.49399038461538464 0.7512019230769231 0.22115384615384615 0.40865384615384615