3 0.8401442307692307 0.5132211538461539 0.07211538461538461 0.23076923076923078
3 0.7716346153846154 0.5192307692307693 0.057692307692307696 0.2091346153846154
3 0.6899038461538461 0.5661057692307693 0.08173076923076923 0.24519230769230768
3 0.7560096153846154 0.5817307692307693 0.09615384615384616 0.29086538461538464
3 0.625 0.6033653846153846 0.04807692307692308 0.23557692307692307
3 0.578125 0.609375 0.04807692307692308 0.24519230769230768
3 0.5132211538461539 0.609375 0.08173076923076923 0.25721153846153844
3 0.4543269230769231 0.6586538461538461 0.07692307692307693 0.36538461538461536
3 0.40024038461538464 0.5841346153846154 0.07692307692307693 0.38221153846153844
3 0.3293269230769231 0.5625 0.07211538461538461 0.3389423076923077
3 0.24278846153846154 0.49158653846153844 0.11538461538461539 0.2956730769230769
3 0.25 0.7271634615384616 0.10817307692307693 0.1971153846153846
3 0.16706730769230768 0.5276442307692307 0.10096153846153846 0.36538461538461536
3 0.5829326923076923 0.27884615384615385 0.12259615384615384 0.14182692307692307
3 0.5961538461538461 0.15264423076923078 0.14182692307692307 0.11057692307692307
3 0.3425480769230769 0.1971153846153846 0.3076923076923077 0.1971153846153846
3 0.1310096153846154 0.24639423076923078 0.18269230769230768 0.1201923076923077
3 0.2956730769230769 0.33052884615384615 0.18509615384615385 0.11538461538461539
3 0.5564903846153846 0.3605769230769231 0.32211538461538464 0.23076923076923078
3 0.8209134615384616 0.3389423076923077 0.3004807692307692 0.2091346153846154
3 0.6358173076923077 0.2403846153846154 0.6129807692307693 0.1971153846153846