4 0.5228365384615384 0.6634615384615384 0.5625 0.5889423076923077
4 0.33413461538461536 0.9627403846153846 0.32211538461538464 0.06490384615384616
4 0.2091346153846154 0.9423076923076923 0.16826923076923078 0.10576923076923077
4 0.10336538461538461 0.9423076923076923 0.08653846153846154 0.10576923076923077
4 0.056490384615384616 0.9423076923076923 0.0673076923076923 0.10576923076923077
4 0.021634615384615384 0.9338942307692307 0.04326923076923077 0.12259615384615384
4 0.22596153846153846 0.6526442307692307 0.11298076923076923 0.4951923076923077
4 0.15504807692307693 0.6658653846153846 0.08173076923076923 0.42788461538461536
4 0.09615384615384616 0.6947115384615384 0.04807692307692308 0.3894230769230769
4 0.056490384615384616 0.703125 0.04567307692307692 0.3317307692307692
4 0.02283653846153846 0.7259615384615384 0.04567307692307692 0.30528846153846156
4 0.025240384615384616 0.39903846153846156 0.05048076923076923 0.30288461538461536
4 0.0625 0.33413461538461536 0.057692307692307696 0.3317307692307692
4 0.10576923076923077 0.31009615384615385 0.0673076923076923 0.3701923076923077
4 0.15144230769230768 0.23197115384615385 0.08173076923076923 0.4206730769230769
4 0.21153846153846154 0.19591346153846154 0.12980769230769232 0.3870192307692308
4 0.4879807692307692 0.18629807692307693 0.5336538461538461 0.36778846153846156
4 0.13221153846153846 0.016826923076923076 0.03365384615384615 0.028846153846153848
4 0.0889423076923077 0.056490384615384616 0.052884615384615384 0.10817307692307693
4 0.057692307692307696 0.078125 0.057692307692307696 0.15144230769230768
4 0.028846153846153848 0.11899038461538461 0.04326923076923077 0.23557692307692307