4 0.9543269230769231 0.12620192307692307 0.08653846153846154 0.25240384615384615
4 0.8882211538461539 0.12740384615384615 0.13701923076923078 0.24759615384615385
4 0.8088942307692307 0.1310096153846154 0.08653846153846154 0.18269230769230768
4 0.8605769230769231 0.036057692307692304 0.07211538461538461 0.06490384615384616
4 0.7956730769230769 0.02403846153846154 0.028846153846153848 0.038461538461538464
4 0.7379807692307693 0.025240384615384616 0.0673076923076923 0.04326923076923077
4 0.671875 0.025240384615384616 0.052884615384615384 0.04326923076923077
4 0.6177884615384616 0.027644230769230768 0.04326923076923077 0.04807692307692308
4 0.5661057692307693 0.013221153846153846 0.04807692307692308 0.019230769230769232
4 0.5024038461538461 0.020432692307692308 0.07692307692307693 0.03365384615384615
4 0.4182692307692308 0.028846153846153848 0.09134615384615384 0.05048076923076923
4 0.3557692307692308 0.021634615384615384 0.03365384615384615 0.036057692307692304
4 0.7103365384615384 0.15264423076923078 0.07692307692307693 0.21875
4 0.6310096153846154 0.1622596153846154 0.09134615384615384 0.23557692307692307
4 0.5384615384615384 0.14423076923076922 0.08173076923076923 0.23557692307692307
4 0.453125 0.14182692307692307 0.0985576923076923 0.21153846153846154
4 0.3581730769230769 0.14543269230769232 0.13701923076923078 0.1875
4 0.26802884615384615 0.14182692307692307 0.12980769230769232 0.20192307692307693
4 0.5901442307692307 0.9507211538461539 0.1466346153846154 0.09375
4 0.4543269230769231 0.9543269230769231 0.1346153846153846 0.08653846153846154
4 0.3329326923076923 0.9579326923076923 0.1466346153846154 0.07932692307692307
4 0.2283653846153846 0.9579326923076923 0.16346153846153846 0.07932692307692307
4 0.9555288461538461 0.9038461538461539 0.0889423076923077 0.1875
4 0.8978365384615384 0.9074519230769231 0.11298076923076923 0.18028846153846154
4 0.828125 0.9026442307692307 0.09375 0.18990384615384615
4 0.7608173076923077 0.9038461538461539 0.0889423076923077 0.1875
4 0.6935096153846154 0.9098557692307693 0.07932692307692307 0.17548076923076922
4 0.6310096153846154 0.9002403846153846 0.07451923076923077 0.19471153846153846
4 0.5600961538461539 0.8557692307692307 0.08173076923076923 0.11298076923076923
4 0.4723557692307692 0.8689903846153846 0.09134615384615384 0.08653846153846154
4 0.16947115384615385 0.4651442307692308 0.23076923076923078 0.9158653846153846
4 0.32572115384615385 0.609375 0.3317307692307692 0.7019230769230769
4 0.5276442307692307 0.5180288461538461 0.3125 0.5576923076923077