4 0.10096153846153846 0.6057692307692307 0.19471153846153846 0.4326923076923077
4 0.046875 0.8846153846153846 0.08413461538461539 0.1346153846153846
4 0.1045673076923077 0.9495192307692307 0.19951923076923078 0.09615384615384616
4 0.203125 0.8449519230769231 0.23076923076923078 0.16346153846153846
4 0.31009615384615385 0.5733173076923077 0.2668269230769231 0.4375
4 0.5685096153846154 0.5588942307692307 0.2980769230769231 0.46634615384615385
4 0.8509615384615384 0.5384615384615384 0.2932692307692308 0.47596153846153844
4 0.8978365384615384 0.6802884615384616 0.19951923076923078 0.44711538461538464
4 0.6730769230769231 0.8076923076923077 0.25961538461538464 0.1971153846153846
4 0.4254807692307692 0.8353365384615384 0.2548076923076923 0.18269230769230768
4 0.31009615384615385 0.9399038461538461 0.21634615384615385 0.11538461538461539
4 0.515625 0.9314903846153846 0.21394230769230768 0.13221153846153846
4 0.7427884615384616 0.9290865384615384 0.2403846153846154 0.13701923076923078
4 0.9254807692307693 0.9387019230769231 0.14423076923076922 0.11778846153846154