4 0.8894230769230769 0.37259615384615385 0.21153846153846154 0.3125
4 0.9471153846153846 0.3125 0.09615384615384616 0.20673076923076922
4 0.8233173076923077 0.11778846153846154 0.25961538461538464 0.1971153846153846
4 0.9603365384615384 0.09975961538461539 0.0673076923076923 0.12980769230769232
4 0.6742788461538461 0.14182692307692307 0.18509615384615385 0.23076923076923078
4 0.7115384615384616 0.2860576923076923 0.14423076923076922 0.040865384615384616
4 0.7992788461538461 0.453125 0.3076923076923077 0.28365384615384615
4 0.8629807692307693 0.734375 0.2644230769230769 0.3894230769230769
4 0.8329326923076923 0.7944711538461539 0.32211538461538464 0.40384615384615385
4 0.6875 0.4423076923076923 0.21153846153846154 0.2980769230769231
4 0.5841346153846154 0.15144230769230768 0.11057692307692307 0.25
4 0.46033653846153844 0.046875 0.13701923076923078 0.0889423076923077
4 0.5 0.1875 0.18509615384615385 0.21634615384615385
4 0.5444711538461539 0.46033653846153844 0.24278846153846154 0.32211538461538464
4 0.6105769230769231 0.8088942307692307 0.29086538461538464 0.375
4 0.3942307692307692 0.8353365384615384 0.23798076923076922 0.32211538461538464
4 0.36778846153846156 0.5024038461538461 0.21634615384615385 0.3293269230769231
4 0.33653846153846156 0.2247596153846154 0.16346153846153846 0.22596153846153846
4 0.3233173076923077 0.06129807692307692 0.11778846153846154 0.11778846153846154
4 0.2091346153846154 0.06009615384615385 0.11057692307692307 0.11538461538461539
4 0.18990384615384615 0.24158653846153846 0.13701923076923078 0.24519230769230768
4 0.1875 0.5300480769230769 0.16346153846153846 0.3173076923076923
4 0.1935096153846154 0.8425480769230769 0.18509615384615385 0.3076923076923077
4 0.04807692307692308 0.8052884615384616 0.09615384615384616 0.18028846153846154
4 0.05048076923076923 0.5576923076923077 0.10096153846153846 0.31490384615384615
4 0.055288461538461536 0.2980769230769231 0.11057692307692307 0.20673076923076922
4 0.08774038461538461 0.1045673076923077 0.10096153846153846 0.15865384615384615