5 0.2932692307692308 0.09975961538461539 0.15144230769230768 0.16346153846153846
5 0.33774038461538464 0.12259615384615384 0.0625 0.07692307692307693
5 0.390625 0.11778846153846154 0.036057692307692304 0.057692307692307696
5 0.34615384615384615 0.13822115384615385 0.125 0.1346153846153846
5 0.3449519230769231 0.2439903846153846 0.04807692307692308 0.052884615384615384
5 0.3401442307692308 0.3329326923076923 0.04807692307692308 0.052884615384615384
5 0.390625 0.36899038461538464 0.04326923076923077 0.052884615384615384
5 0.2956730769230769 0.24879807692307693 0.15384615384615385 0.09615384615384616
5 0.28846153846153844 0.36899038461538464 0.1346153846153846 0.1346153846153846
5 0.33774038461538464 0.390625 0.14182692307692307 0.10576923076923077
5 0.5180288461538461 0.6201923076923077 0.5480769230769231 0.11057692307692307
5 0.5516826923076923 0.7091346153846154 0.5336538461538461 0.10096153846153846
5 0.40865384615384615 0.7596153846153846 0.40865384615384615 0.1346153846153846
5 0.5084134615384616 0.9158653846153846 0.5817307692307693 0.16105769230769232
5 0.6694711538461539 0.8377403846153846 0.2980769230769231 0.10336538461538461
5 0.7752403846153846 0.625 0.038461538461538464 0.057692307692307696
5 0.8004807692307693 0.6983173076923077 0.04326923076923077 0.0625
5 0.5841346153846154 0.7644230769230769 0.0673076923076923 0.0625
5 0.7956730769230769 0.8557692307692307 0.04326923076923077 0.05048076923076923
5 0.7848557692307693 0.9194711538461539 0.03125 0.052884615384615384