5 0.07451923076923077 0.8665865384615384 0.13701923076923078 0.1875
5 0.11298076923076923 0.9699519230769231 0.21394230769230768 0.055288461538461536
5 0.13341346153846154 0.9350961538461539 0.11298076923076923 0.09134615384615384
5 0.2704326923076923 0.8329326923076923 0.17307692307692307 0.19230769230769232
5 0.22355769230769232 0.9194711538461539 0.04326923076923077 0.019230769230769232
5 0.33653846153846156 0.8413461538461539 0.06490384615384616 0.038461538461538464
5 0.35697115384615385 0.8641826923076923 0.07211538461538461 0.04326923076923077
5 0.31009615384615385 0.9326923076923077 0.08173076923076923 0.10576923076923077
5 0.28846153846153844 0.9735576923076923 0.028846153846153848 0.019230769230769232
5 0.5709134615384616 0.8473557692307693 0.16826923076923078 0.0625
5 0.5480769230769231 0.7872596153846154 0.12980769230769232 0.0625
5 0.43149038461538464 0.7512019230769231 0.125 0.05048076923076923
5 0.5540865384615384 0.7427884615384616 0.09615384615384616 0.0673076923076923
5 0.6394230769230769 0.7427884615384616 0.10096153846153846 0.10576923076923077
5 0.5925480769230769 0.7127403846153846 0.0889423076923077 0.04807692307692308
5 0.6274038461538461 0.6526442307692307 0.23076923076923078 0.08173076923076923
5 0.5024038461538461 0.6526442307692307 0.14903846153846154 0.12740384615384615
5 0.4519230769230769 0.7091346153846154 0.036057692307692304 0.03365384615384615
5 0.25841346153846156 0.6622596153846154 0.052884615384615384 0.026442307692307692
5 0.056490384615384616 0.7355769230769231 0.052884615384615384 0.026442307692307692
5 0.018028846153846152 0.7211538461538461 0.02403846153846154 0.02403846153846154
5 0.026442307692307692 0.6971153846153846 0.04326923076923077 0.06490384615384616
5 0.1935096153846154 0.6189903846153846 0.31490384615384615 0.2620192307692308
5 0.22596153846153846 0.2956730769230769 0.1778846153846154 0.2644230769230769
5 0.37259615384615385 0.3076923076923077 0.14903846153846154 0.20673076923076922
5 0.31490384615384615 0.40625 0.04807692307692308 0.038461538461538464
5 0.33653846153846156 0.4098557692307692 0.2932692307692308 0.16346153846153846
5 0.09495192307692307 0.18389423076923078 0.04807692307692308 0.026442307692307692
5 0.0625 0.25721153846153844 0.11298076923076923 0.18028846153846154
5 0.14302884615384615 0.18509615384615385 0.04807692307692308 0.02403846153846154
5 0.125 0.2439903846153846 0.09615384615384616 0.1346153846153846
5 0.15144230769230768 0.3004807692307692 0.1971153846153846 0.13942307692307693
5 0.054086538461538464 0.3894230769230769 0.09615384615384616 0.07692307692307693
5 0.1814903846153846 0.0673076923076923 0.1658653846153846 0.12980769230769232
5 0.30408653846153844 0.09134615384615384 0.15625 0.1778846153846154
5 0.375 0.13822115384615385 0.16826923076923078 0.12980769230769232
5 0.4795673076923077 0.234375 0.1971153846153846 0.13942307692307693
5 0.5204326923076923 0.3389423076923077 0.125 0.06971153846153846
5 0.6454326923076923 0.38461538461538464 0.028846153846153848 0.026442307692307692
5 0.6129807692307693 0.3942307692307692 0.08173076923076923 0.04807692307692308
5 0.5685096153846154 0.47716346153846156 0.17307692307692307 0.18269230769230768
5 0.6225961538461539 0.5769230769230769 0.0889423076923077 0.06971153846153846
5 0.5264423076923077 0.5588942307692307 0.0889423076923077 0.04807692307692308
5 0.5 0.546875 0.036057692307692304 0.016826923076923076
5 0.4675480769230769 0.4495192307692308 0.07692307692307693 0.11057692307692307
5 0.6069711538461539 0.29927884615384615 0.1201923076923077 0.09615384615384616
5 0.7860576923076923 0.2848557692307692 0.22596153846153846 0.1875
5 0.6995192307692307 0.36177884615384615 0.06490384615384616 0.038461538461538464
5 0.8245192307692307 0.33413461538461536 0.17307692307692307 0.17307692307692307
5 0.7884615384615384 0.4074519230769231 0.06490384615384616 0.019230769230769232
5 0.8870192307692307 0.3449519230769231 0.1201923076923077 0.23557692307692307
5 0.7740384615384616 0.4567307692307692 0.10576923076923077 0.125
5 0.8485576923076923 0.5588942307692307 0.11298076923076923 0.16826923076923078
5 0.7019230769230769 0.53125 0.12980769230769232 0.17307692307692307
5 0.6394230769230769 0.4074519230769231 0.10096153846153846 0.21394230769230768
5 0.4735576923076923 0.11658653846153846 0.10096153846153846 0.10576923076923077
5 0.5600961538461539 0.140625 0.08173076923076923 0.09375
5 0.6189903846153846 0.22716346153846154 0.1201923076923077 0.06009615384615385
5 0.7079326923076923 0.14423076923076922 0.25 0.0673076923076923
5 0.8990384615384616 0.17548076923076922 0.1778846153846154 0.13701923076923078
5 0.9867788461538461 0.13701923076923078 0.021634615384615384 0.07211538461538461
5 0.96875 0.25240384615384615 0.057692307692307696 0.10096153846153846
5 0.9350961538461539 0.09254807692307693 0.07211538461538461 0.04326923076923077
5 0.8209134615384616 0.10817307692307693 0.10576923076923077 0.0625
5 0.8040865384615384 0.026442307692307692 0.10817307692307693 0.04807692307692308
5 0.8918269230769231 0.038461538461538464 0.21153846153846154 0.07211538461538461
5 0.8100961538461539 0.06370192307692307 0.036057692307692304 0.019230769230769232
5 0.9290865384615384 0.04807692307692308 0.08173076923076923 0.028846153846153848
5 0.9543269230769231 0.05889423076923077 0.08653846153846154 0.04567307692307692
5 0.7355769230769231 0.0673076923076923 0.10096153846153846 0.09375
5 0.6370192307692307 0.06129807692307692 0.16826923076923078 0.09134615384615384
5 0.6057692307692307 0.014423076923076924 0.11538461538461539 0.02403846153846154
5 0.5625 0.04807692307692308 0.10096153846153846 0.07692307692307693
5 0.45552884615384615 0.018028846153846152 0.17548076923076922 0.03125
5 0.39903846153846156 0.021634615384615384 0.04807692307692308 0.02403846153846154