5 0.1935096153846154 0.6153846153846154 0.28365384615384615 0.6730769230769231
5 0.15625 0.40024038461538464 0.3076923076923077 0.6995192307692307
5 0.057692307692307696 0.25240384615384615 0.11057692307692307 0.375
5 0.7716346153846154 0.23798076923076922 0.42788461538461536 0.3798076923076923
5 0.8870192307692307 0.28846153846153844 0.15384615384615385 0.47115384615384615
5 0.6490384615384616 0.4495192307692308 0.375 0.5144230769230769
5 0.4110576923076923 0.421875 0.20432692307692307 0.7379807692307693
5 0.4110576923076923 0.21634615384615385 0.30288461538461536 0.25
5 0.5528846153846154 0.7956730769230769 0.4375 0.40384615384615385
5 0.765625 0.7524038461538461 0.46875 0.49038461538461536
5 0.8786057692307693 0.8617788461538461 0.24278846153846154 0.27163461538461536
5 0.056490384615384616 0.8798076923076923 0.10817307692307693 0.23557692307692307
5 0.19471153846153846 0.8894230769230769 0.17307692307692307 0.21634615384615385