5 0.7487980769230769 0.08173076923076923 0.49038461538461536 0.15865384615384615
5 0.2548076923076923 0.4579326923076923 0.375 0.28365384615384615
5 0.53125 0.4567307692307692 0.9278846153846154 0.47596153846153844
5 0.33774038461538464 0.06610576923076923 0.1971153846153846 0.125
5 0.6201923076923077 0.1141826923076923 0.75 0.22115384615384615
5 0.34615384615384615 0.3245192307692308 0.22596153846153846 0.028846153846153848
5 0.6069711538461539 0.2860576923076923 0.7740384615384616 0.125
5 0.34615384615384615 0.6454326923076923 0.1658653846153846 0.11057692307692307
5 0.2980769230769231 0.8112980769230769 0.2403846153846154 0.18990384615384615
5 0.3389423076923077 0.9495192307692307 0.15865384615384615 0.09615384615384616
5 0.5180288461538461 0.640625 0.5096153846153846 0.14423076923076922
5 0.5889423076923077 0.8112980769230769 0.8100961538461539 0.35096153846153844
5 0.6286057692307693 0.9375 0.7331730769230769 0.1201923076923077