5 0.8473557692307693 0.6141826923076923 0.09615384615384616 0.37740384615384615
5 0.8894230769230769 0.5625 0.052884615384615384 0.3942307692307692
5 0.9086538461538461 0.5576923076923077 0.05048076923076923 0.40384615384615385
5 0.9014423076923077 0.3737980769230769 0.028846153846153848 0.04807692307692308
5 0.8834134615384616 0.38822115384615385 0.028846153846153848 0.03365384615384615
5 0.8485576923076923 0.4423076923076923 0.038461538461538464 0.03365384615384615
5 0.8161057692307693 0.39302884615384615 0.04807692307692308 0.0985576923076923
5 0.7908653846153846 0.4014423076923077 0.04807692307692308 0.08173076923076923
5 0.7848557692307693 0.6033653846153846 0.09615384615384616 0.3557692307692308
5 0.6995192307692307 0.609375 0.08413461538461539 0.34375
5 0.6802884615384616 0.4483173076923077 0.04326923076923077 0.0985576923076923
5 0.71875 0.41586538461538464 0.0625 0.14182692307692307
5 0.6274038461538461 0.41225961538461536 0.0625 0.14903846153846154
5 0.6237980769230769 0.5925480769230769 0.07692307692307693 0.36538461538461536
5 0.5540865384615384 0.6262019230769231 0.07692307692307693 0.37740384615384615
5 0.5528846153846154 0.46153846153846156 0.05048076923076923 0.04807692307692308
5 0.6177884615384616 0.4423076923076923 0.04326923076923077 0.052884615384615384
5 0.6838942307692307 0.42908653846153844 0.036057692307692304 0.04807692307692308
5 0.7019230769230769 0.45913461538461536 0.05048076923076923 0.052884615384615384
5 0.7127403846153846 0.3605769230769231 0.036057692307692304 0.04326923076923077
5 0.7836538461538461 0.3858173076923077 0.03365384615384615 0.038461538461538464
5 0.8076923076923077 0.3629807692307692 0.036057692307692304 0.038461538461538464
5 0.6237980769230769 0.3581730769230769 0.03365384615384615 0.038461538461538464
5 0.5913461538461539 0.41225961538461536 0.038461538461538464 0.08173076923076923
5 0.5949519230769231 0.4266826923076923 0.04807692307692308 0.1201923076923077
5 0.5528846153846154 0.4074519230769231 0.036057692307692304 0.038461538461538464
5 0.5492788461538461 0.3389423076923077 0.036057692307692304 0.04326923076923077
5 0.5504807692307693 0.34975961538461536 0.04807692307692308 0.07692307692307693
5 0.5144230769230769 0.4182692307692308 0.04807692307692308 0.13701923076923078
5 0.4855769230769231 0.5084134615384616 0.038461538461538464 0.052884615384615384
5 0.4795673076923077 0.6394230769230769 0.07451923076923077 0.3076923076923077
5 0.47475961538461536 0.5324519230769231 0.0625 0.36538461538461536
5 0.47596153846153844 0.3713942307692308 0.028846153846153848 0.04326923076923077
5 0.4423076923076923 0.5408653846153846 0.08413461538461539 0.44711538461538464
5 0.4387019230769231 0.390625 0.0625 0.13701923076923078
5 0.4362980769230769 0.234375 0.036057692307692304 0.04326923076923077
5 0.3233173076923077 0.2127403846153846 0.04326923076923077 0.04326923076923077
5 0.21875 0.21875 0.04326923076923077 0.04326923076923077
5 0.11778846153846154 0.23197115384615385 0.04807692307692308 0.04807692307692308
5 0.11658653846153846 0.4567307692307692 0.057692307692307696 0.09134615384615384
5 0.17427884615384615 0.4230769230769231 0.04326923076923077 0.038461538461538464
5 0.1814903846153846 0.5408653846153846 0.036057692307692304 0.052884615384615384
5 0.25961538461538464 0.5769230769230769 0.038461538461538464 0.06009615384615385
5 0.3016826923076923 0.3605769230769231 0.04326923076923077 0.04326923076923077
5 0.40384615384615385 0.45072115384615385 0.036057692307692304 0.04807692307692308
5 0.4050480769230769 0.6033653846153846 0.07692307692307693 0.34375
5 0.3004807692307692 0.5576923076923077 0.15625 0.4375
5 0.2620192307692308 0.6670673076923077 0.07451923076923077 0.2403846153846154
5 0.18509615384615385 0.6502403846153846 0.057692307692307696 0.2620192307692308
5 0.18028846153846154 0.5961538461538461 0.0625 0.3701923076923077
5 0.11778846153846154 0.5925480769230769 0.06971153846153846 0.34375
5 0.11778846153846154 0.46153846153846156 0.0985576923076923 0.49759615384615385
5 0.21634615384615385 0.34134615384615385 0.0985576923076923 0.29086538461538464
5 0.32572115384615385 0.3112980769230769 0.0985576923076923 0.23076923076923078
5 0.4326923076923077 0.32211538461538464 0.11057692307692307 0.20673076923076922