5 0.09254807692307693 0.7199519230769231 0.08653846153846154 0.0889423076923077
5 0.09615384615384616 0.6598557692307693 0.07211538461538461 0.052884615384615384
5 0.10216346153846154 0.9891826923076923 0.09375 0.016826923076923076
5 0.28725961538461536 0.8221153846153846 0.038461538461538464 0.028846153846153848
5 0.12620192307692307 0.6274038461538461 0.07692307692307693 0.04807692307692308
5 0.13942307692307693 0.5877403846153846 0.09134615384615384 0.04807692307692308
5 0.07091346153846154 0.6057692307692307 0.04326923076923077 0.04807692307692308
5 0.08413461538461539 0.5576923076923077 0.07211538461538461 0.04807692307692308
5 0.03245192307692308 0.546875 0.03365384615384615 0.02403846153846154
5 0.15264423076923078 0.5360576923076923 0.052884615384615384 0.0625
5 0.0985576923076923 0.5060096153846154 0.0673076923076923 0.057692307692307696
5 0.16346153846153846 0.38341346153846156 0.14182692307692307 0.18509615384615385
5 0.1141826923076923 0.33052884615384615 0.16346153846153846 0.10096153846153846
5 0.040865384615384616 0.38221153846153844 0.07211538461538461 0.09615384615384616
5 0.06610576923076923 0.421875 0.07692307692307693 0.057692307692307696
5 0.06610576923076923 0.46875 0.04326923076923077 0.05048076923076923
5 0.027644230769230768 0.30528846153846156 0.04326923076923077 0.04326923076923077
5 0.06850961538461539 0.23677884615384615 0.125 0.11538461538461539
5 0.09014423076923077 0.14543269230769232 0.08173076923076923 0.10096153846153846
5 0.027644230769230768 0.1141826923076923 0.04326923076923077 0.08413461538461539
5 0.06850961538461539 0.052884615384615384 0.08173076923076923 0.07692307692307693
5 0.12620192307692307 0.020432692307692308 0.07692307692307693 0.03365384615384615
5 0.18269230769230768 0.08173076923076923 0.13701923076923078 0.0985576923076923
5 0.21875 0.038461538461538464 0.11057692307692307 0.0673076923076923
5 0.2764423076923077 0.0733173076923077 0.06009615384615385 0.057692307692307696
5 0.28725961538461536 0.11658653846153846 0.06009615384615385 0.04326923076923077
5 0.22115384615384615 0.24158653846153846 0.23557692307692307 0.10576923076923077
5 0.14783653846153846 0.1778846153846154 0.04326923076923077 0.036057692307692304
5 0.5985576923076923 0.4795673076923077 0.21153846153846154 0.10096153846153846
5 0.734375 0.4362980769230769 0.09134615384615384 0.06490384615384616
5 0.7319711538461539 0.36177884615384615 0.0985576923076923 0.08413461538461539
5 0.7403846153846154 0.30408653846153844 0.10336538461538461 0.0625
5 0.7235576923076923 0.28966346153846156 0.04807692307692308 0.038461538461538464
5 0.7163461538461539 0.24759615384615385 0.03365384615384615 0.057692307692307696
5 0.6418269230769231 0.23798076923076922 0.11538461538461539 0.07692307692307693
5 0.7163461538461539 0.18870192307692307 0.052884615384615384 0.028846153846153848
5 0.7512019230769231 0.15985576923076922 0.125 0.05048076923076923
5 0.71875 0.1141826923076923 0.06009615384615385 0.0625
5 0.8064903846153846 0.23677884615384615 0.14903846153846154 0.13942307692307693
5 0.8221153846153846 0.3076923076923077 0.08173076923076923 0.02403846153846154
5 0.8197115384615384 0.3581730769230769 0.0985576923076923 0.07692307692307693