5 0.08774038461538461 0.5072115384615384 0.11778846153846154 0.9086538461538461
5 0.09134615384615384 0.9206730769230769 0.04326923076923077 0.0673076923076923
5 0.24158653846153846 0.9266826923076923 0.04807692307692308 0.0673076923076923
5 0.39302884615384615 0.7644230769230769 0.057692307692307696 0.07211538461538461
5 0.5264423076923077 0.7620192307692307 0.06971153846153846 0.09134615384615384
5 0.6490384615384616 0.7548076923076923 0.07451923076923077 0.09134615384615384
5 0.7836538461538461 0.8810096153846154 0.038461538461538464 0.07932692307692307
5 0.9206730769230769 0.8942307692307693 0.038461538461538464 0.0673076923076923
5 0.39663461538461536 0.43028846153846156 0.11298076923076923 0.7403846153846154
5 0.2403846153846154 0.5072115384615384 0.11778846153846154 0.9086538461538461
5 0.5240384615384616 0.4266826923076923 0.11778846153846154 0.75
5 0.6526442307692307 0.43028846153846156 0.0985576923076923 0.7403846153846154
5 0.7824519230769231 0.49038461538461536 0.10576923076923077 0.8605769230769231
5 0.9254807692307693 0.49038461538461536 0.11298076923076923 0.875