5 0.12379807692307693 0.20552884615384615 0.23557692307692307 0.40384615384615385
5 0.3737980769230769 0.040865384615384616 0.28846153846153844 0.07451923076923077
5 0.4495192307692308 0.16346153846153846 0.8894230769230769 0.2668269230769231
5 0.8173076923076923 0.10336538461538461 0.13942307692307693 0.0985576923076923
5 0.31490384615384615 0.34134615384615385 0.15865384615384615 0.08653846153846154
5 0.7415865384615384 0.3161057692307692 0.11778846153846154 0.08413461538461539
5 0.890625 0.5576923076923077 0.10096153846153846 0.08173076923076923
5 0.49759615384615385 0.8173076923076923 0.11057692307692307 0.08653846153846154
5 0.9747596153846154 0.7367788461538461 0.04567307692307692 0.08413461538461539
5 0.5012019230769231 0.7175480769230769 0.9927884615384616 0.19471153846153846
5 0.47596153846153844 0.5745192307692307 0.9423076923076923 0.21634615384615385
5 0.19951923076923078 0.38341346153846156 0.3894230769230769 0.17307692307692307
5 0.5420673076923077 0.3401442307692308 0.9110576923076923 0.24759615384615385
5 0.6802884615384616 0.1814903846153846 0.6346153846153846 0.27163461538461536
5 0.8461538461538461 0.037259615384615384 0.30288461538461536 0.06971153846153846
5 0.6670673076923077 0.036057692307692304 0.38221153846153844 0.0625
5 0.9399038461538461 0.5576923076923077 0.11538461538461539 0.24519230769230768
5 0.2764423076923077 0.8052884615384616 0.5408653846153846 0.22115384615384615
5 0.5492788461538461 0.8786057692307693 0.9014423076923077 0.23798076923076922
5 0.1622596153846154 0.9170673076923077 0.3125 0.13221153846153846
5 0.7908653846153846 0.9411057692307693 0.4182692307692308 0.11298076923076923
5 0.5012019230769231 0.5 0.9927884615384616 0.9951923076923077