5 0.09254807692307693 0.2800480769230769 0.08653846153846154 0.08653846153846154
5 0.09615384615384616 0.3401442307692308 0.07211538461538461 0.052884615384615384
5 0.10096153846153846 0.009615384615384616 0.09134615384615384 0.019230769230769232
5 0.28725961538461536 0.1778846153846154 0.038461538461538464 0.028846153846153848
5 0.12620192307692307 0.37259615384615385 0.07692307692307693 0.04807692307692308
5 0.13942307692307693 0.41225961538461536 0.09134615384615384 0.04807692307692308
5 0.07091346153846154 0.3942307692307692 0.04326923076923077 0.04807692307692308
5 0.08413461538461539 0.4423076923076923 0.07211538461538461 0.04807692307692308
5 0.03245192307692308 0.453125 0.03365384615384615 0.02403846153846154
5 0.15264423076923078 0.4639423076923077 0.052884615384615384 0.0625
5 0.0985576923076923 0.49399038461538464 0.0673076923076923 0.057692307692307696
5 0.16346153846153846 0.6165865384615384 0.14182692307692307 0.18509615384615385
5 0.1141826923076923 0.6694711538461539 0.16346153846153846 0.10336538461538461
5 0.040865384615384616 0.6177884615384616 0.07211538461538461 0.09615384615384616
5 0.06610576923076923 0.578125 0.07692307692307693 0.057692307692307696
5 0.06610576923076923 0.53125 0.04326923076923077 0.05048076923076923
5 0.027644230769230768 0.6947115384615384 0.04326923076923077 0.04326923076923077
5 0.06850961538461539 0.7632211538461539 0.125 0.11538461538461539
5 0.09014423076923077 0.8545673076923077 0.08173076923076923 0.10096153846153846
5 0.027644230769230768 0.8858173076923077 0.04326923076923077 0.08413461538461539
5 0.06850961538461539 0.9471153846153846 0.08173076923076923 0.07692307692307693
5 0.12620192307692307 0.9795673076923077 0.07692307692307693 0.03365384615384615
5 0.18269230769230768 0.9182692307692307 0.13701923076923078 0.0985576923076923
5 0.21875 0.9615384615384616 0.11057692307692307 0.0673076923076923
5 0.2764423076923077 0.9266826923076923 0.06009615384615385 0.057692307692307696
5 0.28725961538461536 0.8834134615384616 0.06009615384615385 0.04326923076923077
5 0.22115384615384615 0.7584134615384616 0.23557692307692307 0.10576923076923077
5 0.14783653846153846 0.8221153846153846 0.04326923076923077 0.036057692307692304
5 0.5985576923076923 0.5204326923076923 0.21153846153846154 0.10096153846153846
5 0.734375 0.5637019230769231 0.09134615384615384 0.06490384615384616
5 0.7319711538461539 0.6382211538461539 0.0985576923076923 0.08413461538461539
5 0.7403846153846154 0.6959134615384616 0.10336538461538461 0.0625
5 0.7235576923076923 0.7103365384615384 0.04807692307692308 0.038461538461538464
5 0.7163461538461539 0.7524038461538461 0.03365384615384615 0.057692307692307696
5 0.6418269230769231 0.7620192307692307 0.11538461538461539 0.07692307692307693
5 0.7163461538461539 0.8112980769230769 0.052884615384615384 0.028846153846153848
5 0.7512019230769231 0.8401442307692307 0.125 0.05048076923076923
5 0.71875 0.8858173076923077 0.06009615384615385 0.0625
5 0.8064903846153846 0.7632211538461539 0.14903846153846154 0.13942307692307693
5 0.8221153846153846 0.6923076923076923 0.08173076923076923 0.02403846153846154
5 0.8197115384615384 0.6418269230769231 0.0985576923076923 0.07692307692307693