5 0.7692307692307693 0.9483173076923077 0.4519230769230769 0.09615384615384616
5 0.8509615384615384 0.8401442307692307 0.28846153846153844 0.20673076923076922
5 0.8990384615384616 0.2668269230769231 0.1971153846153846 0.5288461538461539
5 0.8161057692307693 0.23798076923076922 0.27163461538461536 0.47115384615384615
5 0.6947115384615384 0.16466346153846154 0.21634615384615385 0.3245192307692308
5 0.5420673076923077 0.3112980769230769 0.4879807692307692 0.375
5 0.71875 0.5552884615384616 0.38461538461538464 0.3076923076923077
5 0.9350961538461539 0.5841346153846154 0.1201923076923077 0.34615384615384615
5 0.7692307692307693 0.8846153846153846 0.4519230769230769 0.22355769230769232
5 0.39302884615384615 0.8389423076923077 0.2283653846153846 0.31490384615384615
5 0.4050480769230769 0.9387019230769231 0.4423076923076923 0.11538461538461539
5 0.1466346153846154 0.78125 0.2932692307692308 0.43028846153846156
5 0.4182692307692308 0.7235576923076923 0.36778846153846156 0.3798076923076923
5 0.38100961538461536 0.5721153846153846 0.32211538461538464 0.29086538461538464
5 0.33774038461538464 0.16706730769230768 0.6754807692307693 0.3293269230769231
5 0.4254807692307692 0.10576923076923077 0.2548076923076923 0.09134615384615384
5 0.2620192307692308 0.3762019230769231 0.5240384615384616 0.37259615384615385
5 0.5120192307692307 0.46274038461538464 0.13942307692307693 0.14423076923076922
5 0.4987980769230769 0.5012019230769231 0.9975961538461539 0.9975961538461539