5 0.8461538461538461 0.5048076923076923 0.3004807692307692 0.5384615384615384
5 0.5649038461538461 0.8088942307692307 0.15625 0.21634615384615385
5 0.7163461538461539 0.3641826923076923 0.5576923076923077 0.5817307692307693
5 0.7415865384615384 0.7956730769230769 0.5096153846153846 0.2403846153846154
5 0.42788461538461536 0.8004807692307693 0.42788461538461536 0.22115384615384615
5 0.19591346153846154 0.8617788461538461 0.14903846153846154 0.10096153846153846
5 0.171875 0.6766826923076923 0.34375 0.4735576923076923
5 0.41466346153846156 0.6129807692307693 0.27403846153846156 0.3125
5 0.12379807692307693 0.36177884615384615 0.24759615384615385 0.42788461538461536
5 0.17548076923076922 0.27283653846153844 0.35096153846153844 0.3245192307692308
5 0.7199519230769231 0.12620192307692307 0.1346153846153846 0.125
5 0.6862980769230769 0.037259615384615384 0.10336538461538461 0.07451923076923077
5 0.44471153846153844 0.1814903846153846 0.4423076923076923 0.3629807692307692
5 0.8665865384615384 0.03485576923076923 0.25240384615384615 0.06971153846153846
5 0.12740384615384615 0.1045673076923077 0.2548076923076923 0.2091346153846154
5 0.4987980769230769 0.4639423076923077 0.9975961538461539 0.9278846153846154