5 0.6262019230769231 0.8786057692307693 0.5625 0.14903846153846154
5 0.7127403846153846 0.7548076923076923 0.4423076923076923 0.14182692307692307
5 0.7307692307692307 0.6153846153846154 0.46153846153846156 0.14903846153846154
5 0.75 0.4891826923076923 0.4423076923076923 0.14423076923076922
5 0.7704326923076923 0.36778846153846156 0.4567307692307692 0.13942307692307693
5 0.12860576923076922 0.6634615384615384 0.14423076923076922 0.10096153846153846
5 0.1875 0.9086538461538461 0.20673076923076922 0.17548076923076922
5 0.8317307692307693 0.8870192307692307 0.13942307692307693 0.08173076923076923
5 0.8617788461538461 0.7427884615384616 0.14423076923076922 0.07211538461538461
5 0.890625 0.6105769230769231 0.1346153846153846 0.08173076923076923
5 0.90625 0.4891826923076923 0.12980769230769232 0.07692307692307693
5 0.9350961538461539 0.36177884615384615 0.1201923076923077 0.0673076923076923
5 0.41346153846153844 0.7451923076923077 0.5384615384615384 0.17067307692307693
5 0.296875 0.5228365384615384 0.39663461538461536 0.2548076923076923
5 0.15865384615384615 0.45552884615384615 0.12980769230769232 0.1201923076923077
5 0.203125 0.3088942307692308 0.1346153846153846 0.10576923076923077
5 0.25961538461538464 0.18269230769230768 0.125 0.1201923076923077
5 0.3016826923076923 0.06370192307692307 0.11538461538461539 0.1201923076923077
5 0.3317307692307692 0.41466346153846156 0.38461538461538464 0.31971153846153844
5 0.3641826923076923 0.3016826923076923 0.33653846153846156 0.3485576923076923
5 0.4110576923076923 0.15985576923076922 0.33653846153846156 0.31971153846153844