5 0.9242788461538461 0.8449519230769231 0.14423076923076922 0.2980769230769231
5 0.8737980769230769 0.5168269230769231 0.24519230769230768 0.4831730769230769
5 0.8257211538461539 0.8425480769230769 0.11538461538461539 0.30288461538461536
5 0.9435096153846154 0.6923076923076923 0.10576923076923077 0.23557692307692307
5 0.8088942307692307 0.8617788461538461 0.16346153846153846 0.2644230769230769
5 0.6742788461538461 0.9194711538461539 0.36778846153846156 0.14903846153846154
5 0.6706730769230769 0.49158653846153844 0.16346153846153846 0.7307692307692307
5 0.5108173076923077 0.43149038461538464 0.18028846153846154 0.8269230769230769
5 0.3918269230769231 0.5865384615384616 0.21875 0.7115384615384616
5 0.7728365384615384 0.09975961538461539 0.20432692307692307 0.19471153846153846
5 0.8641826923076923 0.24278846153846154 0.2668269230769231 0.4807692307692308
5 0.2848557692307692 0.6117788461538461 0.1346153846153846 0.30288461538461536
5 0.23677884615384615 0.7872596153846154 0.37740384615384615 0.41346153846153844
5 0.10096153846153846 0.8762019230769231 0.1971153846153846 0.23798076923076922
5 0.12379807692307693 0.5372596153846154 0.24278846153846154 0.2956730769230769
5 0.41586538461538464 0.17067307692307693 0.5144230769230769 0.33653846153846156
5 0.140625 0.25600961538461536 0.2764423076923077 0.2956730769230769
5 0.18990384615384615 0.08533653846153846 0.375 0.1658653846153846
5 0.4987980769230769 0.49759615384615385 0.9951923076923077 0.9951923076923077