5 0.6694711538461539 0.8257211538461539 0.6538461538461539 0.3389423076923077
5 0.96875 0.4074519230769231 0.052884615384615384 0.5528846153846154
5 0.8293269230769231 0.4699519230769231 0.28365384615384615 0.7427884615384616
5 0.6105769230769231 0.7079326923076923 0.18269230769230768 0.3557692307692308
5 0.6550480769230769 0.38461538461538464 0.25721153846153844 0.7644230769230769
5 0.8449519230769231 0.28725961538461536 0.30288461538461536 0.5745192307692307
5 0.6766826923076923 0.24278846153846154 0.07211538461538461 0.125
5 0.8966346153846154 0.171875 0.0985576923076923 0.125
5 0.6586538461538461 0.5985576923076923 0.09615384615384616 0.125
5 0.4254807692307692 0.5276442307692307 0.1971153846153846 0.9326923076923077
5 0.21995192307692307 0.6971153846153846 0.19951923076923078 0.5961538461538461
5 0.16466346153846154 0.9074519230769231 0.3245192307692308 0.17548076923076922
5 0.07451923076923077 0.7596153846153846 0.1346153846153846 0.46875
5 0.20552884615384615 0.02283653846153846 0.05048076923076923 0.040865384615384616
5 0.2620192307692308 0.026442307692307692 0.08173076923076923 0.04807692307692308
5 0.1814903846153846 0.4483173076923077 0.09615384615384616 0.07692307692307693
5 0.27884615384615385 0.41466346153846156 0.20673076923076922 0.8245192307692307
5 0.056490384615384616 0.15264423076923078 0.10817307692307693 0.3004807692307692
5 0.1141826923076923 0.3870192307692308 0.22355769230769232 0.7692307692307693
5 0.5 0.4987980769230769 0.9951923076923077 0.9927884615384616