5 0.7908653846153846 0.46875 0.17548076923076922 0.47836538461538464
5 0.7235576923076923 0.3293269230769231 0.28365384615384615 0.25961538461538464
5 0.4807692307692308 0.44711538461538464 0.19471153846153846 0.6201923076923077
5 0.3161057692307692 0.47836538461538464 0.19230769230769232 0.5841346153846154
5 0.21754807692307693 0.49399038461538464 0.0889423076923077 0.4519230769230769
5 0.14182692307692307 0.4879807692307692 0.08653846153846154 0.4519230769230769
5 0.3125 0.8389423076923077 0.052884615384615384 0.0625
5 0.30528846153846156 0.7512019230769231 0.11778846153846154 0.25961538461538464
5 0.45072115384615385 0.6862980769230769 0.06971153846153846 0.20673076923076922
5 0.39663461538461536 0.6899038461538461 0.0625 0.1875
5 0.5096153846153846 0.7235576923076923 0.07211538461538461 0.0673076923076923
5 0.3112980769230769 0.7331730769230769 0.07211538461538461 0.07451923076923077
5 0.2247596153846154 0.6826923076923077 0.052884615384615384 0.0625
5 0.15625 0.6766826923076923 0.04326923076923077 0.04807692307692308
5 0.5612980769230769 0.6983173076923077 0.052884615384615384 0.08173076923076923
5 0.6646634615384616 0.7271634615384616 0.03365384615384615 0.04807692307692308
5 0.6454326923076923 0.578125 0.07692307692307693 0.3605769230769231
5 0.7091346153846154 0.6802884615384616 0.07692307692307693 0.23076923076923078
5 0.7007211538461539 0.7548076923076923 0.052884615384615384 0.057692307692307696
5 0.7956730769230769 0.6742788461538461 0.0625 0.09375