5 0.6262019230769231 0.12139423076923077 0.5625 0.14903846153846154
5 0.7127403846153846 0.24519230769230768 0.4423076923076923 0.13942307692307693
5 0.7307692307692307 0.38461538461538464 0.46153846153846156 0.14903846153846154
5 0.75 0.5108173076923077 0.4423076923076923 0.14423076923076922
5 0.7704326923076923 0.6322115384615384 0.4567307692307692 0.14182692307692307
5 0.12860576923076922 0.33653846153846156 0.14423076923076922 0.10096153846153846
5 0.1875 0.09134615384615384 0.20673076923076922 0.17307692307692307
5 0.8317307692307693 0.11298076923076923 0.13942307692307693 0.08173076923076923
5 0.8617788461538461 0.25721153846153844 0.14423076923076922 0.07211538461538461
5 0.890625 0.3894230769230769 0.1346153846153846 0.08173076923076923
5 0.90625 0.5108173076923077 0.12980769230769232 0.07692307692307693
5 0.9350961538461539 0.6382211538461539 0.1201923076923077 0.0673076923076923
5 0.41346153846153844 0.2548076923076923 0.5384615384615384 0.17067307692307693
5 0.296875 0.47716346153846156 0.39663461538461536 0.2548076923076923
5 0.15865384615384615 0.5444711538461539 0.12980769230769232 0.1201923076923077
5 0.203125 0.6911057692307693 0.1346153846153846 0.10576923076923077
5 0.25961538461538464 0.8173076923076923 0.125 0.1201923076923077
5 0.3016826923076923 0.9362980769230769 0.11538461538461539 0.1201923076923077
5 0.3317307692307692 0.5853365384615384 0.38461538461538464 0.31971153846153844
5 0.3641826923076923 0.6983173076923077 0.33653846153846156 0.3485576923076923
5 0.4098557692307692 0.8389423076923077 0.3389423076923077 0.3173076923076923