5 0.5072115384615384 0.9122596153846154 0.9086538461538461 0.11778846153846154
5 0.9206730769230769 0.9086538461538461 0.0673076923076923 0.04567307692307692
5 0.9266826923076923 0.7584134615384616 0.0673076923076923 0.04807692307692308
5 0.7644230769230769 0.6069711538461539 0.07211538461538461 0.057692307692307696
5 0.7620192307692307 0.4735576923076923 0.09134615384615384 0.0673076923076923
5 0.7548076923076923 0.35096153846153844 0.09134615384615384 0.07451923076923077
5 0.8810096153846154 0.21634615384615385 0.07932692307692307 0.038461538461538464
5 0.8942307692307693 0.07932692307692307 0.0673076923076923 0.038461538461538464
5 0.43028846153846156 0.6033653846153846 0.7403846153846154 0.11298076923076923
5 0.5072115384615384 0.7596153846153846 0.9086538461538461 0.11778846153846154
5 0.4266826923076923 0.47596153846153844 0.75 0.11538461538461539
5 0.43028846153846156 0.3473557692307692 0.7403846153846154 0.0985576923076923
5 0.49038461538461536 0.21754807692307693 0.8605769230769231 0.10576923076923077
5 0.49038461538461536 0.07451923076923077 0.875 0.11298076923076923