5 0.7355769230769231 0.14783653846153846 0.4951923076923077 0.18269230769230768
5 0.7175480769230769 0.046875 0.3269230769230769 0.08653846153846154
5 0.4675480769230769 0.04326923076923077 0.24519230769230768 0.08173076923076923
5 0.4519230769230769 0.19471153846153846 0.27403846153846156 0.23557692307692307
5 0.26802884615384615 0.1466346153846154 0.18990384615384615 0.1201923076923077
5 0.08653846153846154 0.13822115384615385 0.17307692307692307 0.16826923076923078
5 0.24759615384615385 0.07692307692307693 0.2548076923076923 0.1201923076923077
5 0.14302884615384615 0.2848557692307692 0.25 0.16826923076923078
5 0.06009615384615385 0.3485576923076923 0.1201923076923077 0.21153846153846154
5 0.11899038461538461 0.48197115384615385 0.23798076923076922 0.14903846153846154
5 0.23557692307692307 0.43990384615384615 0.31490384615384615 0.15865384615384615
5 0.43990384615384615 0.5228365384615384 0.2620192307692308 0.23317307692307693
5 0.4375 0.3762019230769231 0.14903846153846154 0.08173076923076923
5 0.5120192307692307 0.39302884615384615 0.04807692307692308 0.052884615384615384
5 0.6454326923076923 0.6538461538461539 0.30288461538461536 0.19951923076923078
5 0.8305288461538461 0.5829326923076923 0.3269230769230769 0.3798076923076923
5 0.9375 0.35697115384615385 0.11298076923076923 0.13942307692307693
5 0.8894230769230769 0.27163461538461536 0.20673076923076922 0.23557692307692307
5 0.8545673076923077 0.8665865384615384 0.28125 0.2620192307692308
5 0.625 0.8377403846153846 0.27403846153846156 0.23557692307692307
5 0.2800480769230769 0.7103365384615384 0.4182692307692308 0.375
5 0.07211538461538461 0.5769230769230769 0.14423076923076922 0.13942307692307693
5 0.054086538461538464 0.6995192307692307 0.10576923076923077 0.15384615384615385
5 0.06009615384615385 0.8100961538461539 0.1201923076923077 0.08653846153846154
5 0.054086538461538464 0.8870192307692307 0.10576923076923077 0.08653846153846154
5 0.10216346153846154 0.9435096153846154 0.20432692307692307 0.10817307692307693
5 0.30408653846153844 0.8701923076923077 0.3798076923076923 0.23317307692307693
5 0.2860576923076923 0.9651442307692307 0.2644230769230769 0.06490384615384616
5 0.5697115384615384 0.9350961538461539 0.3894230769230769 0.125
5 0.49759615384615385 0.5012019230769231 0.9951923076923077 0.9951923076923077