5 0.24639423076923078 0.9194711538461539 0.4807692307692308 0.15384615384615385
5 0.3269230769230769 0.7439903846153846 0.6442307692307693 0.2403846153846154
5 0.23197115384615385 0.5697115384615384 0.4543269230769231 0.25
5 0.32211538461538464 0.3713942307692308 0.6322115384615384 0.22115384615384615
5 0.24639423076923078 0.18389423076923078 0.4807692307692308 0.33653846153846156
5 0.5300480769230769 0.5216346153846154 0.5096153846153846 0.19230769230769232
5 0.5216346153846154 0.8581730769230769 0.5576923076923077 0.21634615384615385
5 0.6947115384615384 0.9338942307692307 0.40384615384615385 0.125
5 0.8689903846153846 0.96875 0.25721153846153844 0.057692307692307696
5 0.8930288461538461 0.8425480769230769 0.2091346153846154 0.14182692307692307
5 0.8149038461538461 0.7427884615384616 0.36538461538461536 0.1346153846153846
5 0.6706730769230769 0.6490384615384616 0.46634615384615385 0.1658653846153846
5 0.6754807692307693 0.3473557692307692 0.4423076923076923 0.19471153846153846
5 0.5540865384615384 0.1935096153846154 0.47115384615384615 0.2548076923076923
5 0.3233173076923077 0.0625 0.6370192307692307 0.1201923076923077
5 0.6947115384615384 0.07091346153846154 0.38461538461538464 0.13701923076923078
5 0.7896634615384616 0.19110576923076922 0.39903846153846156 0.19230769230769232
5 0.8713942307692307 0.3161057692307692 0.25240384615384615 0.1658653846153846
5 0.8197115384615384 0.48197115384615385 0.3557692307692308 0.18509615384615385
5 0.8689903846153846 0.578125 0.25721153846153844 0.16105769230769232
5 0.8846153846153846 0.07692307692307693 0.22596153846153846 0.14903846153846154