5 0.15504807692307693 0.5192307692307693 0.1201923076923077 0.7860576923076923
5 0.15625 0.14783653846153846 0.06009615384615385 0.057692307692307696
5 0.30528846153846156 0.11298076923076923 0.06009615384615385 0.0625
5 0.44591346153846156 0.09134615384615384 0.057692307692307696 0.06971153846153846
5 0.5889423076923077 0.08774038461538461 0.057692307692307696 0.0625
5 0.7247596153846154 0.13581730769230768 0.0625 0.14423076923076922
5 0.8653846153846154 0.3173076923076923 0.0673076923076923 0.057692307692307696
5 0.3016826923076923 0.4963942307692308 0.125 0.8173076923076923
5 0.44591346153846156 0.4807692307692308 0.125 0.8605769230769231
5 0.5889423076923077 0.4807692307692308 0.1201923076923077 0.8485576923076923
5 0.7211538461538461 0.4807692307692308 0.10817307692307693 0.8365384615384616
5 0.8617788461538461 0.5973557692307693 0.12980769230769232 0.6033653846153846