5 0.39663461538461536 0.7788461538461539 0.5721153846153846 0.19230769230769232
5 0.3894230769230769 0.4807692307692308 0.6875 0.21153846153846154
5 0.5709134615384616 0.7007211538461539 0.40384615384615385 0.08653846153846154
5 0.5516826923076923 0.6478365384615384 0.35096153846153844 0.10576923076923077
5 0.46153846153846156 0.5588942307692307 0.5456730769230769 0.10576923076923077
5 0.40865384615384615 0.3137019230769231 0.6634615384615384 0.1875
5 0.3894230769230769 0.21995192307692307 0.5961538461538461 0.09134615384615384
5 0.4254807692307692 0.12379807692307693 0.4855769230769231 0.16826923076923078
5 0.23317307692307693 0.7103365384615384 0.27403846153846156 0.2980769230769231
5 0.6430288461538461 0.7884615384615384 0.09134615384615384 0.06971153846153846
5 0.7367788461538461 0.6947115384615384 0.057692307692307696 0.055288461538461536
5 0.7043269230769231 0.6526442307692307 0.04567307692307692 0.036057692307692304
5 0.6622596153846154 0.5564903846153846 0.09134615384615384 0.052884615384615384
5 0.6911057692307693 0.4987980769230769 0.08413461538461539 0.07692307692307693
5 0.7115384615384616 0.3016826923076923 0.057692307692307696 0.0673076923076923
5 0.6526442307692307 0.21634615384615385 0.07211538461538461 0.055288461538461536
5 0.6490384615384616 0.14903846153846154 0.052884615384615384 0.04326923076923077