5 0.9254807692307693 0.13341346153846154 0.13701923076923078 0.1875
5 0.8870192307692307 0.030048076923076924 0.21394230769230768 0.052884615384615384
5 0.8665865384615384 0.06490384615384616 0.11298076923076923 0.09134615384615384
5 0.7295673076923077 0.16706730769230768 0.17307692307692307 0.19230769230769232
5 0.7764423076923077 0.08052884615384616 0.04326923076923077 0.019230769230769232
5 0.6634615384615384 0.15865384615384615 0.06490384615384616 0.038461538461538464
5 0.6430288461538461 0.13581730769230768 0.07211538461538461 0.04326923076923077
5 0.6899038461538461 0.0673076923076923 0.08173076923076923 0.10576923076923077
5 0.7115384615384616 0.026442307692307692 0.028846153846153848 0.019230769230769232
5 0.42908653846153844 0.15264423076923078 0.16826923076923078 0.0625
5 0.4519230769230769 0.2127403846153846 0.12980769230769232 0.0625
5 0.5685096153846154 0.24879807692307693 0.125 0.05048076923076923
5 0.44591346153846156 0.25721153846153844 0.09615384615384616 0.0673076923076923
5 0.3605769230769231 0.25721153846153844 0.10096153846153846 0.10576923076923077
5 0.4074519230769231 0.28725961538461536 0.0889423076923077 0.04807692307692308
5 0.37259615384615385 0.3473557692307692 0.23076923076923078 0.08173076923076923
5 0.49759615384615385 0.3473557692307692 0.14903846153846154 0.12740384615384615
5 0.5480769230769231 0.29086538461538464 0.036057692307692304 0.03365384615384615
5 0.7415865384615384 0.33774038461538464 0.052884615384615384 0.026442307692307692
5 0.9435096153846154 0.2644230769230769 0.052884615384615384 0.026442307692307692
5 0.9819711538461539 0.27884615384615385 0.02403846153846154 0.02403846153846154
5 0.9735576923076923 0.30288461538461536 0.04326923076923077 0.0625
5 0.8064903846153846 0.38100961538461536 0.31490384615384615 0.25961538461538464
5 0.7740384615384616 0.7043269230769231 0.1778846153846154 0.2644230769230769
5 0.6274038461538461 0.6923076923076923 0.14903846153846154 0.20673076923076922
5 0.6850961538461539 0.59375 0.04807692307692308 0.038461538461538464
5 0.6634615384615384 0.5901442307692307 0.2932692307692308 0.16346153846153846
5 0.9050480769230769 0.8161057692307693 0.04807692307692308 0.026442307692307692
5 0.9375 0.7427884615384616 0.11298076923076923 0.18028846153846154
5 0.8569711538461539 0.8149038461538461 0.04807692307692308 0.02403846153846154
5 0.875 0.7560096153846154 0.09615384615384616 0.13221153846153846
5 0.8485576923076923 0.6995192307692307 0.1971153846153846 0.13942307692307693
5 0.9459134615384616 0.6105769230769231 0.09615384615384616 0.07692307692307693
5 0.8209134615384616 0.9326923076923077 0.1658653846153846 0.12980769230769232
5 0.6959134615384616 0.9086538461538461 0.15625 0.1778846153846154
5 0.625 0.8617788461538461 0.16826923076923078 0.12980769230769232
5 0.5204326923076923 0.765625 0.1971153846153846 0.13942307692307693
5 0.4795673076923077 0.6610576923076923 0.125 0.06971153846153846
5 0.3545673076923077 0.6153846153846154 0.028846153846153848 0.026442307692307692
5 0.3870192307692308 0.6057692307692307 0.08173076923076923 0.04807692307692308
5 0.43149038461538464 0.5228365384615384 0.17307692307692307 0.18269230769230768
5 0.37740384615384615 0.4230769230769231 0.0889423076923077 0.06971153846153846
5 0.4735576923076923 0.4411057692307692 0.0889423076923077 0.04807692307692308
5 0.5 0.453125 0.036057692307692304 0.016826923076923076
5 0.5324519230769231 0.5504807692307693 0.07692307692307693 0.11057692307692307
5 0.39302884615384615 0.7007211538461539 0.1201923076923077 0.09615384615384616
5 0.21394230769230768 0.7151442307692307 0.22596153846153846 0.1875
5 0.3004807692307692 0.6382211538461539 0.06490384615384616 0.038461538461538464
5 0.17548076923076922 0.6658653846153846 0.17307692307692307 0.17548076923076922
5 0.21153846153846154 0.5925480769230769 0.06490384615384616 0.019230769230769232
5 0.11298076923076923 0.6550480769230769 0.1201923076923077 0.23557692307692307
5 0.22596153846153846 0.5432692307692307 0.10576923076923077 0.125
5 0.15144230769230768 0.4411057692307692 0.11298076923076923 0.16826923076923078
5 0.2980769230769231 0.46875 0.12980769230769232 0.17307692307692307
5 0.3605769230769231 0.5925480769230769 0.10096153846153846 0.21394230769230768
5 0.5264423076923077 0.8834134615384616 0.10096153846153846 0.10576923076923077
5 0.43990384615384615 0.859375 0.08173076923076923 0.09375
5 0.38100961538461536 0.7728365384615384 0.1201923076923077 0.06009615384615385
5 0.2920673076923077 0.8557692307692307 0.25 0.0673076923076923
5 0.10096153846153846 0.8245192307692307 0.1778846153846154 0.13701923076923078
5 0.01201923076923077 0.8617788461538461 0.02403846153846154 0.06971153846153846
5 0.030048076923076924 0.7475961538461539 0.06009615384615385 0.09615384615384616
5 0.06490384615384616 0.9074519230769231 0.07211538461538461 0.04326923076923077
5 0.17908653846153846 0.8918269230769231 0.10576923076923077 0.06490384615384616
5 0.19591346153846154 0.9735576923076923 0.10817307692307693 0.04807692307692308
5 0.10817307692307693 0.9615384615384616 0.21634615384615385 0.07211538461538461
5 0.18990384615384615 0.9362980769230769 0.036057692307692304 0.019230769230769232
5 0.07091346153846154 0.9519230769230769 0.08173076923076923 0.03125
5 0.04447115384615385 0.9411057692307693 0.0889423076923077 0.04326923076923077
5 0.2644230769230769 0.9326923076923077 0.10096153846153846 0.09375
5 0.3629807692307692 0.9387019230769231 0.16826923076923078 0.09134615384615384
5 0.39663461538461536 0.9855769230769231 0.11538461538461539 0.02403846153846154
5 0.4375 0.9519230769230769 0.10096153846153846 0.07692307692307693
5 0.5444711538461539 0.9819711538461539 0.17548076923076922 0.03125
5 0.6009615384615384 0.9783653846153846 0.04807692307692308 0.02403846153846154